    2451745.994            2.7            4.3
    2451778.895            3.0            3.7
    2451808.867           10.0            3.6
    2451853.766           -1.3            4.1
    2451856.801           -7.4            4.6
    2451898.637           -0.0            8.0
    2451932.609           14.1            3.9
    2452163.861           -1.6            4.9
    2452175.851            1.1            4.0
    2452307.598           -0.4            4.5
    2452465.989           -2.9            5.3
    2452483.985           16.8            5.0
    2452494.987            3.7            5.0
    2452517.936           -8.2            5.2
     2452528.91            8.8            5.2
     2452530.91           -0.6            4.5
    2452541.904            2.4            4.5
    2452543.883           -2.1            5.0
    2452559.914           -1.2            6.4
    2452561.795           -2.1            8.4
    2452571.791           -0.3            5.0
     2452589.81            6.5            5.7
    2452603.782            7.6            4.9
    2452605.724           11.8            4.8
    2452616.772            3.7            5.9
    2452665.604            4.2            4.2
    2452668.611           -1.5            5.3
    2452837.972            0.2            5.4
    2452861.963           -2.3            4.1
    2452863.985           -2.7            5.2
    2452879.918            4.2            4.2
    2452880.947           12.3            5.0
    2452898.911            7.8            4.7
    2452900.928           -1.9            4.8
    2452932.839            1.3            4.3
    2452934.804            8.6            4.6
    2452963.753            8.5            5.2
    2452965.809           13.0            5.4
     2453022.63           11.8            5.6
     2453208.01           -9.5            3.8
    2453209.978           -3.8            3.7
    2453214.961           15.1            4.2
    2453231.961            2.3            4.0
    2453233.909            0.5            3.9
     2453235.96           -2.1            4.2
    2453265.899            9.7            3.8
    2453268.919           15.2            4.0
     2453269.81           13.4            3.5
    2453286.828            7.0            3.8
    2453324.713           11.7            5.5
    2453354.654            5.6            3.8
    2453400.642           -1.2            7.5
    2453550.983            5.3            4.4
    2453578.964           -0.5            4.6
    2453613.923           14.0            4.2
    2453654.771            6.8            4.1
    2453701.724           -4.4            4.6
    2453740.745            3.8            4.7
    2453911.993           -1.9            3.6
    2453917.013            8.8            3.9
    2453934.974            8.0            3.9
    2453968.925           -2.4            3.2
    2453981.851           -6.1            3.8
    2453985.899            6.7            4.0
    2454055.755           13.0            3.9
    2454297.975           -7.6            4.1
    2454300.974            3.3            4.0
    2454314.939            1.1            3.6
    2454318.981            9.2            4.2
    2454344.859            6.7            4.3
    2454348.917            3.8            4.0
    2454391.887           -5.9            5.4
    2454394.775           -2.5            4.2
    2454418.777           -1.9            4.5
    2454420.763           -6.0            4.2
    2454440.653           10.4            3.4
    2454443.651            8.6            3.6
    2454481.638            8.4            3.9
    2454503.651            0.5            4.3
    2454645.984            2.4            4.5
    2454646.968            6.0            4.2
    2454668.009           -4.7            3.7
    2454681.904           -3.6            3.8
     2454683.97           -5.3            3.8
    2454711.893           -1.2            4.1
    2454713.873            1.5            4.2
    2454715.882           11.0            4.6
    2454716.875           13.2            4.1
    2454753.885            5.3            3.6
     2454755.85           12.9            3.8
    2454777.733           -0.7            4.1
    2454806.796            1.0            5.5
     2454808.77            7.4            4.3
    2454809.763           11.7            6.1
    2455026.973           -2.8            5.7
    2455063.965           12.2            5.0
    2455099.996           11.9            4.9
    2455116.856           17.9            6.8
    2455154.739            6.0            7.6
    2455174.788           -2.7            5.8
    2455364.972            1.4            5.0
    2455419.012           11.4            4.7
    2455446.847           13.3            3.6
    2455446.856           13.3            3.1
    2455463.833            9.8            5.2
    2455466.842           -1.5            4.8
    2455569.653           14.2            4.1
    2455571.713           12.0            4.6
    2455572.671           10.1            4.8
    2455621.621            3.8            4.6
    2455757.974           -1.4            5.0
    2455803.919            5.2            4.3
    2455806.936           13.6            4.3
    2455828.781           -1.2            4.2
    2455831.849           11.0            5.1
    2455861.842            9.3            4.2
    2455864.796           -0.7            4.4
    2455892.745            4.7            4.9
