    2451745.994           23.8            4.3
    2451778.895            9.9            3.7
    2451808.867            0.5            3.6
    2451853.766           -2.3            4.1
    2451856.801           11.2            4.6
    2451898.637            5.5            8.0
    2451932.609           16.9            3.9
    2452163.861           -2.1            4.9
    2452175.851           -9.2            4.0
    2452307.598            3.9            4.5
    2452465.989           21.8            5.3
    2452483.985           16.5            5.0
    2452494.987           13.9            5.0
    2452517.936          -11.9            5.2
     2452528.91            8.3            5.2
     2452530.91           14.3            4.5
    2452541.904           12.5            4.5
    2452543.883            3.2            5.0
    2452559.914           12.9            6.4
    2452561.795           11.2            8.4
    2452571.791            1.4            5.0
     2452589.81          -16.0            5.7
    2452603.782            1.3            4.9
    2452605.724           -2.3            4.8
    2452616.772           -2.1            5.9
    2452665.604           -1.1            4.2
    2452668.611           10.4            5.3
    2452837.972            1.0            5.4
    2452861.963            4.9            4.1
    2452863.985           19.7            5.2
    2452879.918           20.7            4.2
    2452880.947            0.2            5.0
    2452898.911           10.8            4.7
    2452900.928            6.1            4.8
    2452932.839            4.0            4.3
    2452934.804           17.6            4.6
    2452963.753           20.5            5.2
    2452965.809           10.7            5.4
     2453022.63          -12.6            5.6
     2453208.01           16.8            3.8
    2453209.978            4.8            3.7
    2453214.961           -3.0            4.2
    2453231.961           10.5            4.0
    2453233.909            5.1            3.9
     2453235.96            1.6            4.2
    2453265.899           -8.3            3.8
    2453268.919            8.2            4.0
     2453269.81            8.7            3.5
    2453286.828            1.5            3.8
    2453324.713           19.9            5.5
    2453354.654          -14.6            3.8
    2453400.642            4.2            7.5
    2453550.983           -0.1            4.4
    2453578.964           14.3            4.6
    2453613.923           20.5            4.2
    2453654.771           14.2            4.1
    2453701.724           20.0            4.6
    2453740.745           20.5            4.7
    2453911.993           -2.6            3.6
    2453917.013           16.5            3.9
    2453934.974           -2.5            3.9
    2453968.925           -4.8            3.2
    2453981.851            2.9            3.8
    2453985.899          -15.2            4.0
    2454055.755           -2.7            3.9
    2454297.975            9.7            4.1
    2454300.974            7.1            4.0
    2454314.939           25.0            3.6
    2454318.981           11.0            4.2
    2454344.859           -1.4            4.3
    2454348.917          -14.2            4.0
    2454391.887          -10.4            5.4
    2454394.775           12.0            4.2
    2454418.777           -9.9            4.5
    2454420.763           -4.8            4.2
    2454440.653            4.4            3.4
    2454443.651           10.9            3.6
    2454481.638           -3.1            3.9
    2454503.651           16.0            4.3
    2454645.984          -17.6            4.5
    2454646.968           11.6            4.2
    2454668.009           14.4            3.7
    2454681.904            6.9            3.8
     2454683.97           20.4            3.8
    2454711.893            0.5            4.1
    2454713.873            4.5            4.2
    2454715.882          -13.7            4.6
    2454716.875            0.8            4.1
    2454753.885            8.0            3.6
     2454755.85           12.1            3.8
    2454777.733            7.0            4.1
    2454806.796            6.6            5.5
     2454808.77           12.4            4.3
    2454809.763            1.9            6.1
    2455026.973            1.9            5.7
    2455063.965            1.4            5.0
    2455099.996           20.1            4.9
    2455116.856           16.7            6.8
    2455154.739            5.5            7.6
    2455174.788           -6.4            5.8
    2455364.972            5.5            5.0
    2455419.012           -1.5            4.7
    2455446.847            0.1            3.6
    2455446.856           -0.7            3.1
    2455463.833           -5.4            5.2
    2455466.842            1.9            4.8
    2455569.653           25.2            4.1
    2455571.713           16.8            4.6
    2455572.671          -11.5            4.8
    2455621.621           -2.1            4.6
    2455757.974           22.9            5.0
    2455803.919            4.2            4.3
    2455806.936           11.8            4.3
    2455828.781           -9.5            4.2
    2455831.849           24.8            5.1
    2455861.842           -7.2            4.2
    2455864.796           11.0            4.4
    2455892.745            7.2            4.9
