    2451745.994            9.5            4.3
    2451778.895            4.6            3.7
    2451808.867           15.0            3.6
    2451853.766            7.7            4.1
    2451856.801            7.8            4.6
    2451898.637           29.7            8.0
    2451932.609          -14.3            3.9
    2452163.861           -3.2            4.9
    2452175.851           18.7            4.0
    2452307.598           -4.3            4.5
    2452465.989           -2.8            5.3
    2452483.985           -4.3            5.0
    2452494.987          -22.7            5.0
    2452517.936           22.9            5.2
     2452528.91           37.4            5.2
     2452530.91            9.8            4.5
    2452541.904           10.7            4.5
    2452543.883            3.3            5.0
    2452559.914           13.8            6.4
    2452561.795           28.3            8.4
    2452571.791          -20.5            5.0
     2452589.81           25.2            5.7
    2452603.782           -7.2            4.9
    2452605.724           22.5            4.8
    2452616.772            5.3            5.9
    2452665.604           16.4            4.2
    2452668.611            4.7            5.3
    2452837.972            5.5            5.4
    2452861.963            3.8            4.1
    2452863.985            7.5            5.2
    2452879.918            4.9            4.2
    2452880.947            1.0            5.0
    2452898.911          -15.3            4.7
    2452900.928           15.4            4.8
    2452932.839           14.3            4.3
    2452934.804            5.6            4.6
    2452963.753          -17.3            5.2
    2452965.809            3.0            5.4
     2453022.63            3.2            5.6
     2453208.01           -6.9            3.8
    2453209.978           -8.5            3.7
    2453214.961           -4.0            4.2
    2453231.961           -5.0            4.0
    2453233.909           -9.5            3.9
     2453235.96          -10.8            4.2
    2453265.899           12.8            3.8
    2453268.919            3.3            4.0
     2453269.81           15.2            3.5
    2453286.828            5.4            3.8
    2453324.713           18.1            5.5
    2453354.654           11.1            3.8
    2453400.642            7.9            7.5
    2453550.983           -8.5            4.4
    2453578.964          -21.9            4.6
    2453613.923           11.7            4.2
    2453654.771          -16.0            4.1
    2453701.724           32.1            4.6
    2453740.745            7.5            4.7
    2453911.993            5.0            3.6
    2453917.013           13.3            3.9
    2453934.974           -9.2            3.9
    2453968.925            7.7            3.2
    2453981.851           -2.9            3.8
    2453985.899           15.0            4.0
    2454055.755          -11.9            3.9
    2454297.975           -5.8            4.1
    2454300.974           27.5            4.0
    2454314.939          -13.6            3.6
    2454318.981          -10.3            4.2
    2454344.859           23.5            4.3
    2454348.917           15.2            4.0
    2454391.887          -12.6            5.4
    2454394.775            4.2            4.2
    2454418.777           12.3            4.5
    2454420.763            4.4            4.2
    2454440.653            6.3            3.4
    2454443.651           -8.3            3.6
    2454481.638            8.9            3.9
    2454503.651           14.6            4.3
    2454645.984            2.2            4.5
    2454646.968          -10.8            4.2
    2454668.009           14.4            3.7
    2454681.904            4.1            3.8
     2454683.97            1.0            3.8
    2454711.893           -7.6            4.1
    2454713.873           10.7            4.2
    2454715.882            8.9            4.6
    2454716.875           10.2            4.1
    2454753.885           15.2            3.6
     2454755.85           -3.0            3.8
    2454777.733           -6.8            4.1
    2454806.796           -0.6            5.5
     2454808.77            3.7            4.3
    2454809.763           13.6            6.1
    2455026.973           -3.1            5.7
    2455063.965           15.5            5.0
    2455099.996           10.3            4.9
    2455116.856           15.8            6.8
    2455154.739           -1.9            7.6
    2455174.788            8.3            5.8
    2455364.972           28.5            5.0
    2455419.012           -3.2            4.7
    2455446.847          -18.2            3.6
    2455446.856          -19.2            3.1
    2455463.833           -5.6            5.2
    2455466.842          -10.3            4.8
    2455569.653           24.7            4.1
    2455571.713           -1.3            4.6
    2455572.671           -4.0            4.8
    2455621.621            0.0            4.6
    2455757.974            0.8            5.0
    2455803.919           -6.4            4.3
    2455806.936           -5.3            4.3
    2455828.781            5.6            4.2
    2455831.849           -0.7            5.1
    2455861.842           12.6            4.2
    2455864.796           18.5            4.4
    2455892.745           13.8            4.9
