    2451745.994          -18.4            4.3
    2451778.895           20.6            3.7
    2451808.867            9.7            3.6
    2451853.766          -12.8            4.1
    2451856.801           18.6            4.6
    2451898.637            3.7            8.0
    2451932.609            1.1            3.9
    2452163.861           30.8            4.9
    2452175.851           22.4            4.0
    2452307.598          -22.5            4.5
    2452465.989           21.0            5.3
    2452483.985            5.6            5.0
    2452494.987           27.3            5.0
    2452517.936           -1.1            5.2
     2452528.91          -16.0            5.2
     2452530.91           -7.4            4.5
    2452541.904          -10.5            4.5
    2452543.883          -16.0            5.0
    2452559.914            6.1            6.4
    2452561.795           18.7            8.4
    2452571.791          -16.2            5.0
     2452589.81           29.6            5.7
    2452603.782           24.7            4.9
    2452605.724           18.8            4.8
    2452616.772           21.9            5.9
    2452665.604           -6.5            4.2
    2452668.611            7.4            5.3
    2452837.972           12.0            5.4
    2452861.963          -16.4            4.1
    2452863.985           12.1            5.2
    2452879.918           24.6            4.2
    2452880.947           19.3            5.0
    2452898.911           -3.4            4.7
    2452900.928          -15.0            4.8
    2452932.839           20.7            4.3
    2452934.804           26.7            4.6
    2452963.753           26.7            5.2
    2452965.809            7.5            5.4
     2453022.63            2.0            5.6
     2453208.01           -0.5            3.8
    2453209.978            7.1            3.7
    2453214.961           10.3            4.2
    2453231.961          -12.7            4.0
    2453233.909          -18.3            3.9
     2453235.96           -5.9            4.2
    2453265.899           24.7            3.8
    2453268.919            6.3            4.0
     2453269.81           11.0            3.5
    2453286.828           -7.2            3.8
    2453324.713           13.2            5.5
    2453354.654          -13.3            3.8
    2453400.642           11.8            7.5
    2453550.983          -11.9            4.4
    2453578.964          -21.1            4.6
    2453613.923           14.8            4.2
    2453654.771           15.7            4.1
    2453701.724           -6.3            4.6
    2453740.745          -17.7            4.7
    2453911.993          -16.1            3.6
    2453917.013           13.4            3.9
    2453934.974           -8.5            3.9
    2453968.925           13.6            3.2
    2453981.851           15.5            3.8
    2453985.899            8.3            4.0
    2454055.755            9.3            3.9
    2454297.975           -7.2            4.1
    2454300.974           29.7            4.0
    2454314.939           21.8            3.6
    2454318.981           -5.9            4.2
    2454344.859            9.5            4.3
    2454348.917           -5.8            4.0
    2454391.887            3.8            5.4
    2454394.775            0.3            4.2
    2454418.777          -19.4            4.5
    2454420.763            4.6            4.2
    2454440.653           10.2            3.4
    2454443.651           -3.7            3.6
    2454481.638           15.9            3.9
    2454503.651           22.0            4.3
    2454645.984           27.4            4.5
    2454646.968           16.4            4.2
    2454668.009           -7.0            3.7
    2454681.904           -4.5            3.8
     2454683.97            9.8            3.8
    2454711.893            2.1            4.1
    2454713.873            9.5            4.2
    2454715.882           21.6            4.6
    2454716.875           16.8            4.1
    2454753.885           20.2            3.6
     2454755.85           23.7            3.8
    2454777.733           -9.8            4.1
    2454806.796            7.5            5.5
     2454808.77           17.4            4.3
    2454809.763           19.7            6.1
    2455026.973           -6.1            5.7
    2455063.965          -17.5            5.0
    2455099.996           14.3            4.9
    2455116.856            6.2            6.8
    2455154.739           18.2            7.6
    2455174.788           -3.2            5.8
    2455364.972           31.1            5.0
    2455419.012           14.5            4.7
    2455446.847           18.3            3.6
    2455446.856           17.3            3.1
    2455463.833           -9.3            5.2
    2455466.842          -13.2            4.8
    2455569.653           23.1            4.1
    2455571.713            2.1            4.6
    2455572.671           -5.8            4.8
    2455621.621           30.2            4.6
    2455757.974           -5.0            5.0
    2455803.919           14.4            4.3
    2455806.936            3.9            4.3
    2455828.781            4.1            4.2
    2455831.849           27.1            5.1
    2455861.842            5.2            4.2
    2455864.796           -6.4            4.4
    2455892.745           -8.6            4.9
