    2451745.994            5.9            4.3
    2451778.895            5.7            3.7
    2451808.867            4.1            3.6
    2451853.766            2.0            4.1
    2451856.801            2.7            4.6
    2451898.637            8.3            8.0
    2451932.609            5.3            3.9
    2452163.861            4.1            4.9
    2452175.851            2.4            4.0
    2452307.598            5.1            4.5
    2452465.989            5.9            5.3
    2452483.985            5.0            5.0
    2452494.987            4.0            5.0
    2452517.936            3.2            5.2
     2452528.91            3.2            5.2
     2452530.91            2.9            4.5
    2452541.904            3.8            4.5
    2452543.883            4.3            5.0
    2452559.914            6.5            6.4
    2452561.795            8.1            8.4
    2452571.791            6.1            5.0
     2452589.81            7.0            5.7
    2452603.782            6.5            4.9
    2452605.724            6.1            4.8
    2452616.772            7.3            5.9
    2452665.604            2.7            4.2
    2452668.611            3.5            5.3
    2452837.972            3.5            5.4
    2452861.963            2.9            4.1
    2452863.985            3.9            5.2
    2452879.918            3.2            4.2
    2452880.947            4.5            5.0
    2452898.911            5.4            4.7
    2452900.928            5.3            4.8
    2452932.839            5.6            4.3
    2452934.804            6.1            4.6
    2452963.753            6.3            5.2
    2452965.809            6.0            5.4
     2453022.63            4.0            5.6
     2453208.01            3.0            3.8
    2453209.978            3.1            3.7
    2453214.961            3.8            4.2
    2453231.961            3.9            4.0
    2453233.909            4.3            3.9
     2453235.96            5.0            4.2
    2453265.899            6.0            3.8
    2453268.919            5.4            4.0
     2453269.81            5.3            3.5
    2453286.828            5.5            3.8
    2453324.713            4.1            5.5
    2453354.654            1.8            3.8
    2453400.642            8.3            7.5
    2453550.983            4.3            4.4
    2453578.964            6.2            4.6
    2453613.923            6.2            4.2
    2453654.771            3.2            4.1
    2453701.724            3.6            4.6
    2453740.745            5.6            4.7
    2453911.993            4.3            3.6
    2453917.013            5.2            3.9
    2453934.974            5.2            3.9
    2453968.925            4.0            3.2
    2453981.851            3.2            3.8
    2453985.899            3.0            4.0
    2454055.755            3.2            3.9
    2454297.975            5.3            4.1
    2454300.974            4.6            4.0
    2454314.939            3.2            3.6
    2454318.981            4.0            4.2
    2454344.859            2.9            4.3
    2454348.917            2.6            4.0
    2454391.887            4.9            5.4
    2454394.775            4.1            4.2
    2454418.777            6.4            4.5
    2454420.763            6.0            4.2
    2454440.653            4.7            3.4
    2454443.651            5.2            3.6
    2454481.638            3.9            3.9
    2454503.651            2.4            4.3
    2454645.984            4.7            4.5
    2454646.968            3.6            4.2
    2454668.009            1.8            3.7
    2454681.904            1.6            3.8
     2454683.97            1.9            3.8
    2454711.893            2.9            4.1
    2454713.873            3.6            4.2
    2454715.882            4.4            4.6
    2454716.875            3.0            4.1
    2454753.885            4.7            3.6
     2454755.85            5.3            3.8
    2454777.733            5.7            4.1
    2454806.796            5.6            5.5
     2454808.77            4.7            4.3
    2454809.763            5.6            6.1
    2455026.973            4.3            5.7
    2455063.965            5.7            5.0
    2455099.996            6.4            4.9
    2455116.856            8.6            6.8
    2455154.739            6.9            7.6
    2455174.788            4.5            5.8
    2455364.972            3.7            5.0
    2455419.012            6.5            4.7
    2455446.847            5.5            3.6
    2455446.856            5.0            3.1
    2455463.833            5.5            5.2
    2455466.842            5.4            4.8
    2455569.653            5.2            4.1
    2455571.713            5.9            4.6
    2455572.671            5.4            4.8
    2455621.621            5.4            4.6
    2455757.974            6.7            5.0
    2455803.919            5.1            4.3
    2455806.936            4.2            4.3
    2455828.781            3.0            4.2
    2455831.849            4.1            5.1
    2455861.842            3.1            4.2
    2455864.796            2.8            4.4
    2455892.745            4.7            4.9
