    2451745.994            4.7            4.3
    2451778.895           -1.2            3.7
    2451808.867           -2.1            3.6
    2451853.766            7.4            4.1
    2451856.801            9.9            4.6
    2451898.637            9.9            8.0
    2451932.609           -2.1            3.9
    2452163.861            7.2            4.9
    2452175.851            5.3            4.0
    2452307.598            4.8            4.5
    2452465.989            3.5            5.3
    2452483.985            8.4            5.0
    2452494.987            9.6            5.0
    2452517.936            7.1            5.2
     2452528.91            5.4            5.2
     2452530.91            3.1            4.5
    2452541.904            2.7            4.5
    2452543.883            6.9            5.0
    2452559.914            3.0            6.4
    2452561.795            3.6            8.4
    2452571.791           -0.8            5.0
     2452589.81            3.0            5.7
    2452603.782            0.9            4.9
    2452605.724            4.8            4.8
    2452616.772            8.6            5.9
    2452665.604            3.3            4.2
    2452668.611            9.7            5.3
    2452837.972            0.8            5.4
    2452861.963            1.0            4.1
    2452863.985            6.3            5.2
    2452879.918            1.5            4.2
    2452880.947            2.1            5.0
    2452898.911            6.6            4.7
    2452900.928            3.7            4.8
    2452932.839            2.1            4.3
    2452934.804            5.5            4.6
    2452963.753           -0.4            5.2
    2452965.809            3.3            5.4
     2453022.63            6.7            5.6
     2453208.01            2.5            3.8
    2453209.978           -0.7            3.7
    2453214.961            6.1            4.2
    2453231.961           -1.4            4.0
    2453233.909            2.3            3.9
     2453235.96            5.2            4.2
    2453265.899            6.5            3.8
    2453268.919            5.4            4.0
     2453269.81            3.1            3.5
    2453286.828            9.1            3.8
    2453324.713            3.7            5.5
    2453354.654           -2.0            3.8
    2453400.642           11.4            7.5
    2453550.983            3.5            4.4
    2453578.964            5.3            4.6
    2453613.923            0.7            4.2
    2453654.771            1.6            4.1
    2453701.724            7.7            4.6
    2453740.745            6.4            4.7
    2453911.993            0.2            3.6
    2453917.013            6.2            3.9
    2453934.974            7.9            3.9
    2453968.925            7.0            3.2
    2453981.851            1.2            3.8
    2453985.899            5.0            4.0
    2454055.755            1.5            3.9
    2454297.975            5.4            4.1
    2454300.974            0.0            4.0
    2454314.939            4.0            3.6
    2454318.981            7.4            4.2
    2454344.859            4.8            4.3
    2454348.917            9.9            4.0
    2454391.887            4.3            5.4
    2454394.775           -1.4            4.2
    2454418.777            3.9            4.5
    2454420.763            5.5            4.2
    2454440.653            6.7            3.4
    2454443.651            4.0            3.6
    2454481.638            9.6            3.9
    2454503.651            7.9            4.3
    2454645.984            6.1            4.5
    2454646.968            6.6            4.2
    2454668.009            4.6            3.7
    2454681.904           -0.9            3.8
     2454683.97           -1.4            3.8
    2454711.893            4.4            4.1
    2454713.873            2.0            4.2
    2454715.882            4.5            4.6
    2454716.875            6.2            4.1
    2454753.885            2.9            3.6
     2454755.85            1.8            3.8
    2454777.733            1.3            4.1
    2454806.796           -0.5            5.5
     2454808.77            0.7            4.3
    2454809.763            4.6            6.1
    2455026.973            8.4            5.7
    2455063.965           -1.1            5.0
    2455099.996            9.2            4.9
    2455116.856            6.3            6.8
    2455154.739            7.4            7.6
    2455174.788            4.5            5.8
    2455364.972            5.0            5.0
    2455419.012            8.1            4.7
    2455446.847           -1.1            3.6
    2455446.856           -1.6            3.1
    2455463.833            2.1            5.2
    2455466.842           -0.3            4.8
    2455569.653           -1.3            4.1
    2455571.713            2.7            4.6
    2455572.671            4.7            4.8
    2455621.621            2.6            4.6
    2455757.974            8.5            5.0
    2455803.919            3.9            4.3
    2455806.936            2.0            4.3
    2455828.781            1.6            4.2
    2455831.849            6.5            5.1
    2455861.842            5.8            4.2
    2455864.796            3.7            4.4
    2455892.745           10.0            4.9
