    2451745.994            7.8            4.3
    2451778.895           -8.2            3.7
    2451808.867           15.2            3.6
    2451853.766            9.4            4.1
    2451856.801           10.8            4.6
    2451898.637           -7.5            8.0
    2451932.609           -7.4            3.9
    2452163.861           11.1            4.9
    2452175.851            0.4            4.0
    2452307.598          -11.8            4.5
    2452465.989           16.4            5.3
    2452483.985           12.4            5.0
    2452494.987            9.9            5.0
    2452517.936           19.8            5.2
     2452528.91            6.9            5.2
     2452530.91           -0.1            4.5
    2452541.904          -10.7            4.5
    2452543.883           13.2            5.0
    2452559.914            7.1            6.4
    2452561.795           -4.2            8.4
    2452571.791           16.0            5.0
     2452589.81            6.7            5.7
    2452603.782           12.7            4.9
    2452605.724           10.0            4.8
    2452616.772           -3.7            5.9
    2452665.604            6.0            4.2
    2452668.611           -0.2            5.3
    2452837.972           11.2            5.4
    2452861.963           -2.3            4.1
    2452863.985            7.6            5.2
    2452879.918            3.5            4.2
    2452880.947           19.7            5.0
    2452898.911            6.2            4.7
    2452900.928           19.6            4.8
    2452932.839           16.3            4.3
    2452934.804           12.6            4.6
    2452963.753            8.9            5.2
    2452965.809            1.3            5.4
     2453022.63           -2.3            5.6
     2453208.01            4.7            3.8
    2453209.978           13.8            3.7
    2453214.961            8.7            4.2
    2453231.961           -3.7            4.0
    2453233.909           -0.8            3.9
     2453235.96           17.3            4.2
    2453265.899          -10.4            3.8
    2453268.919            2.2            4.0
     2453269.81           14.7            3.5
    2453286.828            9.7            3.8
    2453324.713            8.9            5.5
    2453354.654           -2.0            3.8
    2453400.642            0.9            7.5
    2453550.983           10.8            4.4
    2453578.964           13.9            4.6
    2453613.923           -0.6            4.2
    2453654.771          -11.3            4.1
    2453701.724           10.0            4.6
    2453740.745           -9.6            4.7
    2453911.993            0.5            3.6
    2453917.013            3.5            3.9
    2453934.974           -9.1            3.9
    2453968.925           -8.6            3.2
    2453981.851            4.8            3.8
    2453985.899            6.2            4.0
    2454055.755           -1.5            3.9
    2454297.975          -10.3            4.1
    2454300.974           -1.0            4.0
    2454314.939            3.2            3.6
    2454318.981            6.4            4.2
    2454344.859            4.9            4.3
    2454348.917            7.6            4.0
    2454391.887           -1.3            5.4
    2454394.775            7.7            4.2
    2454418.777           -5.8            4.5
    2454420.763            1.9            4.2
    2454440.653            4.5            3.4
    2454443.651           -6.5            3.6
    2454481.638            3.1            3.9
    2454503.651           -3.6            4.3
    2454645.984            6.3            4.5
    2454646.968           -7.1            4.2
    2454668.009           11.3            3.7
    2454681.904            2.9            3.8
     2454683.97           -3.3            3.8
    2454711.893            3.7            4.1
    2454713.873            5.2            4.2
    2454715.882            0.2            4.6
    2454716.875           14.7            4.1
    2454753.885            5.9            3.6
     2454755.85            1.6            3.8
    2454777.733            9.5            4.1
    2454806.796           -6.0            5.5
     2454808.77           16.3            4.3
    2454809.763            5.5            6.1
    2455026.973           -2.7            5.7
    2455063.965            8.6            5.0
    2455099.996            7.7            4.9
    2455116.856            9.6            6.8
    2455154.739            9.5            7.6
    2455174.788            9.7            5.8
    2455364.972           -1.5            5.0
    2455419.012            0.9            4.7
    2455446.847           13.9            3.6
    2455446.856           13.2            3.1
    2455463.833           10.3            5.2
    2455466.842           18.0            4.8
    2455569.653            6.8            4.1
    2455571.713            5.1            4.6
    2455572.671           14.8            4.8
    2455621.621            7.1            4.6
    2455757.974            8.5            5.0
    2455803.919            8.5            4.3
    2455806.936           15.4            4.3
    2455828.781            3.8            4.2
    2455831.849           -2.4            5.1
    2455861.842            9.7            4.2
    2455864.796           -3.0            4.4
    2455892.745            8.5            4.9
