    2451745.994            0.9            4.3
    2451778.895           -2.8            3.7
    2451808.867            2.7            3.6
    2451853.766            1.3            4.1
    2451856.801            5.5            4.6
    2451898.637           -5.4            8.0
    2451932.609           15.6            3.9
    2452163.861           -2.0            4.9
    2452175.851            6.7            4.0
    2452307.598           -7.1            4.5
    2452465.989           19.5            5.3
    2452483.985           -5.6            5.0
    2452494.987            2.4            5.0
    2452517.936            4.8            5.2
     2452528.91           -0.7            5.2
     2452530.91            9.3            4.5
    2452541.904           -3.5            4.5
    2452543.883           12.2            5.0
    2452559.914           11.9            6.4
    2452561.795            2.9            8.4
    2452571.791           -9.1            5.0
     2452589.81           11.2            5.7
    2452603.782           -6.6            4.9
    2452605.724            7.5            4.8
    2452616.772           -3.5            5.9
    2452665.604           -1.3            4.2
    2452668.611           10.8            5.3
    2452837.972            4.1            5.4
    2452861.963           13.0            4.1
    2452863.985           22.0            5.2
    2452879.918            9.4            4.2
    2452880.947           -2.2            5.0
    2452898.911           10.1            4.7
    2452900.928            2.3            4.8
    2452932.839            6.8            4.3
    2452934.804           -0.9            4.6
    2452963.753           -3.6            5.2
    2452965.809           13.3            5.4
     2453022.63           -8.7            5.6
     2453208.01            6.7            3.8
    2453209.978           -5.4            3.7
    2453214.961           -7.6            4.2
    2453231.961            3.6            4.0
    2453233.909           -9.6            3.9
     2453235.96           -1.5            4.2
    2453265.899           -4.3            3.8
    2453268.919           -3.6            4.0
     2453269.81           15.6            3.5
    2453286.828           -6.4            3.8
    2453324.713            1.4            5.5
    2453354.654            0.5            3.8
    2453400.642           19.1            7.5
    2453550.983            2.2            4.4
    2453578.964            5.5            4.6
    2453613.923            6.3            4.2
    2453654.771           14.6            4.1
    2453701.724           -0.0            4.6
    2453740.745            2.0            4.7
    2453911.993           -9.9            3.6
    2453917.013            2.3            3.9
    2453934.974           18.9            3.9
    2453968.925            3.7            3.2
    2453981.851           -4.7            3.8
    2453985.899           13.9            4.0
    2454055.755            1.7            3.9
    2454297.975            9.3            4.1
    2454300.974            3.9            4.0
    2454314.939           -2.0            3.6
    2454318.981           12.7            4.2
    2454344.859           -2.3            4.3
    2454348.917           11.7            4.0
    2454391.887           11.0            5.4
    2454394.775            7.6            4.2
    2454418.777            3.7            4.5
    2454420.763           11.9            4.2
    2454440.653          -10.7            3.4
    2454443.651          -10.5            3.6
    2454481.638            7.4            3.9
    2454503.651            8.3            4.3
    2454645.984           -5.7            4.5
    2454646.968           -0.5            4.2
    2454668.009           -2.3            3.7
    2454681.904           10.6            3.8
     2454683.97           -3.5            3.8
    2454711.893           13.9            4.1
    2454713.873            8.6            4.2
    2454715.882           -5.0            4.6
    2454716.875           13.5            4.1
    2454753.885            5.2            3.6
     2454755.85           -8.2            3.8
    2454777.733           -1.4            4.1
    2454806.796            2.2            5.5
     2454808.77            1.7            4.3
    2454809.763            4.0            6.1
    2455026.973           10.6            5.7
    2455063.965           18.4            5.0
    2455099.996           -8.5            4.9
    2455116.856            2.4            6.8
    2455154.739           17.2            7.6
    2455174.788           -5.5            5.8
    2455364.972           -7.2            5.0
    2455419.012           15.8            4.7
    2455446.847           -3.1            3.6
    2455446.856           -3.8            3.1
    2455463.833            2.6            5.2
    2455466.842           11.7            4.8
    2455569.653           -4.4            4.1
    2455571.713           12.3            4.6
    2455572.671           -7.1            4.8
    2455621.621            6.1            4.6
    2455757.974           10.5            5.0
    2455803.919           17.8            4.3
    2455806.936           15.7            4.3
    2455828.781           -4.1            4.2
    2455831.849          -12.1            5.1
    2455861.842            5.9            4.2
    2455864.796           13.1            4.4
    2455892.745           -2.7            4.9
