    2451745.994           -3.3            4.3
    2451778.895           -0.4            3.7
    2451808.867            1.8            3.6
    2451853.766           11.3            4.1
    2451856.801            0.7            4.6
    2451898.637           -3.1            8.0
    2451932.609            6.4            3.9
    2452163.861           -0.3            4.9
    2452175.851           -7.9            4.0
    2452307.598           -0.5            4.5
    2452465.989            9.7            5.3
    2452483.985            3.5            5.0
    2452494.987            4.9            5.0
    2452517.936           10.3            5.2
     2452528.91           14.3            5.2
     2452530.91            7.2            4.5
    2452541.904            5.3            4.5
    2452543.883            0.1            5.0
    2452559.914           11.9            6.4
    2452561.795            5.7            8.4
    2452571.791            2.7            5.0
     2452589.81           16.7            5.7
    2452603.782            2.3            4.9
    2452605.724           -1.3            4.8
    2452616.772           -2.4            5.9
    2452665.604           -2.2            4.2
    2452668.611            1.4            5.3
    2452837.972            4.0            5.4
    2452861.963           -2.9            4.1
    2452863.985            8.1            5.2
    2452879.918            2.8            4.2
    2452880.947            0.2            5.0
    2452898.911            4.0            4.7
    2452900.928           -5.5            4.8
    2452932.839           -0.3            4.3
    2452934.804            6.1            4.6
    2452963.753           -6.2            5.2
    2452965.809            2.2            5.4
     2453022.63            0.5            5.6
     2453208.01           -0.0            3.8
    2453209.978            1.0            3.7
    2453214.961           14.4            4.2
    2453231.961            2.0            4.0
    2453233.909            8.8            3.9
     2453235.96            5.6            4.2
    2453265.899           14.8            3.8
    2453268.919            1.8            4.0
     2453269.81           -1.0            3.5
    2453286.828            7.6            3.8
    2453324.713           13.0            5.5
    2453354.654            0.6            3.8
    2453400.642            4.8            7.5
    2453550.983           15.5            4.4
    2453578.964           -2.2            4.6
    2453613.923           12.1            4.2
    2453654.771           14.5            4.1
    2453701.724            1.6            4.6
    2453740.745           -7.3            4.7
    2453911.993            0.8            3.6
    2453917.013            0.0            3.9
    2453934.974           -0.9            3.9
    2453968.925            2.3            3.2
    2453981.851           12.4            3.8
    2453985.899           -1.7            4.0
    2454055.755            4.8            3.9
    2454297.975            8.8            4.1
    2454300.974           -0.1            4.0
    2454314.939           -2.5            3.6
    2454318.981           14.0            4.2
    2454344.859           -4.4            4.3
    2454348.917            9.6            4.0
    2454391.887           13.2            5.4
    2454394.775           -1.6            4.2
    2454418.777            2.8            4.5
    2454420.763           10.0            4.2
    2454440.653           14.2            3.4
    2454443.651            9.5            3.6
    2454481.638           10.7            3.9
    2454503.651           14.5            4.3
    2454645.984           11.0            4.5
    2454646.968           10.1            4.2
    2454668.009           12.6            3.7
    2454681.904           -6.0            3.8
     2454683.97           -1.1            3.8
    2454711.893           -1.2            4.1
    2454713.873            0.9            4.2
    2454715.882           11.2            4.6
    2454716.875           14.6            4.1
    2454753.885           -7.6            3.6
     2454755.85           -0.1            3.8
    2454777.733           13.1            4.1
    2454806.796           -0.5            5.5
     2454808.77            7.7            4.3
    2454809.763           11.5            6.1
    2455026.973            3.3            5.7
    2455063.965           11.7            5.0
    2455099.996            0.4            4.9
    2455116.856           18.2            6.8
    2455154.739            6.3            7.6
    2455174.788            4.5            5.8
    2455364.972            0.6            5.0
    2455419.012           -7.0            4.7
    2455446.847            6.3            3.6
    2455446.856            5.8            3.1
    2455463.833           11.5            5.2
    2455466.842            3.9            4.8
    2455569.653            4.1            4.1
    2455571.713           -3.3            4.6
    2455572.671           -2.8            4.8
    2455621.621            2.1            4.6
    2455757.974           -1.8            5.0
    2455803.919            5.4            4.3
    2455806.936           -7.3            4.3
    2455828.781           -0.6            4.2
    2455831.849           14.8            5.1
    2455861.842            5.2            4.2
    2455864.796            6.7            4.4
    2455892.745           13.7            4.9
