    2451745.994            0.3            4.3
    2451778.895           15.4            3.7
    2451808.867            8.0            3.6
    2451853.766            0.3            4.1
    2451856.801            4.3            4.6
    2451898.637            9.4            8.0
    2451932.609            8.6            3.9
    2452163.861            4.5            4.9
    2452175.851            3.2            4.0
    2452307.598           -7.1            4.5
    2452465.989            9.2            5.3
    2452483.985            3.9            5.0
    2452494.987            6.8            5.0
    2452517.936            5.2            5.2
     2452528.91            0.4            5.2
     2452530.91            5.6            4.5
    2452541.904            3.8            4.5
    2452543.883           -1.1            5.0
    2452559.914           12.1            6.4
    2452561.795           11.1            8.4
    2452571.791            2.5            5.0
     2452589.81            9.5            5.7
    2452603.782            2.4            4.9
    2452605.724            7.0            4.8
    2452616.772           10.4            5.9
    2452665.604            3.0            4.2
    2452668.611            6.3            5.3
    2452837.972           11.4            5.4
    2452861.963            0.6            4.1
    2452863.985            5.0            5.2
    2452879.918            7.7            4.2
    2452880.947            7.3            5.0
    2452898.911            1.0            4.7
    2452900.928           -8.1            4.8
    2452932.839            8.7            4.3
    2452934.804            7.4            4.6
    2452963.753           12.1            5.2
    2452965.809            6.5            5.4
     2453022.63            2.4            5.6
     2453208.01            0.4            3.8
    2453209.978            0.1            3.7
    2453214.961            8.6            4.2
    2453231.961           -3.6            4.0
    2453233.909            4.6            3.9
     2453235.96            6.5            4.2
    2453265.899           11.0            3.8
    2453268.919            7.2            4.0
     2453269.81            6.4            3.5
    2453286.828            2.8            3.8
    2453324.713            5.5            5.5
    2453354.654           -0.8            3.8
    2453400.642           11.0            7.5
    2453550.983            1.0            4.4
    2453578.964           -0.0            4.6
    2453613.923            7.5            4.2
    2453654.771           12.4            4.1
    2453701.724           -2.5            4.6
    2453740.745            2.9            4.7
    2453911.993           -1.9            3.6
    2453917.013            4.7            3.9
    2453934.974           -3.0            3.9
    2453968.925            3.6            3.2
    2453981.851            8.5            3.8
    2453985.899           12.3            4.0
    2454055.755            2.3            3.9
    2454297.975            5.7            4.1
    2454300.974           13.4            4.0
    2454314.939            8.2            3.6
    2454318.981            1.2            4.2
    2454344.859            5.9            4.3
    2454348.917           -6.4            4.0
    2454391.887            2.7            5.4
    2454394.775            5.0            4.2
    2454418.777            3.2            4.5
    2454420.763            3.8            4.2
    2454440.653           12.6            3.4
    2454443.651            4.4            3.6
    2454481.638            4.8            3.9
    2454503.651            4.2            4.3
    2454645.984            4.1            4.5
    2454646.968            8.6            4.2
    2454668.009           -7.8            3.7
    2454681.904           -1.6            3.8
     2454683.97            1.3            3.8
    2454711.893            9.1            4.1
    2454713.873            9.7            4.2
    2454715.882           12.1            4.6
    2454716.875            5.7            4.1
    2454753.885           12.5            3.6
     2454755.85           13.5            3.8
    2454777.733           -5.1            4.1
    2454806.796            5.1            5.5
     2454808.77            8.3            4.3
    2454809.763            8.8            6.1
    2455026.973            5.3            5.7
    2455063.965            1.7            5.0
    2455099.996            4.0            4.9
    2455116.856            6.6            6.8
    2455154.739           18.6            7.6
    2455174.788            3.3            5.8
    2455364.972            9.2            5.0
    2455419.012            9.1            4.7
    2455446.847            5.4            3.6
    2455446.856            4.8            3.1
    2455463.833            6.5            5.2
    2455466.842            2.0            4.8
    2455569.653            3.8            4.1
    2455571.713           -0.2            4.6
    2455572.671            1.9            4.8
    2455621.621           15.5            4.6
    2455757.974            2.0            5.0
    2455803.919            7.7            4.3
    2455806.936            2.0            4.3
    2455828.781            4.6            4.2
    2455831.849           13.9            5.1
    2455861.842            3.9            4.2
    2455864.796           -3.8            4.4
    2455892.745            2.6            4.9
