    2451745.994           15.2            4.3
    2451778.895            4.5            3.7
    2451808.867            1.6            3.6
    2451853.766           -1.1            4.1
    2451856.801           17.5            4.6
    2451898.637            0.8            8.0
    2451932.609            3.3            3.9
    2452163.861            4.0            4.9
    2452175.851            7.4            4.0
    2452307.598           -2.3            4.5
    2452465.989            1.4            5.3
    2452483.985           -4.8            5.0
    2452494.987           11.6            5.0
    2452517.936            4.3            5.2
     2452528.91           -8.6            5.2
     2452530.91           -0.6            4.5
    2452541.904           -6.2            4.5
    2452543.883            2.5            5.0
    2452559.914           12.7            6.4
    2452561.795            6.2            8.4
    2452571.791            7.7            5.0
     2452589.81            5.3            5.7
    2452603.782           15.7            4.9
    2452605.724           11.7            4.8
    2452616.772           17.0            5.9
    2452665.604            4.6            4.2
    2452668.611           15.7            5.3
    2452837.972           21.0            5.4
    2452861.963           -1.5            4.1
    2452863.985           13.1            5.2
    2452879.918           -1.9            4.2
    2452880.947           -0.8            5.0
    2452898.911            3.2            4.7
    2452900.928            1.0            4.8
    2452932.839          -10.3            4.3
    2452934.804            5.3            4.6
    2452963.753            6.3            5.2
    2452965.809            6.5            5.4
     2453022.63            7.3            5.6
     2453208.01            8.4            3.8
    2453209.978            6.5            3.7
    2453214.961            9.2            4.2
    2453231.961           -4.6            4.0
    2453233.909            7.6            3.9
     2453235.96            7.4            4.2
    2453265.899            3.0            3.8
    2453268.919            2.1            4.0
     2453269.81           -4.0            3.5
    2453286.828            9.9            3.8
    2453324.713            8.1            5.5
    2453354.654            3.4            3.8
    2453400.642            2.3            7.5
    2453550.983           -3.2            4.4
    2453578.964           10.7            4.6
    2453613.923           -1.0            4.2
    2453654.771            0.5            4.1
    2453701.724           16.4            4.6
    2453740.745            5.3            4.7
    2453911.993           -0.7            3.6
    2453917.013           12.8            3.9
    2453934.974           11.2            3.9
    2453968.925            3.2            3.2
    2453981.851            8.9            3.8
    2453985.899           -2.0            4.0
    2454055.755            0.7            3.9
    2454297.975           -3.3            4.1
    2454300.974            7.0            4.0
    2454314.939           -0.4            3.6
    2454318.981            5.9            4.2
    2454344.859            7.1            4.3
    2454348.917            1.6            4.0
    2454391.887           17.0            5.4
    2454394.775            3.3            4.2
    2454418.777            3.2            4.5
    2454420.763           -5.9            4.2
    2454440.653           -2.8            3.4
    2454443.651           10.0            3.6
    2454481.638            8.2            3.9
    2454503.651            5.8            4.3
    2454645.984            5.6            4.5
    2454646.968           -1.8            4.2
    2454668.009           -0.4            3.7
    2454681.904            7.9            3.8
     2454683.97           19.7            3.8
    2454711.893            2.3            4.1
    2454713.873           -5.6            4.2
    2454715.882            4.2            4.6
    2454716.875            4.5            4.1
    2454753.885            5.8            3.6
     2454755.85           13.7            3.8
    2454777.733           -9.2            4.1
    2454806.796           11.4            5.5
     2454808.77           10.9            4.3
    2454809.763            6.8            6.1
    2455026.973           13.1            5.7
    2455063.965           -8.6            5.0
    2455099.996           15.7            4.9
    2455116.856           -3.1            6.8
    2455154.739            3.2            7.6
    2455174.788           -3.2            5.8
    2455364.972            5.6            5.0
    2455419.012           16.0            4.7
    2455446.847            3.3            3.6
    2455446.856            2.7            3.1
    2455463.833            8.7            5.2
    2455466.842           -9.1            4.8
    2455569.653           -0.2            4.1
    2455571.713           -7.3            4.6
    2455572.671           -1.4            4.8
    2455621.621            7.9            4.6
    2455757.974            2.6            5.0
    2455803.919           -0.8            4.3
    2455806.936            2.2            4.3
    2455828.781            9.2            4.2
    2455831.849           -0.2            5.1
    2455861.842            2.4            4.2
    2455864.796           -2.8            4.4
    2455892.745           19.3            4.9
