    2451745.994           -0.9            4.3
    2451778.895            2.4            3.7
    2451808.867            2.2            3.6
    2451853.766           11.9            4.1
    2451856.801            5.5            4.6
    2451898.637           16.2            8.0
    2451932.609           -1.5            3.9
    2452163.861            9.7            4.9
    2452175.851           -3.0            4.0
    2452307.598            9.9            4.5
    2452465.989            5.7            5.3
    2452483.985            6.6            5.0
    2452494.987           -2.6            5.0
    2452517.936            1.4            5.2
     2452528.91           -2.3            5.2
     2452530.91           10.5            4.5
    2452541.904            9.9            4.5
    2452543.883           -4.6            5.0
    2452559.914           -0.0            6.4
    2452561.795           18.0            8.4
    2452571.791            6.1            5.0
     2452589.81           -1.3            5.7
    2452603.782           -2.7            4.9
    2452605.724           13.3            4.8
    2452616.772            9.4            5.9
    2452665.604            2.7            4.2
    2452668.611            4.3            5.3
    2452837.972           -2.0            5.4
    2452861.963           -3.8            4.1
    2452863.985           -2.5            5.2
    2452879.918            7.7            4.2
    2452880.947            6.2            5.0
    2452898.911            0.2            4.7
    2452900.928           13.3            4.8
    2452932.839            0.7            4.3
    2452934.804            7.7            4.6
    2452963.753            7.8            5.2
    2452965.809           11.3            5.4
     2453022.63            0.2            5.6
     2453208.01           -1.0            3.8
    2453209.978            5.1            3.7
    2453214.961            1.3            4.2
    2453231.961           -4.4            4.0
    2453233.909            7.1            3.9
     2453235.96           -6.7            4.2
    2453265.899            3.9            3.8
    2453268.919            6.3            4.0
     2453269.81           11.2            3.5
    2453286.828           -1.2            3.8
    2453324.713            2.5            5.5
    2453354.654           13.9            3.8
    2453400.642            1.7            7.5
    2453550.983            3.6            4.4
    2453578.964            7.6            4.6
    2453613.923            7.2            4.2
    2453654.771           -7.3            4.1
    2453701.724           10.6            4.6
    2453740.745            8.1            4.7
    2453911.993            6.5            3.6
    2453917.013            0.5            3.9
    2453934.974            9.1            3.9
    2453968.925           -6.7            3.2
    2453981.851           13.1            3.8
    2453985.899           17.2            4.0
    2454055.755           12.3            3.9
    2454297.975           -3.6            4.1
    2454300.974           -5.5            4.0
    2454314.939            7.2            3.6
    2454318.981           14.5            4.2
    2454344.859            7.7            4.3
    2454348.917           17.3            4.0
    2454391.887           -2.8            5.4
    2454394.775            9.1            4.2
    2454418.777           14.5            4.5
    2454420.763           -1.3            4.2
    2454440.653            5.0            3.4
    2454443.651            2.4            3.6
    2454481.638           -4.4            3.9
    2454503.651           15.7            4.3
    2454645.984           -0.4            4.5
    2454646.968           -3.8            4.2
    2454668.009            6.7            3.7
    2454681.904            3.2            3.8
     2454683.97           11.3            3.8
    2454711.893            7.5            4.1
    2454713.873            9.2            4.2
    2454715.882           -3.8            4.6
    2454716.875            2.5            4.1
    2454753.885           11.2            3.6
     2454755.85            3.4            3.8
    2454777.733           13.4            4.1
    2454806.796            3.0            5.5
     2454808.77           -2.8            4.3
    2454809.763            3.0            6.1
    2455026.973           17.5            5.7
    2455063.965           -4.8            5.0
    2455099.996            9.6            4.9
    2455116.856           16.2            6.8
    2455154.739            1.6            7.6
    2455174.788            5.8            5.8
    2455364.972           14.6            5.0
    2455419.012            0.3            4.7
    2455446.847            2.1            3.6
    2455446.856            1.4            3.1
    2455463.833           -0.8            5.2
    2455466.842           -2.9            4.8
    2455569.653           15.7            4.1
    2455571.713           -2.1            4.6
    2455572.671            8.9            4.8
    2455621.621           -1.1            4.6
    2455757.974           10.8            5.0
    2455803.919            9.8            4.3
    2455806.936            3.6            4.3
    2455828.781            8.6            4.2
    2455831.849            2.1            5.1
    2455861.842           -3.7            4.2
    2455864.796            6.8            4.4
    2455892.745           10.0            4.9
