    2451745.994            0.8            4.3
    2451778.895           10.6            3.7
    2451808.867            4.4            3.6
    2451853.766            1.2            4.1
    2451856.801            9.5            4.6
    2451898.637           12.2            8.0
    2451932.609           -4.0            3.9
    2452163.861            8.8            4.9
    2452175.851            7.7            4.0
    2452307.598            0.3            4.5
    2452465.989            5.8            5.3
    2452483.985            8.8            5.0
    2452494.987            3.9            5.0
    2452517.936           -7.0            5.2
     2452528.91            3.7            5.2
     2452530.91            4.9            4.5
    2452541.904           -1.1            4.5
    2452543.883            1.0            5.0
    2452559.914            5.5            6.4
    2452561.795            9.2            8.4
    2452571.791           -0.7            5.0
     2452589.81           13.0            5.7
    2452603.782           -3.4            4.9
    2452605.724            8.7            4.8
    2452616.772           10.2            5.9
    2452665.604            4.0            4.2
    2452668.611            9.9            5.3
    2452837.972            2.6            5.4
    2452861.963            4.8            4.1
    2452863.985            4.7            5.2
    2452879.918           -4.8            4.2
    2452880.947           -4.5            5.0
    2452898.911           10.2            4.7
    2452900.928            6.8            4.8
    2452932.839            4.2            4.3
    2452934.804           -3.9            4.6
    2452963.753           -0.9            5.2
    2452965.809           -2.5            5.4
     2453022.63            8.5            5.6
     2453208.01           -2.7            3.8
    2453209.978            1.6            3.7
    2453214.961           -0.4            4.2
    2453231.961            3.3            4.0
    2453233.909            9.9            3.9
     2453235.96            1.1            4.2
    2453265.899            0.2            3.8
    2453268.919            2.7            4.0
     2453269.81           -1.7            3.5
    2453286.828            4.7            3.8
    2453324.713           -5.3            5.5
    2453354.654            3.9            3.8
    2453400.642           11.0            7.5
    2453550.983            1.7            4.4
    2453578.964            3.6            4.6
    2453613.923            0.7            4.2
    2453654.771            3.9            4.1
    2453701.724           13.2            4.6
    2453740.745           -0.9            4.7
    2453911.993            9.8            3.6
    2453917.013           10.3            3.9
    2453934.974            1.3            3.9
    2453968.925            0.1            3.2
    2453981.851            8.0            3.8
    2453985.899            7.6            4.0
    2454055.755           10.9            3.9
    2454297.975            1.7            4.1
    2454300.974            1.5            4.0
    2454314.939            3.4            3.6
    2454318.981            3.1            4.2
    2454344.859           12.3            4.3
    2454348.917            6.7            4.0
    2454391.887           13.6            5.4
    2454394.775            5.7            4.2
    2454418.777           11.0            4.5
    2454420.763            1.8            4.2
    2454440.653           -1.4            3.4
    2454443.651            7.8            3.6
    2454481.638           10.7            3.9
    2454503.651            3.9            4.3
    2454645.984            4.4            4.5
    2454646.968           -1.3            4.2
    2454668.009            7.9            3.7
    2454681.904            0.7            3.8
     2454683.97            3.1            3.8
    2454711.893            3.7            4.1
    2454713.873           -5.8            4.2
    2454715.882            3.7            4.6
    2454716.875           -0.8            4.1
    2454753.885            7.1            3.6
     2454755.85            2.0            3.8
    2454777.733           13.3            4.1
    2454806.796            9.8            5.5
     2454808.77           12.7            4.3
    2454809.763           12.2            6.1
    2455026.973           13.8            5.7
    2455063.965            4.9            5.0
    2455099.996           -6.4            4.9
    2455116.856           11.4            6.8
    2455154.739            1.2            7.6
    2455174.788            5.0            5.8
    2455364.972            3.3            5.0
    2455419.012            5.4            4.7
    2455446.847            3.5            3.6
    2455446.856            3.1            3.1
    2455463.833            0.2            5.2
    2455466.842           -1.8            4.8
    2455569.653            8.4            4.1
    2455571.713           -1.4            4.6
    2455572.671            2.0            4.8
    2455621.621            4.4            4.6
    2455757.974            3.2            5.0
    2455803.919           13.8            4.3
    2455806.936           14.7            4.3
    2455828.781           -1.5            4.2
    2455831.849           12.3            5.1
    2455861.842           14.3            4.2
    2455864.796            5.2            4.4
    2455892.745            9.5            4.9
