    2451745.994            1.4            4.3
    2451778.895           -6.0            3.7
    2451808.867           18.0            3.6
    2451853.766           -6.4            4.1
    2451856.801            8.8            4.6
    2451898.637            9.6            8.0
    2451932.609            2.4            3.9
    2452163.861           10.2            4.9
    2452175.851           15.5            4.0
    2452307.598           -1.6            4.5
    2452465.989           -6.1            5.3
    2452483.985           20.2            5.0
    2452494.987            9.1            5.0
    2452517.936           -5.0            5.2
     2452528.91            4.0            5.2
     2452530.91           14.7            4.5
    2452541.904           -0.3            4.5
    2452543.883          -13.4            5.0
    2452559.914           -2.5            6.4
    2452561.795           16.7            8.4
    2452571.791          -10.2            5.0
     2452589.81            5.5            5.7
    2452603.782           17.2            4.9
    2452605.724           13.9            4.8
    2452616.772            2.4            5.9
    2452665.604           -6.1            4.2
    2452668.611          -13.3            5.3
    2452837.972           15.7            5.4
    2452861.963           12.2            4.1
    2452863.985            2.7            5.2
    2452879.918          -10.5            4.2
    2452880.947            3.6            5.0
    2452898.911           -6.9            4.7
    2452900.928            2.1            4.8
    2452932.839            4.2            4.3
    2452934.804            1.9            4.6
    2452963.753           17.3            5.2
    2452965.809           11.7            5.4
     2453022.63           13.8            5.6
     2453208.01           -2.5            3.8
    2453209.978           -5.2            3.7
    2453214.961          -10.1            4.2
    2453231.961            8.0            4.0
    2453233.909           -4.6            3.9
     2453235.96           -1.1            4.2
    2453265.899           -7.3            3.8
    2453268.919            2.9            4.0
     2453269.81           -2.3            3.5
    2453286.828            4.3            3.8
    2453324.713            5.6            5.5
    2453354.654           11.3            3.8
    2453400.642           23.3            7.5
    2453550.983           -3.7            4.4
    2453578.964            9.7            4.6
    2453613.923           10.2            4.2
    2453654.771           -3.3            4.1
    2453701.724           -1.4            4.6
    2453740.745           -0.1            4.7
    2453911.993           -0.3            3.6
    2453917.013            1.8            3.9
    2453934.974            2.0            3.9
    2453968.925           16.1            3.2
    2453981.851            2.7            3.8
    2453985.899            0.0            4.0
    2454055.755            1.7            3.9
    2454297.975            1.0            4.1
    2454300.974           15.3            4.0
    2454314.939           -7.1            3.6
    2454318.981           -8.5            4.2
    2454344.859           -3.1            4.3
    2454348.917            0.7            4.0
    2454391.887           -7.6            5.4
    2454394.775            0.9            4.2
    2454418.777           -3.4            4.5
    2454420.763           -7.2            4.2
    2454440.653            0.3            3.4
    2454443.651          -13.4            3.6
    2454481.638           13.7            3.9
    2454503.651           18.2            4.3
    2454645.984           -1.9            4.5
    2454646.968            2.0            4.2
    2454668.009           12.1            3.7
    2454681.904           -8.5            3.8
     2454683.97            4.3            3.8
    2454711.893            7.0            4.1
    2454713.873           17.8            4.2
    2454715.882           11.8            4.6
    2454716.875           11.5            4.1
    2454753.885           -0.5            3.6
     2454755.85           -7.4            3.8
    2454777.733           -6.4            4.1
    2454806.796            2.9            5.5
     2454808.77            8.8            4.3
    2454809.763            3.4            6.1
    2455026.973           18.9            5.7
    2455063.965           -5.2            5.0
    2455099.996           11.3            4.9
    2455116.856            2.2            6.8
    2455154.739           17.5            7.6
    2455174.788           21.9            5.8
    2455364.972            9.5            5.0
    2455419.012          -10.1            4.7
    2455446.847           -6.9            3.6
    2455446.856           -7.5            3.1
    2455463.833           11.2            5.2
    2455466.842           10.1            4.8
    2455569.653           -2.2            4.1
    2455571.713           -1.9            4.6
    2455572.671            1.4            4.8
    2455621.621           -4.6            4.6
    2455757.974          -10.7            5.0
    2455803.919           -4.4            4.3
    2455806.936            1.2            4.3
    2455828.781            4.3            4.2
    2455831.849           -6.6            5.1
    2455861.842            6.5            4.2
    2455864.796           12.7            4.4
    2455892.745           11.9            4.9
