    2451745.994            6.8            4.3
    2451778.895            5.5            3.7
    2451808.867            3.0            3.6
    2451853.766            7.1            4.1
    2451856.801           10.4            4.6
    2451898.637           12.0            8.0
    2451932.609            2.6            3.9
    2452163.861            4.6            4.9
    2452175.851            7.4            4.0
    2452307.598           -1.4            4.5
    2452465.989            1.9            5.3
    2452483.985           -5.6            5.0
    2452494.987            8.0            5.0
    2452517.936           12.3            5.2
     2452528.91            1.6            5.2
     2452530.91           -1.6            4.5
    2452541.904            0.9            4.5
    2452543.883           -3.6            5.0
    2452559.914           10.6            6.4
    2452561.795            5.0            8.4
    2452571.791            4.8            5.0
     2452589.81            7.6            5.7
    2452603.782           11.4            4.9
    2452605.724            8.0            4.8
    2452616.772            9.1            5.9
    2452665.604           -1.3            4.2
    2452668.611            6.9            5.3
    2452837.972            6.8            5.4
    2452861.963           -8.4            4.1
    2452863.985           -9.1            5.2
    2452879.918           10.8            4.2
    2452880.947            9.2            5.0
    2452898.911            7.2            4.7
    2452900.928           -0.5            4.8
    2452932.839            7.3            4.3
    2452934.804            4.8            4.6
    2452963.753            7.1            5.2
    2452965.809            6.3            5.4
     2453022.63            4.3            5.6
     2453208.01           12.4            3.8
    2453209.978           10.9            3.7
    2453214.961            3.1            4.2
    2453231.961            0.2            4.0
    2453233.909           -7.1            3.9
     2453235.96           -8.3            4.2
    2453265.899           11.3            3.8
    2453268.919           14.3            4.0
     2453269.81           14.4            3.5
    2453286.828            1.9            3.8
    2453324.713            0.9            5.5
    2453354.654            8.2            3.8
    2453400.642            8.3            7.5
    2453550.983            6.6            4.4
    2453578.964            8.2            4.6
    2453613.923           -6.8            4.2
    2453654.771           -0.8            4.1
    2453701.724            1.7            4.6
    2453740.745            0.1            4.7
    2453911.993           -0.5            3.6
    2453917.013            8.8            3.9
    2453934.974            3.6            3.9
    2453968.925           -1.4            3.2
    2453981.851           -0.7            3.8
    2453985.899           -2.1            4.0
    2454055.755            4.9            3.9
    2454297.975            6.8            4.1
    2454300.974            8.6            4.0
    2454314.939            7.2            3.6
    2454318.981           13.2            4.2
    2454344.859            0.3            4.3
    2454348.917           -9.1            4.0
    2454391.887            9.4            5.4
    2454394.775           10.0            4.2
    2454418.777            3.5            4.5
    2454420.763            5.5            4.2
    2454440.653            3.1            3.4
    2454443.651           -5.8            3.6
    2454481.638            4.5            3.9
    2454503.651           -6.8            4.3
    2454645.984           -1.8            4.5
    2454646.968           -1.9            4.2
    2454668.009            1.5            3.7
    2454681.904           -3.3            3.8
     2454683.97            1.5            3.8
    2454711.893            9.9            4.1
    2454713.873            7.1            4.2
    2454715.882            9.5            4.6
    2454716.875            7.0            4.1
    2454753.885           17.2            3.6
     2454755.85           16.0            3.8
    2454777.733           -1.6            4.1
    2454806.796            6.3            5.5
     2454808.77            2.2            4.3
    2454809.763            4.8            6.1
    2455026.973            3.1            5.7
    2455063.965            4.3            5.0
    2455099.996           -4.8            4.9
    2455116.856           -0.6            6.8
    2455154.739           -0.4            7.6
    2455174.788            1.9            5.8
    2455364.972           16.5            5.0
    2455419.012            4.0            4.7
    2455446.847           14.7            3.6
    2455446.856           14.2            3.1
    2455463.833            9.6            5.2
    2455466.842            5.7            4.8
    2455569.653           -2.1            4.1
    2455571.713           -4.4            4.6
    2455572.671           -1.9            4.8
    2455621.621           -3.6            4.6
    2455757.974            0.8            5.0
    2455803.919            9.2            4.3
    2455806.936            0.7            4.3
    2455828.781            8.0            4.2
    2455831.849            4.7            5.1
    2455861.842            6.7            4.2
    2455864.796            1.4            4.4
    2455892.745            4.0            4.9
