    2451745.994           15.3            4.3
    2451778.895            9.8            3.7
    2451808.867            5.6            3.6
    2451853.766           -1.3            4.1
    2451856.801           -4.4            4.6
    2451898.637            3.4            8.0
    2451932.609            4.0            3.9
    2452163.861            6.9            4.9
    2452175.851            3.4            4.0
    2452307.598           -1.6            4.5
    2452465.989            1.9            5.3
    2452483.985           -1.1            5.0
    2452494.987           10.0            5.0
    2452517.936           12.8            5.2
     2452528.91           -1.7            5.2
     2452530.91           12.9            4.5
    2452541.904            3.7            4.5
    2452543.883            1.0            5.0
    2452559.914           -4.4            6.4
    2452561.795            5.9            8.4
    2452571.791           -1.6            5.0
     2452589.81           -6.8            5.7
    2452603.782           12.2            4.9
    2452605.724           18.7            4.8
    2452616.772           18.7            5.9
    2452665.604          -12.8            4.2
    2452668.611            8.1            5.3
    2452837.972           11.6            5.4
    2452861.963           -7.7            4.1
    2452863.985           10.4            5.2
    2452879.918          -12.3            4.2
    2452880.947           10.0            5.0
    2452898.911            0.6            4.7
    2452900.928           14.6            4.8
    2452932.839           -4.1            4.3
    2452934.804           -1.4            4.6
    2452963.753            7.1            5.2
    2452965.809           -1.8            5.4
     2453022.63           21.1            5.6
     2453208.01           -0.9            3.8
    2453209.978          -11.3            3.7
    2453214.961           -6.6            4.2
    2453231.961            7.5            4.0
    2453233.909           11.2            3.9
     2453235.96            9.6            4.2
    2453265.899          -10.2            3.8
    2453268.919           10.9            4.0
     2453269.81            5.3            3.5
    2453286.828           17.1            3.8
    2453324.713           14.0            5.5
    2453354.654            3.2            3.8
    2453400.642           23.3            7.5
    2453550.983           13.8            4.4
    2453578.964           23.3            4.6
    2453613.923           -3.1            4.2
    2453654.771           16.0            4.1
    2453701.724           -9.5            4.6
    2453740.745            9.9            4.7
    2453911.993           13.6            3.6
    2453917.013            5.8            3.9
    2453934.974            2.8            3.9
    2453968.925           -5.0            3.2
    2453981.851           13.1            3.8
    2453985.899           -9.5            4.0
    2454055.755            4.1            3.9
    2454297.975            9.3            4.1
    2454300.974            0.1            4.0
    2454314.939           10.8            3.6
    2454318.981            0.0            4.2
    2454344.859            2.1            4.3
    2454348.917            5.0            4.0
    2454391.887           -4.1            5.4
    2454394.775           -2.5            4.2
    2454418.777           18.0            4.5
    2454420.763            9.6            4.2
    2454440.653            3.0            3.4
    2454443.651           17.4            3.6
    2454481.638           18.5            3.9
    2454503.651           -8.6            4.3
    2454645.984           11.9            4.5
    2454646.968            8.8            4.2
    2454668.009           10.9            3.7
    2454681.904           -7.4            3.8
     2454683.97            3.2            3.8
    2454711.893           -4.3            4.1
    2454713.873            3.9            4.2
    2454715.882           23.1            4.6
    2454716.875            1.7            4.1
    2454753.885           14.0            3.6
     2454755.85           -4.4            3.8
    2454777.733           -7.7            4.1
    2454806.796           10.6            5.5
     2454808.77           -7.5            4.3
    2454809.763           19.4            6.1
    2455026.973            8.1            5.7
    2455063.965           19.1            5.0
    2455099.996            6.8            4.9
    2455116.856            8.9            6.8
    2455154.739           14.4            7.6
    2455174.788            5.9            5.8
    2455364.972           -9.5            5.0
    2455419.012           13.0            4.7
    2455446.847           12.4            3.6
    2455446.856           11.8            3.1
    2455463.833            2.8            5.2
    2455466.842            9.9            4.8
    2455569.653            3.6            4.1
    2455571.713            5.4            4.6
    2455572.671           -4.6            4.8
    2455621.621           17.0            4.6
    2455757.974            5.1            5.0
    2455803.919           -2.2            4.3
    2455806.936           -7.2            4.3
    2455828.781           -4.5            4.2
    2455831.849          -14.3            5.1
    2455861.842           -3.1            4.2
    2455864.796           -5.1            4.4
    2455892.745            1.1            4.9
