    2451745.994           -5.0            4.3
    2451778.895           12.3            3.7
    2451808.867            2.9            3.6
    2451853.766           -3.2            4.1
    2451856.801            5.4            4.6
    2451898.637           -0.3            8.0
    2451932.609            5.9            3.9
    2452163.861           14.7            4.9
    2452175.851           -2.5            4.0
    2452307.598            3.8            4.5
    2452465.989            2.3            5.3
    2452483.985           12.1            5.0
    2452494.987           -2.1            5.0
    2452517.936            2.0            5.2
     2452528.91            8.1            5.2
     2452530.91            0.8            4.5
    2452541.904            8.1            4.5
    2452543.883            0.3            5.0
    2452559.914           -1.4            6.4
    2452561.795            6.2            8.4
    2452571.791           11.6            5.0
     2452589.81           -0.7            5.7
    2452603.782           -3.4            4.9
    2452605.724            4.0            4.8
    2452616.772            6.0            5.9
    2452665.604           11.8            4.2
    2452668.611           -2.8            5.3
    2452837.972            6.3            5.4
    2452861.963            9.6            4.1
    2452863.985           -0.3            5.2
    2452879.918           -0.4            4.2
    2452880.947            2.6            5.0
    2452898.911           12.6            4.7
    2452900.928            1.7            4.8
    2452932.839            3.4            4.3
    2452934.804            9.4            4.6
    2452963.753           14.9            5.2
    2452965.809            4.6            5.4
     2453022.63            9.7            5.6
     2453208.01           -2.0            3.8
    2453209.978            6.7            3.7
    2453214.961           -3.0            4.2
    2453231.961            7.3            4.0
    2453233.909            2.7            3.9
     2453235.96           -4.7            4.2
    2453265.899            1.6            3.8
    2453268.919           12.4            4.0
     2453269.81            8.6            3.5
    2453286.828            0.2            3.8
    2453324.713            3.2            5.5
    2453354.654            8.6            3.8
    2453400.642           11.5            7.5
    2453550.983            7.7            4.4
    2453578.964           -1.8            4.6
    2453613.923           -0.6            4.2
    2453654.771           12.7            4.1
    2453701.724           -1.1            4.6
    2453740.745           13.8            4.7
    2453911.993           -0.0            3.6
    2453917.013            8.4            3.9
    2453934.974            2.7            3.9
    2453968.925           -1.9            3.2
    2453981.851           10.7            3.8
    2453985.899           -2.6            4.0
    2454055.755            1.5            3.9
    2454297.975           -0.3            4.1
    2454300.974           13.9            4.0
    2454314.939            7.0            3.6
    2454318.981           -1.0            4.2
    2454344.859           14.2            4.3
    2454348.917           -1.1            4.0
    2454391.887           -0.3            5.4
    2454394.775            7.8            4.2
    2454418.777            4.2            4.5
    2454420.763           -5.5            4.2
    2454440.653            2.6            3.4
    2454443.651           -4.3            3.6
    2454481.638            5.3            3.9
    2454503.651            6.4            4.3
    2454645.984            1.3            4.5
    2454646.968            1.3            4.2
    2454668.009            0.2            3.7
    2454681.904           -3.2            3.8
     2454683.97           -0.0            3.8
    2454711.893            0.5            4.1
    2454713.873            7.7            4.2
    2454715.882           11.8            4.6
    2454716.875            6.5            4.1
    2454753.885            5.4            3.6
     2454755.85            0.3            3.8
    2454777.733            0.6            4.1
    2454806.796           -3.6            5.5
     2454808.77            4.4            4.3
    2454809.763            9.8            6.1
    2455026.973            7.3            5.7
    2455063.965            9.5            5.0
    2455099.996           13.3            4.9
    2455116.856            9.4            6.8
    2455154.739           -1.4            7.6
    2455174.788            5.7            5.8
    2455364.972            0.7            5.0
    2455419.012            6.4            4.7
    2455446.847            0.9            3.6
    2455446.856            0.4            3.1
    2455463.833           13.6            5.2
    2455466.842            4.0            4.8
    2455569.653           -2.2            4.1
    2455571.713            7.8            4.6
    2455572.671           13.2            4.8
    2455621.621            1.6            4.6
    2455757.974           -3.5            5.0
    2455803.919            0.6            4.3
    2455806.936            9.3            4.3
    2455828.781            9.3            4.2
    2455831.849            1.6            5.1
    2455861.842            0.2            4.2
    2455864.796            7.1            4.4
    2455892.745           11.0            4.9
