    2451745.994           11.2            4.3
    2451778.895            4.6            3.7
    2451808.867            5.7            3.6
    2451853.766           12.0            4.1
    2451856.801            8.5            4.6
    2451898.637           15.3            8.0
    2451932.609           -2.9            3.9
    2452163.861            4.6            4.9
    2452175.851           -4.1            4.0
    2452307.598            1.4            4.5
    2452465.989           11.3            5.3
    2452483.985            7.0            5.0
    2452494.987            6.5            5.0
    2452517.936           -1.8            5.2
     2452528.91            9.9            5.2
     2452530.91            2.5            4.5
    2452541.904           12.1            4.5
    2452543.883            6.6            5.0
    2452559.914            8.1            6.4
    2452561.795           13.8            8.4
    2452571.791           15.1            5.0
     2452589.81           10.7            5.7
    2452603.782           11.2            4.9
    2452605.724            6.2            4.8
    2452616.772           10.1            5.9
    2452665.604            0.1            4.2
    2452668.611           -3.6            5.3
    2452837.972            4.8            5.4
    2452861.963            6.4            4.1
    2452863.985           -1.0            5.2
    2452879.918           -4.6            4.2
    2452880.947            1.4            5.0
    2452898.911            2.1            4.7
    2452900.928           11.7            4.8
    2452932.839           10.5            4.3
    2452934.804            1.3            4.6
    2452963.753            7.3            5.2
    2452965.809            4.6            5.4
     2453022.63           14.2            5.6
     2453208.01           -0.3            3.8
    2453209.978           -6.6            3.7
    2453214.961            8.3            4.2
    2453231.961            5.6            4.0
    2453233.909           10.0            3.9
     2453235.96            2.3            4.2
    2453265.899            8.1            3.8
    2453268.919            6.1            4.0
     2453269.81            1.3            3.5
    2453286.828            1.6            3.8
    2453324.713           -0.7            5.5
    2453354.654            3.8            3.8
    2453400.642           10.0            7.5
    2453550.983            5.6            4.4
    2453578.964            8.1            4.6
    2453613.923           -1.3            4.2
    2453654.771            0.1            4.1
    2453701.724            1.2            4.6
    2453740.745            3.4            4.7
    2453911.993           -0.3            3.6
    2453917.013            0.3            3.9
    2453934.974           12.1            3.9
    2453968.925            5.7            3.2
    2453981.851           10.8            3.8
    2453985.899            4.7            4.0
    2454055.755           10.2            3.9
    2454297.975           -1.5            4.1
    2454300.974           -6.7            4.0
    2454314.939           -0.0            3.6
    2454318.981            0.7            4.2
    2454344.859            0.1            4.3
    2454348.917           -1.7            4.0
    2454391.887            7.3            5.4
    2454394.775            8.9            4.2
    2454418.777           -0.5            4.5
    2454420.763            2.7            4.2
    2454440.653            4.0            3.4
    2454443.651            8.6            3.6
    2454481.638            2.0            3.9
    2454503.651           13.8            4.3
    2454645.984           -0.6            4.5
    2454646.968            0.0            4.2
    2454668.009           11.7            3.7
    2454681.904            7.3            3.8
     2454683.97           11.4            3.8
    2454711.893           10.5            4.1
    2454713.873            4.0            4.2
    2454715.882            6.3            4.6
    2454716.875           -1.3            4.1
    2454753.885            4.4            3.6
     2454755.85            4.1            3.8
    2454777.733           -0.8            4.1
    2454806.796            5.7            5.5
     2454808.77            4.3            4.3
    2454809.763            0.7            6.1
    2455026.973            4.7            5.7
    2455063.965            5.9            5.0
    2455099.996           10.4            4.9
    2455116.856            7.6            6.8
    2455154.739           -2.9            7.6
    2455174.788            4.4            5.8
    2455364.972            6.1            5.0
    2455419.012            9.0            4.7
    2455446.847            3.2            3.6
    2455446.856            2.7            3.1
    2455463.833           11.9            5.2
    2455466.842            5.1            4.8
    2455569.653            5.6            4.1
    2455571.713           -4.2            4.6
    2455572.671            0.6            4.8
    2455621.621            4.6            4.6
    2455757.974           10.6            5.0
    2455803.919           10.4            4.3
    2455806.936           12.4            4.3
    2455828.781            1.4            4.2
    2455831.849            6.3            5.1
    2455861.842           -0.8            4.2
    2455864.796            6.7            4.4
    2455892.745           10.8            4.9
