    2451745.994            3.8            4.3
    2451778.895            8.4            3.7
    2451808.867            4.6            3.6
    2451853.766            2.0            4.1
    2451856.801            8.2            4.6
    2451898.637            9.2            8.0
    2451932.609            2.0            3.9
    2452163.861            2.0            4.9
    2452175.851            6.3            4.0
    2452307.598            6.4            4.5
    2452465.989            5.1            5.3
    2452483.985            7.1            5.0
    2452494.987            3.9            5.0
    2452517.936            3.9            5.2
     2452528.91            7.6            5.2
     2452530.91            1.3            4.5
    2452541.904            5.9            4.5
    2452543.883            1.7            5.0
    2452559.914            5.0            6.4
    2452561.795           11.8            8.4
    2452571.791            2.1            5.0
     2452589.81            9.6            5.7
    2452603.782            4.0            4.9
    2452605.724            5.8            4.8
    2452616.772            5.4            5.9
    2452665.604           -1.1            4.2
    2452668.611            6.7            5.3
    2452837.972            9.3            5.4
    2452861.963           -0.8            4.1
    2452863.985            1.3            5.2
    2452879.918            9.5            4.2
    2452880.947           10.2            5.0
    2452898.911            0.7            4.7
    2452900.928            7.3            4.8
    2452932.839            0.6            4.3
    2452934.804            3.7            4.6
    2452963.753            5.2            5.2
    2452965.809            8.4            5.4
     2453022.63            5.8            5.6
     2453208.01            0.6            3.8
    2453209.978            0.8            3.7
    2453214.961           -0.7            4.2
    2453231.961            7.1            4.0
    2453233.909            9.3            3.9
     2453235.96            3.5            4.2
    2453265.899            2.8            3.8
    2453268.919            8.8            4.0
     2453269.81            6.5            3.5
    2453286.828           -0.1            3.8
    2453324.713           10.6            5.5
    2453354.654            6.8            3.8
    2453400.642            5.7            7.5
    2453550.983           10.1            4.4
    2453578.964            8.8            4.6
    2453613.923            8.8            4.2
    2453654.771            3.6            4.1
    2453701.724            1.3            4.6
    2453740.745            8.0            4.7
    2453911.993            7.7            3.6
    2453917.013            4.5            3.9
    2453934.974            3.1            3.9
    2453968.925            7.0            3.2
    2453981.851            6.4            3.8
    2453985.899           -1.5            4.0
    2454055.755           -1.3            3.9
    2454297.975            5.9            4.1
    2454300.974            5.0            4.0
    2454314.939            4.3            3.6
    2454318.981            5.2            4.2
    2454344.859           -0.6            4.3
    2454348.917            7.6            4.0
    2454391.887           10.6            5.4
    2454394.775            1.6            4.2
    2454418.777            9.3            4.5
    2454420.763            8.2            4.2
    2454440.653            5.2            3.4
    2454443.651           -0.3            3.6
    2454481.638            6.5            3.9
    2454503.651            5.3            4.3
    2454645.984           10.1            4.5
    2454646.968            7.3            4.2
    2454668.009            3.9            3.7
    2454681.904            7.6            3.8
     2454683.97            1.4            3.8
    2454711.893            3.2            4.1
    2454713.873            4.7            4.2
    2454715.882            9.5            4.6
    2454716.875            7.8            4.1
    2454753.885            0.1            3.6
     2454755.85           -0.5            3.8
    2454777.733            5.7            4.1
    2454806.796            9.9            5.5
     2454808.77            9.0            4.3
    2454809.763            7.6            6.1
    2455026.973           10.4            5.7
    2455063.965            6.7            5.0
    2455099.996            4.1            4.9
    2455116.856            5.6            6.8
    2455154.739           10.8            7.6
    2455174.788            7.4            5.8
    2455364.972            6.9            5.0
    2455419.012            3.6            4.7
    2455446.847            1.6            3.6
    2455446.856            1.1            3.1
    2455463.833            6.4            5.2
    2455466.842            0.6            4.8
    2455569.653            6.5            4.1
    2455571.713            6.1            4.6
    2455572.671            3.7            4.8
    2455621.621            3.3            4.6
    2455757.974           -0.4            5.0
    2455803.919            9.7            4.3
    2455806.936            2.6            4.3
    2455828.781            1.5            4.2
    2455831.849           10.1            5.1
    2455861.842            3.9            4.2
    2455864.796            5.1            4.4
    2455892.745            3.1            4.9
