    2451745.994            6.7            4.3
    2451778.895            7.9            3.7
    2451808.867            2.7            3.6
    2451853.766           -5.3            4.1
    2451856.801            5.5            4.6
    2451898.637            4.0            8.0
    2451932.609           -5.4            3.9
    2452163.861           14.0            4.9
    2452175.851           -6.2            4.0
    2452307.598            0.9            4.5
    2452465.989            9.5            5.3
    2452483.985           -9.1            5.0
    2452494.987            2.4            5.0
    2452517.936           -3.5            5.2
     2452528.91            6.0            5.2
     2452530.91           15.3            4.5
    2452541.904          -12.4            4.5
    2452543.883           -6.4            5.0
    2452559.914           14.3            6.4
    2452561.795           -3.1            8.4
    2452571.791           -3.2            5.0
     2452589.81            4.0            5.7
    2452603.782           19.4            4.9
    2452605.724            3.2            4.8
    2452616.772           -0.2            5.9
    2452665.604           -2.1            4.2
    2452668.611           -2.3            5.3
    2452837.972           21.3            5.4
    2452861.963            8.6            4.1
    2452863.985           -0.2            5.2
    2452879.918          -10.0            4.2
    2452880.947            2.5            5.0
    2452898.911            2.0            4.7
    2452900.928           15.4            4.8
    2452932.839           -9.4            4.3
    2452934.804            6.3            4.6
    2452963.753            0.2            5.2
    2452965.809            4.6            5.4
     2453022.63           12.7            5.6
     2453208.01           20.8            3.8
    2453209.978           17.3            3.7
    2453214.961           10.0            4.2
    2453231.961            7.9            4.0
    2453233.909           15.4            3.9
     2453235.96           -0.9            4.2
    2453265.899            4.2            3.8
    2453268.919           -0.5            4.0
     2453269.81           -8.6            3.5
    2453286.828           15.0            3.8
    2453324.713            2.3            5.5
    2453354.654            4.8            3.8
    2453400.642           -4.2            7.5
    2453550.983           15.1            4.4
    2453578.964           13.3            4.6
    2453613.923            3.0            4.2
    2453654.771            6.3            4.1
    2453701.724           19.0            4.6
    2453740.745           11.7            4.7
    2453911.993           20.7            3.6
    2453917.013           21.0            3.9
    2453934.974            4.5            3.9
    2453968.925           13.9            3.2
    2453981.851          -13.6            3.8
    2453985.899           -1.8            4.0
    2454055.755           -9.2            3.9
    2454297.975           -0.2            4.1
    2454300.974            0.8            4.0
    2454314.939           -7.2            3.6
    2454318.981          -15.1            4.2
    2454344.859            3.5            4.3
    2454348.917           -8.8            4.0
    2454391.887            6.0            5.4
    2454394.775           17.5            4.2
    2454418.777           11.2            4.5
    2454420.763           -6.2            4.2
    2454440.653            3.5            3.4
    2454443.651           18.6            3.6
    2454481.638            0.0            3.9
    2454503.651           -2.6            4.3
    2454645.984            1.3            4.5
    2454646.968            8.8            4.2
    2454668.009           15.8            3.7
    2454681.904            8.2            3.8
     2454683.97           -2.7            3.8
    2454711.893           12.2            4.1
    2454713.873           -6.8            4.2
    2454715.882            5.0            4.6
    2454716.875           10.4            4.1
    2454753.885            1.6            3.6
     2454755.85           19.1            3.8
    2454777.733           -0.2            4.1
    2454806.796            6.0            5.5
     2454808.77           19.4            4.3
    2454809.763           23.9            6.1
    2455026.973           -7.9            5.7
    2455063.965            9.4            5.0
    2455099.996           -1.1            4.9
    2455116.856           19.3            6.8
    2455154.739            4.3            7.6
    2455174.788           13.9            5.8
    2455364.972            6.5            5.0
    2455419.012           10.2            4.7
    2455446.847          -10.8            3.6
    2455446.856          -11.2            3.1
    2455463.833           21.1            5.2
    2455466.842            4.7            4.8
    2455569.653           15.7            4.1
    2455571.713           15.1            4.6
    2455572.671            2.7            4.8
    2455621.621            3.1            4.6
    2455757.974           -9.5            5.0
    2455803.919            7.6            4.3
    2455806.936           -5.1            4.3
    2455828.781           21.9            4.2
    2455831.849            5.3            5.1
    2455861.842           -5.1            4.2
    2455864.796           -2.9            4.4
    2455892.745           10.4            4.9
