    2451745.994           -4.3            4.3
    2451778.895           -4.1            3.7
    2451808.867            9.2            3.6
    2451853.766            7.2            4.1
    2451856.801            5.7            4.6
    2451898.637            2.9            8.0
    2451932.609            9.0            3.9
    2452163.861            5.6            4.9
    2452175.851           11.0            4.0
    2452307.598            8.6            4.5
    2452465.989           10.8            5.3
    2452483.985           -0.5            5.0
    2452494.987            9.9            5.0
    2452517.936            8.6            5.2
     2452528.91            1.4            5.2
     2452530.91           -3.6            4.5
    2452541.904           10.7            4.5
    2452543.883            3.2            5.0
    2452559.914            1.4            6.4
    2452561.795            0.5            8.4
    2452571.791           -1.5            5.0
     2452589.81           10.3            5.7
    2452603.782            7.8            4.9
    2452605.724            8.8            4.8
    2452616.772           10.1            5.9
    2452665.604            9.5            4.2
    2452668.611            1.5            5.3
    2452837.972            0.5            5.4
    2452861.963            7.8            4.1
    2452863.985            9.0            5.2
    2452879.918           12.8            4.2
    2452880.947           -0.6            5.0
    2452898.911           10.2            4.7
    2452900.928           10.9            4.8
    2452932.839           -2.3            4.3
    2452934.804           -0.8            4.6
    2452963.753           -2.1            5.2
    2452965.809            2.5            5.4
     2453022.63            7.1            5.6
     2453208.01           10.2            3.8
    2453209.978            8.1            3.7
    2453214.961           -3.1            4.2
    2453231.961            5.0            4.0
    2453233.909            3.1            3.9
     2453235.96            4.9            4.2
    2453265.899            3.3            3.8
    2453268.919           -1.5            4.0
     2453269.81            4.7            3.5
    2453286.828           -3.6            3.8
    2453324.713            6.9            5.5
    2453354.654            0.2            3.8
    2453400.642            3.7            7.5
    2453550.983           -1.3            4.4
    2453578.964            3.2            4.6
    2453613.923            6.7            4.2
    2453654.771           13.4            4.1
    2453701.724            3.9            4.6
    2453740.745            9.4            4.7
    2453911.993            8.3            3.6
    2453917.013           -0.7            3.9
    2453934.974            8.0            3.9
    2453968.925           -2.0            3.2
    2453981.851            7.7            3.8
    2453985.899            3.5            4.0
    2454055.755            2.9            3.9
    2454297.975            5.2            4.1
    2454300.974            0.6            4.0
    2454314.939           -3.9            3.6
    2454318.981           -2.6            4.2
    2454344.859           10.5            4.3
    2454348.917           11.2            4.0
    2454391.887            6.7            5.4
    2454394.775            2.6            4.2
    2454418.777            7.3            4.5
    2454420.763           11.8            4.2
    2454440.653           -4.8            3.4
    2454443.651           14.3            3.6
    2454481.638           -5.7            3.9
    2454503.651           11.0            4.3
    2454645.984            2.2            4.5
    2454646.968           -2.5            4.2
    2454668.009            7.8            3.7
    2454681.904           -0.9            3.8
     2454683.97            1.7            3.8
    2454711.893            9.7            4.1
    2454713.873            6.9            4.2
    2454715.882            8.8            4.6
    2454716.875            1.5            4.1
    2454753.885           -0.1            3.6
     2454755.85           -6.3            3.8
    2454777.733            7.3            4.1
    2454806.796            3.8            5.5
     2454808.77            7.2            4.3
    2454809.763            1.9            6.1
    2455026.973           13.1            5.7
    2455063.965           12.9            5.0
    2455099.996            0.4            4.9
    2455116.856            8.3            6.8
    2455154.739           12.3            7.6
    2455174.788            8.2            5.8
    2455364.972            8.7            5.0
    2455419.012           -0.6            4.7
    2455446.847           12.0            3.6
    2455446.856           11.5            3.1
    2455463.833            9.0            5.2
    2455466.842           -0.3            4.8
    2455569.653            0.4            4.1
    2455571.713           -2.5            4.6
    2455572.671           11.5            4.8
    2455621.621            6.1            4.6
    2455757.974           11.6            5.0
    2455803.919           -0.1            4.3
    2455806.936            9.2            4.3
    2455828.781            2.2            4.2
    2455831.849            7.0            5.1
    2455861.842           -0.1            4.2
    2455864.796            5.8            4.4
    2455892.745            0.2            4.9
