    2451745.994            4.9            4.3
    2451778.895           -1.2            3.7
    2451808.867            5.0            3.6
    2451853.766            8.7            4.1
    2451856.801           -0.2            4.6
    2451898.637            1.0            8.0
    2451932.609            7.4            3.9
    2452163.861            4.6            4.9
    2452175.851           -2.3            4.0
    2452307.598           12.0            4.5
    2452465.989           -0.2            5.3
    2452483.985            3.7            5.0
    2452494.987           -0.1            5.0
    2452517.936            5.1            5.2
     2452528.91           -0.3            5.2
     2452530.91           12.5            4.5
    2452541.904            1.5            4.5
    2452543.883            9.7            5.0
    2452559.914           13.9            6.4
    2452561.795            7.9            8.4
    2452571.791            6.2            5.0
     2452589.81           12.9            5.7
    2452603.782           -4.0            4.9
    2452605.724            6.3            4.8
    2452616.772            4.4            5.9
    2452665.604           -4.5            4.2
    2452668.611            5.4            5.3
    2452837.972            5.7            5.4
    2452861.963           -1.1            4.1
    2452863.985            3.0            5.2
    2452879.918           14.8            4.2
    2452880.947            9.1            5.0
    2452898.911            0.8            4.7
    2452900.928            9.9            4.8
    2452932.839            9.2            4.3
    2452934.804            8.2            4.6
    2452963.753           10.3            5.2
    2452965.809            9.1            5.4
     2453022.63            4.7            5.6
     2453208.01            3.7            3.8
    2453209.978           -5.7            3.7
    2453214.961            6.2            4.2
    2453231.961            5.4            4.0
    2453233.909           -3.4            3.9
     2453235.96            3.2            4.2
    2453265.899            5.4            3.8
    2453268.919            2.7            4.0
     2453269.81            7.9            3.5
    2453286.828            6.7            3.8
    2453324.713            4.2            5.5
    2453354.654           -3.3            3.8
    2453400.642            1.4            7.5
    2453550.983            0.0            4.4
    2453578.964           -5.1            4.6
    2453613.923            9.0            4.2
    2453654.771            5.5            4.1
    2453701.724           12.3            4.6
    2453740.745           -0.6            4.7
    2453911.993            4.2            3.6
    2453917.013            4.6            3.9
    2453934.974            7.5            3.9
    2453968.925           -1.1            3.2
    2453981.851           -3.4            3.8
    2453985.899           -1.0            4.0
    2454055.755           -0.4            3.9
    2454297.975            4.1            4.1
    2454300.974            0.9            4.0
    2454314.939            4.9            3.6
    2454318.981            0.9            4.2
    2454344.859            6.4            4.3
    2454348.917            4.2            4.0
    2454391.887            6.8            5.4
    2454394.775           12.8            4.2
    2454418.777           12.0            4.5
    2454420.763            6.3            4.2
    2454440.653            6.3            3.4
    2454443.651            9.2            3.6
    2454481.638           11.5            3.9
    2454503.651            5.8            4.3
    2454645.984            4.5            4.5
    2454646.968           12.4            4.2
    2454668.009            5.9            3.7
    2454681.904            5.0            3.8
     2454683.97            2.9            3.8
    2454711.893           -1.2            4.1
    2454713.873            7.1            4.2
    2454715.882           -4.0            4.6
    2454716.875           -1.6            4.1
    2454753.885           -1.7            3.6
     2454755.85            9.5            3.8
    2454777.733           -3.7            4.1
    2454806.796           -2.3            5.5
     2454808.77            3.3            4.3
    2454809.763            9.1            6.1
    2455026.973            1.0            5.7
    2455063.965           -2.2            5.0
    2455099.996           12.0            4.9
    2455116.856            7.4            6.8
    2455154.739            9.9            7.6
    2455174.788            7.3            5.8
    2455364.972           12.5            5.0
    2455419.012           11.9            4.7
    2455446.847            3.3            3.6
    2455446.856            2.9            3.1
    2455463.833           -0.8            5.2
    2455466.842           -1.6            4.8
    2455569.653            5.8            4.1
    2455571.713           -1.8            4.6
    2455572.671            5.1            4.8
    2455621.621            6.9            4.6
    2455757.974            2.9            5.0
    2455803.919           -4.2            4.3
    2455806.936           -2.2            4.3
    2455828.781           -3.4            4.2
    2455831.849           -2.5            5.1
    2455861.842           -5.8            4.2
    2455864.796           -0.6            4.4
    2455892.745            6.6            4.9
