    2451745.994           25.5            4.3
    2451778.895           26.3            3.7
    2451808.867           -0.7            3.6
    2451853.766            8.0            4.1
    2451856.801          -13.5            4.6
    2451898.637          -15.8            8.0
    2451932.609          -18.5            3.9
    2452163.861           35.7            4.9
    2452175.851           -6.1            4.0
    2452307.598            2.2            4.5
    2452465.989           -2.9            5.3
    2452483.985           -3.0            5.0
    2452494.987           28.2            5.0
    2452517.936          -11.5            5.2
     2452528.91           18.9            5.2
     2452530.91            6.4            4.5
    2452541.904            4.4            4.5
    2452543.883           -6.4            5.0
    2452559.914          -19.0            6.4
    2452561.795            9.2            8.4
    2452571.791           -0.5            5.0
     2452589.81           28.4            5.7
    2452603.782           19.2            4.9
    2452605.724           -5.5            4.8
    2452616.772           27.5            5.9
    2452665.604            1.0            4.2
    2452668.611           -2.4            5.3
    2452837.972           12.2            5.4
    2452861.963            5.9            4.1
    2452863.985          -15.5            5.2
    2452879.918           22.3            4.2
    2452880.947           14.3            5.0
    2452898.911            2.4            4.7
    2452900.928           12.5            4.8
    2452932.839            8.1            4.3
    2452934.804           13.8            4.6
    2452963.753           -5.3            5.2
    2452965.809           -2.8            5.4
     2453022.63           10.5            5.6
     2453208.01          -16.3            3.8
    2453209.978           26.1            3.7
    2453214.961          -23.6            4.2
    2453231.961           13.9            4.0
    2453233.909          -13.8            3.9
     2453235.96            4.0            4.2
    2453265.899           17.4            3.8
    2453268.919          -17.9            4.0
     2453269.81            2.5            3.5
    2453286.828            2.7            3.8
    2453324.713           16.9            5.5
    2453354.654           -8.6            3.8
    2453400.642           26.4            7.5
    2453550.983            2.3            4.4
    2453578.964           -6.4            4.6
    2453613.923           -4.0            4.2
    2453654.771            8.1            4.1
    2453701.724          -14.1            4.6
    2453740.745            8.8            4.7
    2453911.993            1.9            3.6
    2453917.013            3.0            3.9
    2453934.974           20.0            3.9
    2453968.925           17.2            3.2
    2453981.851            0.5            3.8
    2453985.899            9.9            4.0
    2454055.755           36.7            3.9
    2454297.975           12.5            4.1
    2454300.974           -5.1            4.0
    2454314.939          -27.7            3.6
    2454318.981           25.8            4.2
    2454344.859           28.6            4.3
    2454348.917          -24.3            4.0
    2454391.887           -9.1            5.4
    2454394.775           13.3            4.2
    2454418.777          -17.3            4.5
    2454420.763           19.2            4.2
    2454440.653           34.5            3.4
    2454443.651          -17.5            3.6
    2454481.638           24.1            3.9
    2454503.651            9.3            4.3
    2454645.984          -18.7            4.5
    2454646.968           -5.1            4.2
    2454668.009            4.2            3.7
    2454681.904           10.5            3.8
     2454683.97           29.8            3.8
    2454711.893           23.8            4.1
    2454713.873          -16.8            4.2
    2454715.882           -0.8            4.6
    2454716.875           16.6            4.1
    2454753.885            3.2            3.6
     2454755.85          -14.8            3.8
    2454777.733           21.0            4.1
    2454806.796           26.7            5.5
     2454808.77          -11.0            4.3
    2454809.763          -18.2            6.1
    2455026.973           10.1            5.7
    2455063.965           -9.8            5.0
    2455099.996          -15.7            4.9
    2455116.856           24.1            6.8
    2455154.739           15.0            7.6
    2455174.788          -14.4            5.8
    2455364.972           25.2            5.0
    2455419.012           12.8            4.7
    2455446.847            8.4            3.6
    2455446.856            7.9            3.1
    2455463.833          -20.4            5.2
    2455466.842           21.4            4.8
    2455569.653           11.8            4.1
    2455571.713            6.6            4.6
    2455572.671            0.6            4.8
    2455621.621          -15.9            4.6
    2455757.974           34.1            5.0
    2455803.919            5.7            4.3
    2455806.936           10.4            4.3
    2455828.781           -8.9            4.2
    2455831.849           10.7            5.1
    2455861.842           10.4            4.2
    2455864.796            0.1            4.4
    2455892.745            9.4            4.9
