    2451745.994            8.2            4.3
    2451778.895            0.1            3.7
    2451808.867           10.2            3.6
    2451853.766            2.9            4.1
    2451856.801            5.3            4.6
    2451898.637            9.8            8.0
    2451932.609            1.3            3.9
    2452163.861            7.5            4.9
    2452175.851           -0.3            4.0
    2452307.598            2.4            4.5
    2452465.989            5.1            5.3
    2452483.985           10.9            5.0
    2452494.987            7.9            5.0
    2452517.936           -1.1            5.2
     2452528.91            2.4            5.2
     2452530.91            5.8            4.5
    2452541.904            7.4            4.5
    2452543.883            6.8            5.0
    2452559.914            0.2            6.4
    2452561.795            8.6            8.4
    2452571.791            4.9            5.0
     2452589.81            9.4            5.7
    2452603.782            5.8            4.9
    2452605.724            8.0            4.8
    2452616.772            9.5            5.9
    2452665.604            4.9            4.2
    2452668.611            5.8            5.3
    2452837.972            0.5            5.4
    2452861.963            0.8            4.1
    2452863.985            4.6            5.2
    2452879.918            0.1            4.2
    2452880.947            4.3            5.0
    2452898.911            9.3            4.7
    2452900.928            8.6            4.8
    2452932.839            3.8            4.3
    2452934.804            5.7            4.6
    2452963.753            5.9            5.2
    2452965.809            2.0            5.4
     2453022.63           10.1            5.6
     2453208.01           -2.2            3.8
    2453209.978            5.1            3.7
    2453214.961            1.3            4.2
    2453231.961            8.6            4.0
    2453233.909            5.9            3.9
     2453235.96            6.5            4.2
    2453265.899           -1.1            3.8
    2453268.919            6.3            4.0
     2453269.81            6.9            3.5
    2453286.828            3.7            3.8
    2453324.713            5.7            5.5
    2453354.654           -0.4            3.8
    2453400.642           12.9            7.5
    2453550.983            2.3            4.4
    2453578.964            2.1            4.6
    2453613.923            1.4            4.2
    2453654.771            3.1            4.1
    2453701.724            1.7            4.6
    2453740.745            3.0            4.7
    2453911.993            4.4            3.6
    2453917.013            4.6            3.9
    2453934.974            2.0            3.9
    2453968.925            6.5            3.2
    2453981.851            4.3            3.8
    2453985.899            3.5            4.0
    2454055.755            5.0            3.9
    2454297.975            4.6            4.1
    2454300.974            4.1            4.0
    2454314.939            4.9            3.6
    2454318.981            4.0            4.2
    2454344.859            3.4            4.3
    2454348.917            5.1            4.0
    2454391.887            3.1            5.4
    2454394.775            4.5            4.2
    2454418.777            3.4            4.5
    2454420.763           -1.2            4.2
    2454440.653           -2.4            3.4
    2454443.651            8.7            3.6
    2454481.638            7.3            3.9
    2454503.651            6.0            4.3
    2454645.984            8.2            4.5
    2454646.968           -0.1            4.2
    2454668.009            5.2            3.7
    2454681.904            6.0            3.8
     2454683.97            5.0            3.8
    2454711.893            4.3            4.1
    2454713.873            2.6            4.2
    2454715.882           -2.7            4.6
    2454716.875            4.8            4.1
    2454753.885            1.9            3.6
     2454755.85            2.0            3.8
    2454777.733            2.1            4.1
    2454806.796            2.5            5.5
     2454808.77            3.4            4.3
    2454809.763            5.8            6.1
    2455026.973            3.3            5.7
    2455063.965            0.9            5.0
    2455099.996           -0.7            4.9
    2455116.856            7.7            6.8
    2455154.739           10.6            7.6
    2455174.788            3.0            5.8
    2455364.972            4.7            5.0
    2455419.012           10.5            4.7
    2455446.847            4.5            3.6
    2455446.856            4.0            3.1
    2455463.833           -0.3            5.2
    2455466.842            7.2            4.8
    2455569.653            5.8            4.1
    2455571.713           12.0            4.6
    2455572.671            4.2            4.8
    2455621.621           -0.9            4.6
    2455757.974            6.9            5.0
    2455803.919            4.7            4.3
    2455806.936            5.6            4.3
    2455828.781            5.0            4.2
    2455831.849            6.3            5.1
    2455861.842            5.4            4.2
    2455864.796            3.2            4.4
    2455892.745            5.5            4.9
