    2451745.994           -1.0            4.3
    2451778.895           -5.1            3.7
    2451808.867           -2.8            3.6
    2451853.766           -6.2            4.1
    2451856.801            2.7            4.6
    2451898.637           12.7            8.0
    2451932.609            5.7            3.9
    2452163.861            2.6            4.9
    2452175.851           -1.1            4.0
    2452307.598           -1.2            4.5
    2452465.989            1.1            5.3
    2452483.985           19.5            5.0
    2452494.987           -5.2            5.0
    2452517.936           15.8            5.2
     2452528.91            2.4            5.2
     2452530.91            2.0            4.5
    2452541.904            3.9            4.5
    2452543.883           10.1            5.0
    2452559.914            1.3            6.4
    2452561.795            4.0            8.4
    2452571.791           -0.6            5.0
     2452589.81            0.1            5.7
    2452603.782            1.6            4.9
    2452605.724            6.1            4.8
    2452616.772            3.3            5.9
    2452665.604           -3.2            4.2
    2452668.611            9.7            5.3
    2452837.972           12.0            5.4
    2452861.963            3.1            4.1
    2452863.985            0.4            5.2
    2452879.918            0.9            4.2
    2452880.947           -1.2            5.0
    2452898.911            3.2            4.7
    2452900.928            7.8            4.8
    2452932.839            9.9            4.3
    2452934.804           17.1            4.6
    2452963.753           11.8            5.2
    2452965.809           16.0            5.4
     2453022.63           -7.0            5.6
     2453208.01           -5.5            3.8
    2453209.978           -4.1            3.7
    2453214.961            1.7            4.2
    2453231.961           18.7            4.0
    2453233.909           13.2            3.9
     2453235.96            6.7            4.2
    2453265.899           11.7            3.8
    2453268.919            1.1            4.0
     2453269.81           -3.3            3.5
    2453286.828           -2.6            3.8
    2453324.713           17.2            5.5
    2453354.654           13.2            3.8
    2453400.642           10.1            7.5
    2453550.983            6.3            4.4
    2453578.964            1.9            4.6
    2453613.923            0.8            4.2
    2453654.771           14.1            4.1
    2453701.724           -1.2            4.6
    2453740.745            1.4            4.7
    2453911.993           14.9            3.6
    2453917.013           14.6            3.9
    2453934.974            0.7            3.9
    2453968.925           -3.3            3.2
    2453981.851            6.6            3.8
    2453985.899           -2.1            4.0
    2454055.755            2.6            3.9
    2454297.975            5.1            4.1
    2454300.974           12.3            4.0
    2454314.939           -6.5            3.6
    2454318.981            1.2            4.2
    2454344.859           -3.0            4.3
    2454348.917           -5.1            4.0
    2454391.887            1.3            5.4
    2454394.775            6.8            4.2
    2454418.777           -1.2            4.5
    2454420.763           -3.1            4.2
    2454440.653            4.4            3.4
    2454443.651            5.4            3.6
    2454481.638           -7.4            3.9
    2454503.651            7.4            4.3
    2454645.984           -0.7            4.5
    2454646.968            1.1            4.2
    2454668.009            4.4            3.7
    2454681.904           -1.8            3.8
     2454683.97           -1.5            3.8
    2454711.893            0.1            4.1
    2454713.873            0.9            4.2
    2454715.882           -0.3            4.6
    2454716.875           -2.0            4.1
    2454753.885           11.1            3.6
     2454755.85           14.0            3.8
    2454777.733           -3.6            4.1
    2454806.796            1.2            5.5
     2454808.77           -5.3            4.3
    2454809.763           -4.8            6.1
    2455026.973           -0.0            5.7
    2455063.965           -2.3            5.0
    2455099.996            3.8            4.9
    2455116.856           18.3            6.8
    2455154.739            6.9            7.6
    2455174.788           14.1            5.8
    2455364.972            5.3            5.0
    2455419.012           -7.9            4.7
    2455446.847           -0.8            3.6
    2455446.856           -1.3            3.1
    2455463.833           -2.7            5.2
    2455466.842            2.7            4.8
    2455569.653            9.2            4.1
    2455571.713            8.0            4.6
    2455572.671            5.9            4.8
    2455621.621           -9.6            4.6
    2455757.974            2.6            5.0
    2455803.919            6.4            4.3
    2455806.936           -4.3            4.3
    2455828.781           16.8            4.2
    2455831.849           17.5            5.1
    2455861.842           16.7            4.2
    2455864.796           14.9            4.4
    2455892.745           18.4            4.9
