    2451745.994            0.3            4.3
    2451778.895           -3.0            3.7
    2451808.867            4.6            3.6
    2451853.766            9.6            4.1
    2451856.801           -6.4            4.6
    2451898.637            1.5            8.0
    2451932.609           12.5            3.9
    2452163.861            6.8            4.9
    2452175.851           -1.9            4.0
    2452307.598            3.0            4.5
    2452465.989            6.5            5.3
    2452483.985            7.7            5.0
    2452494.987            2.7            5.0
    2452517.936            9.2            5.2
     2452528.91           -4.2            5.2
     2452530.91            0.3            4.5
    2452541.904            3.1            4.5
    2452543.883            2.1            5.0
    2452559.914           -2.3            6.4
    2452561.795            0.2            8.4
    2452571.791            4.7            5.0
     2452589.81            4.5            5.7
    2452603.782            3.1            4.9
    2452605.724            1.5            4.8
    2452616.772            3.1            5.9
    2452665.604            2.9            4.2
    2452668.611            3.7            5.3
    2452837.972            3.3            5.4
    2452861.963            4.3            4.1
    2452863.985           12.7            5.2
    2452879.918           14.8            4.2
    2452880.947            6.0            5.0
    2452898.911           10.4            4.7
    2452900.928           11.8            4.8
    2452932.839            1.8            4.3
    2452934.804            7.8            4.6
    2452963.753            5.2            5.2
    2452965.809            7.2            5.4
     2453022.63           11.7            5.6
     2453208.01            7.2            3.8
    2453209.978           14.2            3.7
    2453214.961           -1.3            4.2
    2453231.961           -1.5            4.0
    2453233.909           -4.0            3.9
     2453235.96           -7.4            4.2
    2453265.899            5.7            3.8
    2453268.919           14.7            4.0
     2453269.81            9.7            3.5
    2453286.828            5.6            3.8
    2453324.713           10.6            5.5
    2453354.654           -0.6            3.8
    2453400.642            5.7            7.5
    2453550.983            4.8            4.4
    2453578.964           12.3            4.6
    2453613.923            3.5            4.2
    2453654.771            3.2            4.1
    2453701.724            2.4            4.6
    2453740.745            5.1            4.7
    2453911.993            6.6            3.6
    2453917.013           13.5            3.9
    2453934.974           -6.9            3.9
    2453968.925            4.5            3.2
    2453981.851           11.7            3.8
    2453985.899            1.5            4.0
    2454055.755            7.8            3.9
    2454297.975           -7.8            4.1
    2454300.974            8.6            4.0
    2454314.939            7.5            3.6
    2454318.981            1.0            4.2
    2454344.859           11.1            4.3
    2454348.917            2.8            4.0
    2454391.887           -1.9            5.4
    2454394.775            0.8            4.2
    2454418.777            6.8            4.5
    2454420.763            6.5            4.2
    2454440.653            2.8            3.4
    2454443.651           10.9            3.6
    2454481.638           14.8            3.9
    2454503.651            6.7            4.3
    2454645.984           10.1            4.5
    2454646.968            9.7            4.2
    2454668.009            2.4            3.7
    2454681.904            1.4            3.8
     2454683.97            5.7            3.8
    2454711.893           10.1            4.1
    2454713.873            7.6            4.2
    2454715.882            1.9            4.6
    2454716.875           10.5            4.1
    2454753.885            1.8            3.6
     2454755.85            4.5            3.8
    2454777.733           10.6            4.1
    2454806.796            8.6            5.5
     2454808.77            3.4            4.3
    2454809.763           -6.1            6.1
    2455026.973            2.9            5.7
    2455063.965           -0.4            5.0
    2455099.996           -6.7            4.9
    2455116.856           13.4            6.8
    2455154.739           10.5            7.6
    2455174.788            4.0            5.8
    2455364.972           -0.2            5.0
    2455419.012            9.3            4.7
    2455446.847            7.4            3.6
    2455446.856            6.9            3.1
    2455463.833           12.5            5.2
    2455466.842           -6.4            4.8
    2455569.653           -7.5            4.1
    2455571.713           -3.0            4.6
    2455572.671            6.6            4.8
    2455621.621            3.7            4.6
    2455757.974           12.1            5.0
    2455803.919            8.6            4.3
    2455806.936           -4.4            4.3
    2455828.781           10.4            4.2
    2455831.849            8.0            5.1
    2455861.842            0.8            4.2
    2455864.796            4.0            4.4
    2455892.745           -2.3            4.9
