    2451745.994           -4.0            4.3
    2451778.895           13.4            3.7
    2451808.867            4.4            3.6
    2451853.766            2.9            4.1
    2451856.801            6.7            4.6
    2451898.637           12.7            8.0
    2451932.609           -1.0            3.9
    2452163.861            8.7            4.9
    2452175.851           23.9            4.0
    2452307.598           -5.2            4.5
    2452465.989            5.5            5.3
    2452483.985            4.7            5.0
    2452494.987            0.3            5.0
    2452517.936            2.3            5.2
     2452528.91           -7.2            5.2
     2452530.91           -0.8            4.5
    2452541.904           -8.8            4.5
    2452543.883            3.0            5.0
    2452559.914            9.0            6.4
    2452561.795           23.2            8.4
    2452571.791           -6.3            5.0
     2452589.81           21.0            5.7
    2452603.782           24.2            4.9
    2452605.724            0.2            4.8
    2452616.772           18.9            5.9
    2452665.604            0.7            4.2
    2452668.611            5.7            5.3
    2452837.972            9.7            5.4
    2452861.963           -0.5            4.1
    2452863.985           15.9            5.2
    2452879.918           14.8            4.2
    2452880.947            8.8            5.0
    2452898.911          -15.6            4.7
    2452900.928            1.2            4.8
    2452932.839            2.0            4.3
    2452934.804            8.1            4.6
    2452963.753           10.2            5.2
    2452965.809            6.2            5.4
     2453022.63            4.6            5.6
     2453208.01            3.9            3.8
    2453209.978            7.5            3.7
    2453214.961            4.5            4.2
    2453231.961           -4.0            4.0
    2453233.909          -13.6            3.9
     2453235.96           19.3            4.2
    2453265.899           11.5            3.8
    2453268.919            1.6            4.0
     2453269.81            1.9            3.5
    2453286.828            7.3            3.8
    2453324.713            7.8            5.5
    2453354.654           -3.7            3.8
    2453400.642            8.5            7.5
    2453550.983            1.7            4.4
    2453578.964            1.3            4.6
    2453613.923           17.5            4.2
    2453654.771           17.3            4.1
    2453701.724            4.0            4.6
    2453740.745           -8.2            4.7
    2453911.993            4.8            3.6
    2453917.013            1.3            3.9
    2453934.974            6.9            3.9
    2453968.925            3.9            3.2
    2453981.851            4.4            3.8
    2453985.899           14.7            4.0
    2454055.755            1.8            3.9
    2454297.975           13.7            4.1
    2454300.974            9.5            4.0
    2454314.939           11.3            3.6
    2454318.981            0.5            4.2
    2454344.859            3.3            4.3
    2454348.917            2.5            4.0
    2454391.887           -6.0            5.4
    2454394.775           11.2            4.2
    2454418.777           -0.5            4.5
    2454420.763            5.6            4.2
    2454440.653            6.9            3.4
    2454443.651           -6.6            3.6
    2454481.638            4.3            3.9
    2454503.651            2.7            4.3
    2454645.984           17.3            4.5
    2454646.968           23.0            4.2
    2454668.009            2.3            3.7
    2454681.904            1.8            3.8
     2454683.97            3.6            3.8
    2454711.893           12.1            4.1
    2454713.873            7.5            4.2
    2454715.882           12.0            4.6
    2454716.875            5.3            4.1
    2454753.885            4.1            3.6
     2454755.85            0.3            3.8
    2454777.733          -14.4            4.1
    2454806.796           12.6            5.5
     2454808.77           23.5            4.3
    2454809.763           12.0            6.1
    2455026.973           -4.8            5.7
    2455063.965            0.6            5.0
    2455099.996           13.6            4.9
    2455116.856           -2.3            6.8
    2455154.739            5.9            7.6
    2455174.788           -6.6            5.8
    2455364.972            7.3            5.0
    2455419.012           -0.3            4.7
    2455446.847            6.8            3.6
    2455446.856            5.8            3.1
    2455463.833            5.4            5.2
    2455466.842           -5.3            4.8
    2455569.653           19.3            4.1
    2455571.713           -1.4            4.6
    2455572.671          -11.5            4.8
    2455621.621           18.7            4.6
    2455757.974           11.2            5.0
    2455803.919            8.5            4.3
    2455806.936           12.5            4.3
    2455828.781           -2.1            4.2
    2455831.849           22.0            5.1
    2455861.842           -4.1            4.2
    2455864.796          -13.9            4.4
    2455892.745           -5.1            4.9
