    2451745.994          -14.9            4.3
    2451778.895           33.8            3.7
    2451808.867           -3.9            3.6
    2451853.766          -14.4            4.1
    2451856.801            0.8            4.6
    2451898.637            9.8            8.0
    2451932.609            5.1            3.9
    2452163.861           -7.6            4.9
    2452175.851            4.0            4.0
    2452307.598           -9.5            4.5
    2452465.989           16.3            5.3
    2452483.985            2.7            5.0
    2452494.987            9.1            5.0
    2452517.936          -17.2            5.2
     2452528.91           13.0            5.2
     2452530.91          -28.7            4.5
    2452541.904           20.6            4.5
    2452543.883          -11.7            5.0
    2452559.914           19.6            6.4
    2452561.795           -5.7            8.4
    2452571.791            0.5            5.0
     2452589.81           13.7            5.7
    2452603.782          -17.3            4.9
    2452605.724            9.1            4.8
    2452616.772          -21.7            5.9
    2452665.604            0.2            4.2
    2452668.611           10.0            5.3
    2452837.972           13.6            5.4
    2452861.963            1.5            4.1
    2452863.985           -1.1            5.2
    2452879.918           17.7            4.2
    2452880.947          -19.0            5.0
    2452898.911           23.9            4.7
    2452900.928            8.0            4.8
    2452932.839          -18.7            4.3
    2452934.804            7.7            4.6
    2452963.753            3.7            5.2
    2452965.809           29.1            5.4
     2453022.63            0.6            5.6
     2453208.01            6.9            3.8
    2453209.978           -6.8            3.7
    2453214.961           18.8            4.2
    2453231.961           -1.2            4.0
    2453233.909           20.4            3.9
     2453235.96           15.9            4.2
    2453265.899            8.7            3.8
    2453268.919           10.0            4.0
     2453269.81          -20.4            3.5
    2453286.828           -9.9            3.8
    2453324.713          -15.2            5.5
    2453354.654           12.2            3.8
    2453400.642           15.9            7.5
    2453550.983           -2.0            4.4
    2453578.964            4.3            4.6
    2453613.923           10.0            4.2
    2453654.771           16.8            4.1
    2453701.724           21.3            4.6
    2453740.745           12.0            4.7
    2453911.993          -19.3            3.6
    2453917.013           -6.5            3.9
    2453934.974           -0.1            3.9
    2453968.925           -7.5            3.2
    2453981.851          -11.2            3.8
    2453985.899           14.9            4.0
    2454055.755           12.9            3.9
    2454297.975           -2.5            4.1
    2454300.974          -17.6            4.0
    2454314.939            5.4            3.6
    2454318.981           13.2            4.2
    2454344.859           19.0            4.3
    2454348.917           10.6            4.0
    2454391.887           21.5            5.4
    2454394.775            9.8            4.2
    2454418.777            0.1            4.5
    2454420.763           -5.7            4.2
    2454440.653           -1.0            3.4
    2454443.651            4.7            3.6
    2454481.638           12.7            3.9
    2454503.651           18.0            4.3
    2454645.984           -4.3            4.5
    2454646.968            5.8            4.2
    2454668.009           -0.1            3.7
    2454681.904           24.8            3.8
     2454683.97           -4.8            3.8
    2454711.893           19.2            4.1
    2454713.873            7.6            4.2
    2454715.882          -10.4            4.6
    2454716.875           14.1            4.1
    2454753.885            8.0            3.6
     2454755.85           30.2            3.8
    2454777.733           27.3            4.1
    2454806.796           28.3            5.5
     2454808.77           -6.9            4.3
    2454809.763            0.6            6.1
    2455026.973           22.2            5.7
    2455063.965           10.8            5.0
    2455099.996           17.8            4.9
    2455116.856           25.0            6.8
    2455154.739            5.5            7.6
    2455174.788          -12.6            5.8
    2455364.972           11.6            5.0
    2455419.012           26.3            4.7
    2455446.847           18.0            3.6
    2455446.856           17.0            3.1
    2455463.833           12.1            5.2
    2455466.842           43.6            4.8
    2455569.653            7.5            4.1
    2455571.713           -4.2            4.6
    2455572.671           -0.6            4.8
    2455621.621            5.2            4.6
    2455757.974           -3.3            5.0
    2455803.919            8.7            4.3
    2455806.936           -9.1            4.3
    2455828.781           -5.3            4.2
    2455831.849           -9.9            5.1
    2455861.842           -4.4            4.2
    2455864.796           10.7            4.4
    2455892.745           -4.8            4.9
