    2451745.994            1.1            4.3
    2451778.895           -2.0            3.7
    2451808.867            7.2            3.6
    2451853.766          -15.8            4.1
    2451856.801           23.9            4.6
    2451898.637           28.2            8.0
    2451932.609           16.4            3.9
    2452163.861           -3.5            4.9
    2452175.851           -5.6            4.0
    2452307.598           -4.7            4.5
    2452465.989           -5.1            5.3
    2452483.985           30.1            5.0
    2452494.987            1.2            5.0
    2452517.936            4.0            5.2
     2452528.91           -7.9            5.2
     2452530.91            0.9            4.5
    2452541.904            6.4            4.5
    2452543.883            3.9            5.0
    2452559.914           -3.1            6.4
    2452561.795            6.1            8.4
    2452571.791            3.2            5.0
     2452589.81          -16.9            5.7
    2452603.782            7.8            4.9
    2452605.724           19.4            4.8
    2452616.772           10.4            5.9
    2452665.604           10.5            4.2
    2452668.611           30.3            5.3
    2452837.972            9.7            5.4
    2452861.963          -19.8            4.1
    2452863.985           -3.2            5.2
    2452879.918           15.8            4.2
    2452880.947           -8.4            5.0
    2452898.911           19.8            4.7
    2452900.928           -5.0            4.8
    2452932.839           -5.9            4.3
    2452934.804          -18.9            4.6
    2452963.753           -4.3            5.2
    2452965.809           -5.2            5.4
     2453022.63            9.3            5.6
     2453208.01           23.1            3.8
    2453209.978           21.3            3.7
    2453214.961           -2.8            4.2
    2453231.961           21.9            4.0
    2453233.909           -0.5            3.9
     2453235.96          -15.6            4.2
    2453265.899          -11.1            3.8
    2453268.919            7.6            4.0
     2453269.81           -5.7            3.5
    2453286.828          -20.4            3.8
    2453324.713           34.0            5.5
    2453354.654           12.5            3.8
    2453400.642           -4.7            7.5
    2453550.983            3.0            4.4
    2453578.964           -8.1            4.6
    2453613.923           20.8            4.2
    2453654.771            7.0            4.1
    2453701.724            0.4            4.6
    2453740.745            8.6            4.7
    2453911.993          -10.4            3.6
    2453917.013           13.4            3.9
    2453934.974           -0.6            3.9
    2453968.925           16.4            3.2
    2453981.851           11.4            3.8
    2453985.899           -1.2            4.0
    2454055.755            1.8            3.9
    2454297.975          -16.3            4.1
    2454300.974           15.2            4.0
    2454314.939           -0.0            3.6
    2454318.981           -2.4            4.2
    2454344.859           22.4            4.3
    2454348.917          -24.9            4.0
    2454391.887            8.8            5.4
    2454394.775           12.9            4.2
    2454418.777            9.2            4.5
    2454420.763           -0.8            4.2
    2454440.653            3.3            3.4
    2454443.651          -18.6            3.6
    2454481.638            8.6            3.9
    2454503.651            3.7            4.3
    2454645.984            9.8            4.5
    2454646.968           18.0            4.2
    2454668.009            4.1            3.7
    2454681.904          -13.4            3.8
     2454683.97            1.2            3.8
    2454711.893           -8.5            4.1
    2454713.873          -16.0            4.2
    2454715.882           -3.0            4.6
    2454716.875           16.9            4.1
    2454753.885           -4.6            3.6
     2454755.85            9.0            3.8
    2454777.733           15.2            4.1
    2454806.796            0.3            5.5
     2454808.77            8.4            4.3
    2454809.763           27.0            6.1
    2455026.973          -11.2            5.7
    2455063.965            3.2            5.0
    2455099.996            3.3            4.9
    2455116.856          -10.6            6.8
    2455154.739           27.0            7.6
    2455174.788           14.9            5.8
    2455364.972           17.6            5.0
    2455419.012           -6.0            4.7
    2455446.847           18.1            3.6
    2455446.856           17.2            3.1
    2455463.833           -8.3            5.2
    2455466.842            7.3            4.8
    2455569.653           20.2            4.1
    2455571.713           -1.9            4.6
    2455572.671            7.6            4.8
    2455621.621           14.4            4.6
    2455757.974           12.4            5.0
    2455803.919          -12.1            4.3
    2455806.936           -4.5            4.3
    2455828.781           -3.8            4.2
    2455831.849           19.7            5.1
    2455861.842           28.2            4.2
    2455864.796           -2.2            4.4
    2455892.745           15.1            4.9
