    2451745.994           -3.5            4.3
    2451778.895            4.5            3.7
    2451808.867            2.9            3.6
    2451853.766            5.6            4.1
    2451856.801            3.1            4.6
    2451898.637           10.3            8.0
    2451932.609            2.0            3.9
    2452163.861            4.9            4.9
    2452175.851           12.2            4.0
    2452307.598            6.4            4.5
    2452465.989            7.3            5.3
    2452483.985           -0.3            5.0
    2452494.987           10.4            5.0
    2452517.936            5.9            5.2
     2452528.91            2.9            5.2
     2452530.91            6.5            4.5
    2452541.904           -2.0            4.5
    2452543.883            2.4            5.0
    2452559.914           11.1            6.4
    2452561.795            9.5            8.4
    2452571.791            5.7            5.0
     2452589.81            1.1            5.7
    2452603.782           -1.3            4.9
    2452605.724           -0.8            4.8
    2452616.772            4.2            5.9
    2452665.604           12.5            4.2
    2452668.611            8.0            5.3
    2452837.972            6.8            5.4
    2452861.963            5.6            4.1
    2452863.985            7.9            5.2
    2452879.918            5.6            4.2
    2452880.947            4.4            5.0
    2452898.911            5.0            4.7
    2452900.928            9.7            4.8
    2452932.839            1.3            4.3
    2452934.804           -3.9            4.6
    2452963.753            6.2            5.2
    2452965.809           -0.7            5.4
     2453022.63            5.1            5.6
     2453208.01            9.0            3.8
    2453209.978            5.5            3.7
    2453214.961           -1.1            4.2
    2453231.961            6.9            4.0
    2453233.909            4.5            3.9
     2453235.96            6.8            4.2
    2453265.899           -0.1            3.8
    2453268.919            3.5            4.0
     2453269.81            4.0            3.5
    2453286.828            6.1            3.8
    2453324.713           11.6            5.5
    2453354.654            5.9            3.8
    2453400.642            5.6            7.5
    2453550.983           12.5            4.4
    2453578.964            5.4            4.6
    2453613.923            8.6            4.2
    2453654.771            6.7            4.1
    2453701.724            4.3            4.6
    2453740.745            7.0            4.7
    2453911.993            7.9            3.6
    2453917.013           -2.3            3.9
    2453934.974            7.8            3.9
    2453968.925            6.7            3.2
    2453981.851            3.1            3.8
    2453985.899            5.9            4.0
    2454055.755            6.5            3.9
    2454297.975            5.9            4.1
    2454300.974            0.9            4.0
    2454314.939            7.8            3.6
    2454318.981            5.8            4.2
    2454344.859            9.8            4.3
    2454348.917            4.1            4.0
    2454391.887           -1.9            5.4
    2454394.775            6.9            4.2
    2454418.777            3.5            4.5
    2454420.763            5.8            4.2
    2454440.653            0.4            3.4
    2454443.651            0.1            3.6
    2454481.638            3.7            3.9
    2454503.651            2.7            4.3
    2454645.984            4.2            4.5
    2454646.968            6.1            4.2
    2454668.009            5.6            3.7
    2454681.904            2.7            3.8
     2454683.97            4.0            3.8
    2454711.893           -0.1            4.1
    2454713.873            4.6            4.2
    2454715.882           13.4            4.6
    2454716.875            6.2            4.1
    2454753.885            3.7            3.6
     2454755.85            7.9            3.8
    2454777.733           -0.9            4.1
    2454806.796            5.9            5.5
     2454808.77            4.7            4.3
    2454809.763            5.8            6.1
    2455026.973           -0.2            5.7
    2455063.965            1.3            5.0
    2455099.996            6.9            4.9
    2455116.856            6.4            6.8
    2455154.739            5.5            7.6
    2455174.788            6.0            5.8
    2455364.972            5.2            5.0
    2455419.012           -1.9            4.7
    2455446.847            9.2            3.6
    2455446.856            8.7            3.1
    2455463.833            4.1            5.2
    2455466.842            3.5            4.8
    2455569.653            0.3            4.1
    2455571.713           -1.0            4.6
    2455572.671            3.3            4.8
    2455621.621            4.5            4.6
    2455757.974            6.1            5.0
    2455803.919           -3.5            4.3
    2455806.936           -0.4            4.3
    2455828.781            3.3            4.2
    2455831.849            4.8            5.1
    2455861.842            1.5            4.2
    2455864.796           10.0            4.4
    2455892.745            7.9            4.9
