    2451745.994           14.4            4.3
    2451778.895            9.4            3.7
    2451808.867            1.5            3.6
    2451853.766            1.0            4.1
    2451856.801            3.8            4.6
    2451898.637            5.8            8.0
    2451932.609            5.9            3.9
    2452163.861            2.6            4.9
    2452175.851            5.1            4.0
    2452307.598            5.7            4.5
    2452465.989           -2.4            5.3
    2452483.985            5.2            5.0
    2452494.987            7.8            5.0
    2452517.936            4.5            5.2
     2452528.91            5.9            5.2
     2452530.91            7.4            4.5
    2452541.904           -5.0            4.5
    2452543.883            4.8            5.0
    2452559.914            4.5            6.4
    2452561.795           16.3            8.4
    2452571.791           -3.3            5.0
     2452589.81            3.5            5.7
    2452603.782           12.2            4.9
    2452605.724            1.5            4.8
    2452616.772           -0.9            5.9
    2452665.604           -0.3            4.2
    2452668.611            2.6            5.3
    2452837.972           -0.8            5.4
    2452861.963            1.7            4.1
    2452863.985           12.1            5.2
    2452879.918           -4.4            4.2
    2452880.947            3.1            5.0
    2452898.911            7.1            4.7
    2452900.928            3.5            4.8
    2452932.839            9.8            4.3
    2452934.804            1.4            4.6
    2452963.753            2.3            5.2
    2452965.809            6.3            5.4
     2453022.63            8.1            5.6
     2453208.01           11.9            3.8
    2453209.978            7.4            3.7
    2453214.961            3.7            4.2
    2453231.961            5.5            4.0
    2453233.909           -3.3            3.9
     2453235.96           -2.8            4.2
    2453265.899            0.3            3.8
    2453268.919           -0.6            4.0
     2453269.81           -6.5            3.5
    2453286.828            9.9            3.8
    2453324.713            8.6            5.5
    2453354.654           -1.7            3.8
    2453400.642           14.8            7.5
    2453550.983            1.8            4.4
    2453578.964            5.5            4.6
    2453613.923           -5.4            4.2
    2453654.771            5.7            4.1
    2453701.724           -2.6            4.6
    2453740.745           -2.8            4.7
    2453911.993            8.4            3.6
    2453917.013            7.3            3.9
    2453934.974            5.5            3.9
    2453968.925            5.5            3.2
    2453981.851            5.1            3.8
    2453985.899            5.3            4.0
    2454055.755            8.8            3.9
    2454297.975           12.7            4.1
    2454300.974           10.6            4.0
    2454314.939           -4.4            3.6
    2454318.981            8.5            4.2
    2454344.859           -4.5            4.3
    2454348.917            3.9            4.0
    2454391.887            6.3            5.4
    2454394.775            7.4            4.2
    2454418.777            9.6            4.5
    2454420.763           -1.1            4.2
    2454440.653            6.0            3.4
    2454443.651            7.8            3.6
    2454481.638           10.3            3.9
    2454503.651            4.5            4.3
    2454645.984            6.8            4.5
    2454646.968            0.1            4.2
    2454668.009           -2.2            3.7
    2454681.904           11.2            3.8
     2454683.97            8.7            3.8
    2454711.893           12.9            4.1
    2454713.873            7.2            4.2
    2454715.882            4.5            4.6
    2454716.875            7.2            4.1
    2454753.885           13.8            3.6
     2454755.85            3.8            3.8
    2454777.733            4.4            4.1
    2454806.796           -3.0            5.5
     2454808.77            4.4            4.3
    2454809.763           -3.7            6.1
    2455026.973            5.1            5.7
    2455063.965            5.8            5.0
    2455099.996            3.9            4.9
    2455116.856            6.6            6.8
    2455154.739            2.8            7.6
    2455174.788            6.0            5.8
    2455364.972            4.6            5.0
    2455419.012            6.7            4.7
    2455446.847            2.5            3.6
    2455446.856            1.9            3.1
    2455463.833            7.4            5.2
    2455466.842            6.1            4.8
    2455569.653           12.0            4.1
    2455571.713            7.1            4.6
    2455572.671           10.8            4.8
    2455621.621           -1.7            4.6
    2455757.974            3.7            5.0
    2455803.919            2.2            4.3
    2455806.936            0.0            4.3
    2455828.781           11.7            4.2
    2455831.849           14.3            5.1
    2455861.842            6.6            4.2
    2455864.796            8.2            4.4
    2455892.745            5.8            4.9
