    2451745.994            0.7            4.3
    2451778.895            4.1            3.7
    2451808.867           -8.9            3.6
    2451853.766            3.4            4.1
    2451856.801           -4.4            4.6
    2451898.637            2.3            8.0
    2451932.609           10.2            3.9
    2452163.861           -0.0            4.9
    2452175.851            4.2            4.0
    2452307.598            2.0            4.5
    2452465.989            1.7            5.3
    2452483.985           11.0            5.0
    2452494.987           -6.4            5.0
    2452517.936            1.3            5.2
     2452528.91            0.4            5.2
     2452530.91           -4.9            4.5
    2452541.904            7.5            4.5
    2452543.883            6.1            5.0
    2452559.914           -0.2            6.4
    2452561.795           -0.2            8.4
    2452571.791           -8.0            5.0
     2452589.81            1.6            5.7
    2452603.782           -0.5            4.9
    2452605.724           -6.3            4.8
    2452616.772            7.0            5.9
    2452665.604           -1.1            4.2
    2452668.611            8.1            5.3
    2452837.972           -2.2            5.4
    2452861.963            1.9            4.1
    2452863.985            3.4            5.2
    2452879.918           -7.3            4.2
    2452880.947            4.0            5.0
    2452898.911           -4.4            4.7
    2452900.928           -3.0            4.8
    2452932.839           -0.3            4.3
    2452934.804           -1.9            4.6
    2452963.753            5.2            5.2
    2452965.809            2.1            5.4
     2453022.63            7.8            5.6
     2453208.01            8.5            3.8
    2453209.978           10.3            3.7
    2453214.961           -3.8            4.2
    2453231.961            1.5            4.0
    2453233.909           -2.7            3.9
     2453235.96           -3.2            4.2
    2453265.899            8.5            3.8
    2453268.919           -1.4            4.0
     2453269.81            5.9            3.5
    2453286.828            8.3            3.8
    2453324.713            1.3            5.5
    2453354.654           -4.1            3.8
    2453400.642           10.0            7.5
    2453550.983            7.1            4.4
    2453578.964           -3.5            4.6
    2453613.923            4.8            4.2
    2453654.771            1.6            4.1
    2453701.724           -7.3            4.6
    2453740.745            0.3            4.7
    2453911.993           -1.8            3.6
    2453917.013           15.4            3.9
    2453934.974            3.0            3.9
    2453968.925            0.1            3.2
    2453981.851           -0.6            3.8
    2453985.899           -1.6            4.0
    2454055.755            3.0            3.9
    2454297.975            6.6            4.1
    2454300.974            4.5            4.0
    2454314.939           -2.5            3.6
    2454318.981            5.1            4.2
    2454344.859           -5.9            4.3
    2454348.917           -5.1            4.0
    2454391.887           -0.4            5.4
    2454394.775            4.9            4.2
    2454418.777           -4.6            4.5
    2454420.763           -4.1            4.2
    2454440.653            1.7            3.4
    2454443.651           -2.5            3.6
    2454481.638           -8.6            3.9
    2454503.651            4.3            4.3
    2454645.984           -2.0            4.5
    2454646.968            5.5            4.2
    2454668.009            6.8            3.7
    2454681.904            6.4            3.8
     2454683.97            5.3            3.8
    2454711.893           -5.4            4.1
    2454713.873           -1.3            4.2
    2454715.882            3.7            4.6
    2454716.875           -3.6            4.1
    2454753.885           -2.5            3.6
     2454755.85           -0.4            3.8
    2454777.733            8.8            4.1
    2454806.796           -1.5            5.5
     2454808.77           -2.1            4.3
    2454809.763           -0.6            6.1
    2455026.973            2.7            5.7
    2455063.965            2.7            5.0
    2455099.996            6.6            4.9
    2455116.856            4.3            6.8
    2455154.739            8.5            7.6
    2455174.788            1.4            5.8
    2455364.972            1.7            5.0
    2455419.012           -0.4            4.7
    2455446.847           -3.0            3.6
    2455446.856           -3.4            3.1
    2455463.833            3.8            5.2
    2455466.842            7.7            4.8
    2455569.653           -5.7            4.1
    2455571.713           -6.5            4.6
    2455572.671            3.7            4.8
    2455621.621            0.5            4.6
    2455757.974            4.1            5.0
    2455803.919           -2.5            4.3
    2455806.936           -1.7            4.3
    2455828.781            7.2            4.2
    2455831.849           -1.6            5.1
    2455861.842            4.3            4.2
    2455864.796            0.9            4.4
    2455892.745            2.0            4.9
