    2451745.994            6.8            4.3
    2451778.895           -0.9            3.7
    2451808.867            6.5            3.6
    2451853.766            8.0            4.1
    2451856.801           -0.5            4.6
    2451898.637           27.3            8.0
    2451932.609           -2.6            3.9
    2452163.861            5.6            4.9
    2452175.851           18.2            4.0
    2452307.598           -5.0            4.5
    2452465.989           10.0            5.3
    2452483.985           13.0            5.0
    2452494.987           22.2            5.0
    2452517.936           10.0            5.2
     2452528.91            3.9            5.2
     2452530.91            9.9            4.5
    2452541.904           11.7            4.5
    2452543.883            3.1            5.0
    2452559.914            7.5            6.4
    2452561.795           23.8            8.4
    2452571.791           -4.3            5.0
     2452589.81           22.3            5.7
    2452603.782           10.6            4.9
    2452605.724           29.3            4.8
    2452616.772           10.3            5.9
    2452665.604           11.0            4.2
    2452668.611           14.4            5.3
    2452837.972           18.5            5.4
    2452861.963            1.7            4.1
    2452863.985           -5.6            5.2
    2452879.918           -2.5            4.2
    2452880.947           12.2            5.0
    2452898.911           11.1            4.7
    2452900.928            9.8            4.8
    2452932.839           15.0            4.3
    2452934.804            0.8            4.6
    2452963.753           -9.3            5.2
    2452965.809           -4.2            5.4
     2453022.63            5.2            5.6
     2453208.01           -4.0            3.8
    2453209.978            6.8            3.7
    2453214.961            6.8            4.2
    2453231.961            1.0            4.0
    2453233.909           17.3            3.9
     2453235.96            1.1            4.2
    2453265.899           19.8            3.8
    2453268.919           17.2            4.0
     2453269.81            9.9            3.5
    2453286.828          -15.9            3.8
    2453324.713           17.9            5.5
    2453354.654            1.1            3.8
    2453400.642            5.7            7.5
    2453550.983           -1.6            4.4
    2453578.964          -10.3            4.6
    2453613.923           -7.6            4.2
    2453654.771           -0.4            4.1
    2453701.724          -13.3            4.6
    2453740.745            8.3            4.7
    2453911.993            6.7            3.6
    2453917.013            7.5            3.9
    2453934.974          -11.9            3.9
    2453968.925           13.3            3.2
    2453981.851          -10.5            3.8
    2453985.899            1.7            4.0
    2454055.755            3.5            3.9
    2454297.975            9.8            4.1
    2454300.974            5.6            4.0
    2454314.939            6.3            3.6
    2454318.981           -8.3            4.2
    2454344.859           -0.6            4.3
    2454348.917           -7.8            4.0
    2454391.887           14.0            5.4
    2454394.775            9.9            4.2
    2454418.777           16.9            4.5
    2454420.763           -6.6            4.2
    2454440.653           -8.8            3.4
    2454443.651           -3.1            3.6
    2454481.638           20.3            3.9
    2454503.651           -9.5            4.3
    2454645.984           -4.7            4.5
    2454646.968           10.6            4.2
    2454668.009            6.9            3.7
    2454681.904           10.0            3.8
     2454683.97           11.4            3.8
    2454711.893           13.0            4.1
    2454713.873            9.3            4.2
    2454715.882            0.8            4.6
    2454716.875           -8.3            4.1
    2454753.885            7.3            3.6
     2454755.85            1.4            3.8
    2454777.733            9.4            4.1
    2454806.796            6.5            5.5
     2454808.77            1.5            4.3
    2454809.763           11.1            6.1
    2455026.973           12.5            5.7
    2455063.965            6.6            5.0
    2455099.996           -7.0            4.9
    2455116.856            0.3            6.8
    2455154.739           12.7            7.6
    2455174.788           -6.9            5.8
    2455364.972          -13.0            5.0
    2455419.012            7.9            4.7
    2455446.847            5.5            3.6
    2455446.856            4.9            3.1
    2455463.833            2.0            5.2
    2455466.842            1.3            4.8
    2455569.653            8.5            4.1
    2455571.713           24.6            4.6
    2455572.671           16.3            4.8
    2455621.621            1.8            4.6
    2455757.974           23.4            5.0
    2455803.919            9.6            4.3
    2455806.936           -6.6            4.3
    2455828.781            7.0            4.2
    2455831.849           13.5            5.1
    2455861.842            8.0            4.2
    2455864.796           27.4            4.4
    2455892.745           13.2            4.9
