    2451745.994            5.3            4.3
    2451778.895            0.9            3.7
    2451808.867            9.7            3.6
    2451853.766            5.2            4.1
    2451856.801            5.4            4.6
    2451898.637           12.5            8.0
    2451932.609            4.4            3.9
    2452163.861            0.5            4.9
    2452175.851            5.5            4.0
    2452307.598           -0.4            4.5
    2452465.989           10.8            5.3
    2452483.985            3.6            5.0
    2452494.987            4.4            5.0
    2452517.936            9.8            5.2
     2452528.91            6.9            5.2
     2452530.91            7.9            4.5
    2452541.904            1.3            4.5
    2452543.883           -1.1            5.0
    2452559.914            7.0            6.4
    2452561.795            3.3            8.4
    2452571.791            4.0            5.0
     2452589.81            3.2            5.7
    2452603.782            5.2            4.9
    2452605.724            8.7            4.8
    2452616.772            8.8            5.9
    2452665.604           -1.1            4.2
    2452668.611            8.3            5.3
    2452837.972            7.0            5.4
    2452861.963            0.7            4.1
    2452863.985            2.1            5.2
    2452879.918            4.7            4.2
    2452880.947            2.7            5.0
    2452898.911            9.0            4.7
    2452900.928            5.2            4.8
    2452932.839            8.8            4.3
    2452934.804            8.3            4.6
    2452963.753            5.0            5.2
    2452965.809            5.7            5.4
     2453022.63            9.0            5.6
     2453208.01           -2.2            3.8
    2453209.978            5.3            3.7
    2453214.961            2.5            4.2
    2453231.961            6.2            4.0
    2453233.909            6.4            3.9
     2453235.96           13.4            4.2
    2453265.899            3.2            3.8
    2453268.919           -2.8            4.0
     2453269.81            2.0            3.5
    2453286.828           -3.0            3.8
    2453324.713           10.2            5.5
    2453354.654           -2.7            3.8
    2453400.642            9.6            7.5
    2453550.983            9.1            4.4
    2453578.964            3.8            4.6
    2453613.923            1.4            4.2
    2453654.771            5.1            4.1
    2453701.724            2.4            4.6
    2453740.745            1.6            4.7
    2453911.993            1.2            3.6
    2453917.013            2.0            3.9
    2453934.974            6.1            3.9
    2453968.925            1.3            3.2
    2453981.851            7.9            3.8
    2453985.899            3.9            4.0
    2454055.755            4.4            3.9
    2454297.975            4.1            4.1
    2454300.974           10.4            4.0
    2454314.939            4.4            3.6
    2454318.981            6.0            4.2
    2454344.859            3.5            4.3
    2454348.917            5.9            4.0
    2454391.887            3.3            5.4
    2454394.775           -0.7            4.2
    2454418.777            4.2            4.5
    2454420.763            6.5            4.2
    2454440.653            2.9            3.4
    2454443.651            4.5            3.6
    2454481.638            5.5            3.9
    2454503.651            3.7            4.3
    2454645.984            7.3            4.5
    2454646.968            1.9            4.2
    2454668.009            6.1            3.7
    2454681.904            7.4            3.8
     2454683.97            6.6            3.8
    2454711.893            1.6            4.1
    2454713.873            1.1            4.2
    2454715.882           -0.5            4.6
    2454716.875           -3.8            4.1
    2454753.885            8.5            3.6
     2454755.85            1.8            3.8
    2454777.733           -7.0            4.1
    2454806.796            5.6            5.5
     2454808.77            9.9            4.3
    2454809.763            9.1            6.1
    2455026.973            3.7            5.7
    2455063.965            7.9            5.0
    2455099.996           -0.1            4.9
    2455116.856            5.1            6.8
    2455154.739           12.0            7.6
    2455174.788            6.7            5.8
    2455364.972            7.7            5.0
    2455419.012           -2.0            4.7
    2455446.847            4.7            3.6
    2455446.856            4.1            3.1
    2455463.833            4.4            5.2
    2455466.842            3.3            4.8
    2455569.653           -0.6            4.1
    2455571.713            6.5            4.6
    2455572.671            6.0            4.8
    2455621.621           10.7            4.6
    2455757.974            5.3            5.0
    2455803.919            1.1            4.3
    2455806.936            0.9            4.3
    2455828.781            3.3            4.2
    2455831.849            6.8            5.1
    2455861.842            7.4            4.2
    2455864.796            4.7            4.4
    2455892.745            1.2            4.9
