    2451745.994            9.2            4.3
    2451778.895           -1.9            3.7
    2451808.867           -1.3            3.6
    2451853.766            5.2            4.1
    2451856.801            0.9            4.6
    2451898.637            6.9            8.0
    2451932.609           14.7            3.9
    2452163.861           10.0            4.9
    2452175.851            5.3            4.0
    2452307.598            5.4            4.5
    2452465.989           11.7            5.3
    2452483.985           14.6            5.0
    2452494.987            7.6            5.0
    2452517.936            8.7            5.2
     2452528.91            4.3            5.2
     2452530.91            6.9            4.5
    2452541.904           -0.2            4.5
    2452543.883            5.9            5.0
    2452559.914            2.1            6.4
    2452561.795            8.8            8.4
    2452571.791            8.9            5.0
     2452589.81            3.6            5.7
    2452603.782           14.1            4.9
    2452605.724            2.9            4.8
    2452616.772            0.7            5.9
    2452665.604            2.1            4.2
    2452668.611           -3.0            5.3
    2452837.972           11.3            5.4
    2452861.963           -4.1            4.1
    2452863.985           -9.3            5.2
    2452879.918            1.2            4.2
    2452880.947           11.5            5.0
    2452898.911           11.4            4.7
    2452900.928            5.8            4.8
    2452932.839            6.6            4.3
    2452934.804            0.6            4.6
    2452963.753            0.8            5.2
    2452965.809           10.6            5.4
     2453022.63           -4.4            5.6
     2453208.01            8.7            3.8
    2453209.978            7.7            3.7
    2453214.961           12.6            4.2
    2453231.961           -4.2            4.0
    2453233.909            0.8            3.9
     2453235.96            4.1            4.2
    2453265.899           -5.5            3.8
    2453268.919            4.7            4.0
     2453269.81            1.0            3.5
    2453286.828           -0.1            3.8
    2453324.713           -0.5            5.5
    2453354.654            2.0            3.8
    2453400.642           17.1            7.5
    2453550.983           14.5            4.4
    2453578.964            3.2            4.6
    2453613.923            3.0            4.2
    2453654.771            1.7            4.1
    2453701.724           -4.9            4.6
    2453740.745            4.4            4.7
    2453911.993           10.5            3.6
    2453917.013           -2.1            3.9
    2453934.974            7.3            3.9
    2453968.925            2.3            3.2
    2453981.851            8.8            3.8
    2453985.899            4.5            4.0
    2454055.755           -9.3            3.9
    2454297.975            7.5            4.1
    2454300.974            0.7            4.0
    2454314.939            4.8            3.6
    2454318.981            3.3            4.2
    2454344.859            4.6            4.3
    2454348.917            2.6            4.0
    2454391.887           -1.6            5.4
    2454394.775            8.7            4.2
    2454418.777            0.1            4.5
    2454420.763            0.9            4.2
    2454440.653            8.5            3.4
    2454443.651           -2.8            3.6
    2454481.638            1.8            3.9
    2454503.651            4.8            4.3
    2454645.984           -4.1            4.5
    2454646.968            3.3            4.2
    2454668.009            3.5            3.7
    2454681.904            3.3            3.8
     2454683.97            8.7            3.8
    2454711.893            0.5            4.1
    2454713.873            2.9            4.2
    2454715.882            8.3            4.6
    2454716.875            4.9            4.1
    2454753.885           11.0            3.6
     2454755.85            8.6            3.8
    2454777.733           -7.6            4.1
    2454806.796           -0.2            5.5
     2454808.77            8.2            4.3
    2454809.763            3.3            6.1
    2455026.973            3.3            5.7
    2455063.965           -1.0            5.0
    2455099.996           -1.9            4.9
    2455116.856           18.7            6.8
    2455154.739            4.6            7.6
    2455174.788            1.9            5.8
    2455364.972            9.3            5.0
    2455419.012            9.0            4.7
    2455446.847            2.4            3.6
    2455446.856            1.7            3.1
    2455463.833            3.3            5.2
    2455466.842            8.1            4.8
    2455569.653            4.7            4.1
    2455571.713           11.0            4.6
    2455572.671            7.7            4.8
    2455621.621            1.1            4.6
    2455757.974            1.9            5.0
    2455803.919           -5.6            4.3
    2455806.936            9.6            4.3
    2455828.781           -2.4            4.2
    2455831.849           -0.4            5.1
    2455861.842            7.9            4.2
    2455864.796           -0.5            4.4
    2455892.745            3.9            4.9
