    2451745.994           -4.2            4.3
    2451778.895           12.4            3.7
    2451808.867            7.5            3.6
    2451853.766           -4.6            4.1
    2451856.801            3.0            4.6
    2451898.637            7.5            8.0
    2451932.609            4.0            3.9
    2452163.861            9.1            4.9
    2452175.851            1.1            4.0
    2452307.598            6.2            4.5
    2452465.989            3.1            5.3
    2452483.985            1.0            5.0
    2452494.987           15.2            5.0
    2452517.936           14.0            5.2
     2452528.91           10.3            5.2
     2452530.91            3.6            4.5
    2452541.904           -4.1            4.5
    2452543.883           13.8            5.0
    2452559.914            9.7            6.4
    2452561.795           -2.3            8.4
    2452571.791           10.1            5.0
     2452589.81            2.3            5.7
    2452603.782           -5.0            4.9
    2452605.724           12.0            4.8
    2452616.772            3.7            5.9
    2452665.604            7.0            4.2
    2452668.611            3.1            5.3
    2452837.972           12.8            5.4
    2452861.963            4.7            4.1
    2452863.985            7.5            5.2
    2452879.918           12.8            4.2
    2452880.947            8.8            5.0
    2452898.911            0.2            4.7
    2452900.928           -1.9            4.8
    2452932.839            2.3            4.3
    2452934.804           -4.9            4.6
    2452963.753            8.8            5.2
    2452965.809            8.7            5.4
     2453022.63            2.3            5.6
     2453208.01            2.8            3.8
    2453209.978            5.4            3.7
    2453214.961           -1.0            4.2
    2453231.961            4.6            4.0
    2453233.909           10.7            3.9
     2453235.96           -4.2            4.2
    2453265.899            3.9            3.8
    2453268.919            7.5            4.0
     2453269.81           -5.3            3.5
    2453286.828            9.2            3.8
    2453324.713           10.5            5.5
    2453354.654           -4.2            3.8
    2453400.642           17.6            7.5
    2453550.983            2.4            4.4
    2453578.964           -4.6            4.6
    2453613.923           -1.6            4.2
    2453654.771            5.5            4.1
    2453701.724           11.6            4.6
    2453740.745            4.6            4.7
    2453911.993           15.5            3.6
    2453917.013           -5.5            3.9
    2453934.974           13.5            3.9
    2453968.925           17.0            3.2
    2453981.851            2.8            3.8
    2453985.899           -1.0            4.0
    2454055.755           -0.1            3.9
    2454297.975            8.3            4.1
    2454300.974           11.9            4.0
    2454314.939            5.0            3.6
    2454318.981            4.5            4.2
    2454344.859           -4.9            4.3
    2454348.917            2.7            4.0
    2454391.887           14.6            5.4
    2454394.775           -3.7            4.2
    2454418.777           20.2            4.5
    2454420.763            0.5            4.2
    2454440.653            3.0            3.4
    2454443.651           -7.5            3.6
    2454481.638            6.4            3.9
    2454503.651            9.1            4.3
    2454645.984           -1.2            4.5
    2454646.968            3.8            4.2
    2454668.009           -7.6            3.7
    2454681.904            0.4            3.8
     2454683.97           -0.2            3.8
    2454711.893            6.5            4.1
    2454713.873            3.0            4.2
    2454715.882            5.8            4.6
    2454716.875           -0.0            4.1
    2454753.885            7.2            3.6
     2454755.85            3.0            3.8
    2454777.733           10.9            4.1
    2454806.796            7.1            5.5
     2454808.77           -0.9            4.3
    2454809.763            3.0            6.1
    2455026.973           -4.9            5.7
    2455063.965           10.5            5.0
    2455099.996            9.9            4.9
    2455116.856           -0.4            6.8
    2455154.739           17.9            7.6
    2455174.788           -3.4            5.8
    2455364.972            4.5            5.0
    2455419.012           -4.8            4.7
    2455446.847           -1.1            3.6
    2455446.856           -1.5            3.1
    2455463.833           12.1            5.2
    2455466.842           11.4            4.8
    2455569.653           15.8            4.1
    2455571.713            0.9            4.6
    2455572.671            3.6            4.8
    2455621.621           -5.7            4.6
    2455757.974           -0.7            5.0
    2455803.919           -5.8            4.3
    2455806.936            5.3            4.3
    2455828.781           13.3            4.2
    2455831.849            3.8            5.1
    2455861.842           -2.8            4.2
    2455864.796            5.3            4.4
    2455892.745           12.6            4.9
