    2451745.994            8.7            4.3
    2451778.895           10.5            3.7
    2451808.867            4.3            3.6
    2451853.766            1.4            4.1
    2451856.801            9.9            4.6
    2451898.637           12.9            8.0
    2451932.609           14.1            3.9
    2452163.861            2.3            4.9
    2452175.851           -0.9            4.0
    2452307.598           16.0            4.5
    2452465.989           12.5            5.3
    2452483.985           15.4            5.0
    2452494.987           12.0            5.0
    2452517.936           -3.3            5.2
     2452528.91            0.3            5.2
     2452530.91           -8.6            4.5
    2452541.904           -3.7            4.5
    2452543.883            1.0            5.0
    2452559.914           -8.6            6.4
    2452561.795            0.4            8.4
    2452571.791            0.9            5.0
     2452589.81            9.1            5.7
    2452603.782           -4.9            4.9
    2452605.724           10.2            4.8
    2452616.772            5.5            5.9
    2452665.604           -7.9            4.2
    2452668.611            8.4            5.3
    2452837.972           17.3            5.4
    2452861.963            1.6            4.1
    2452863.985           -5.9            5.2
    2452879.918           13.5            4.2
    2452880.947            8.7            5.0
    2452898.911            4.9            4.7
    2452900.928            6.6            4.8
    2452932.839            5.1            4.3
    2452934.804           -3.7            4.6
    2452963.753            0.4            5.2
    2452965.809            0.8            5.4
     2453022.63           16.3            5.6
     2453208.01            0.4            3.8
    2453209.978           -1.3            3.7
    2453214.961            3.8            4.2
    2453231.961           11.4            4.0
    2453233.909           11.8            3.9
     2453235.96            4.0            4.2
    2453265.899           10.6            3.8
    2453268.919           -6.7            4.0
     2453269.81           -7.8            3.5
    2453286.828            7.4            3.8
    2453324.713            7.3            5.5
    2453354.654            4.9            3.8
    2453400.642            5.8            7.5
    2453550.983           -2.6            4.4
    2453578.964            9.3            4.6
    2453613.923           -6.7            4.2
    2453654.771           -3.1            4.1
    2453701.724            9.5            4.6
    2453740.745            7.3            4.7
    2453911.993            0.1            3.6
    2453917.013            1.7            3.9
    2453934.974           -7.3            3.9
    2453968.925           -5.3            3.2
    2453981.851            9.1            3.8
    2453985.899            4.3            4.0
    2454055.755            7.7            3.9
    2454297.975            0.7            4.1
    2454300.974           -3.2            4.0
    2454314.939            9.6            3.6
    2454318.981            0.3            4.2
    2454344.859            6.2            4.3
    2454348.917            3.4            4.0
    2454391.887           -1.0            5.4
    2454394.775            3.8            4.2
    2454418.777           14.5            4.5
    2454420.763            4.0            4.2
    2454440.653            7.9            3.4
    2454443.651           -7.9            3.6
    2454481.638            6.2            3.9
    2454503.651            4.4            4.3
    2454645.984           12.9            4.5
    2454646.968           10.6            4.2
    2454668.009            7.9            3.7
    2454681.904            7.3            3.8
     2454683.97           -8.4            3.8
    2454711.893           -0.6            4.1
    2454713.873           -0.4            4.2
    2454715.882            4.1            4.6
    2454716.875            2.9            4.1
    2454753.885           -5.6            3.6
     2454755.85           -9.0            3.8
    2454777.733            1.0            4.1
    2454806.796            3.3            5.5
     2454808.77            3.7            4.3
    2454809.763            7.1            6.1
    2455026.973            3.5            5.7
    2455063.965           14.9            5.0
    2455099.996            4.5            4.9
    2455116.856            6.1            6.8
    2455154.739           12.4            7.6
    2455174.788           14.4            5.8
    2455364.972            3.6            5.0
    2455419.012            1.9            4.7
    2455446.847           12.2            3.6
    2455446.856           12.0            3.1
    2455463.833           -5.1            5.2
    2455466.842           12.6            4.8
    2455569.653           -1.5            4.1
    2455571.713           11.1            4.6
    2455572.671           11.8            4.8
    2455621.621           14.5            4.6
    2455757.974            7.3            5.0
    2455803.919            5.0            4.3
    2455806.936           -0.2            4.3
    2455828.781           -2.4            4.2
    2455831.849           12.7            5.1
    2455861.842           13.6            4.2
    2455864.796            6.0            4.4
    2455892.745            6.7            4.9
