    2451745.994           -1.9            4.3
    2451778.895            2.0            3.7
    2451808.867           -2.9            3.6
    2451853.766            8.3            4.1
    2451856.801            3.2            4.6
    2451898.637           10.2            8.0
    2451932.609           12.5            3.9
    2452163.861           -3.0            4.9
    2452175.851           -7.3            4.0
    2452307.598           17.5            4.5
    2452465.989            7.9            5.3
    2452483.985           11.0            5.0
    2452494.987            2.8            5.0
    2452517.936            1.8            5.2
     2452528.91           10.6            5.2
     2452530.91            2.9            4.5
    2452541.904            2.3            4.5
    2452543.883           16.5            5.0
    2452559.914            7.9            6.4
    2452561.795            9.9            8.4
    2452571.791            9.8            5.0
     2452589.81            8.0            5.7
    2452603.782           -2.7            4.9
    2452605.724            3.5            4.8
    2452616.772            9.5            5.9
    2452665.604            3.1            4.2
    2452668.611           17.2            5.3
    2452837.972           19.7            5.4
    2452861.963            9.3            4.1
    2452863.985           10.1            5.2
    2452879.918           10.6            4.2
    2452880.947           16.9            5.0
    2452898.911            6.4            4.7
    2452900.928            4.4            4.8
    2452932.839            2.9            4.3
    2452934.804           10.8            4.6
    2452963.753            0.3            5.2
    2452965.809            8.9            5.4
     2453022.63           14.9            5.6
     2453208.01           -0.4            3.8
    2453209.978           -3.7            3.7
    2453214.961           -0.1            4.2
    2453231.961            8.3            4.0
    2453233.909          -11.0            3.9
     2453235.96            0.1            4.2
    2453265.899            5.2            3.8
    2453268.919           11.4            4.0
     2453269.81            0.2            3.5
    2453286.828           12.5            3.8
    2453324.713            1.3            5.5
    2453354.654            4.1            3.8
    2453400.642            3.5            7.5
    2453550.983            2.9            4.4
    2453578.964            8.4            4.6
    2453613.923            1.1            4.2
    2453654.771           -7.0            4.1
    2453701.724           21.3            4.6
    2453740.745            4.5            4.7
    2453911.993            1.2            3.6
    2453917.013            7.2            3.9
    2453934.974            9.4            3.9
    2453968.925            6.1            3.2
    2453981.851            3.7            3.8
    2453985.899           -0.8            4.0
    2454055.755            8.4            3.9
    2454297.975           -2.8            4.1
    2454300.974           12.8            4.0
    2454314.939            6.4            3.6
    2454318.981           11.3            4.2
    2454344.859           13.6            4.3
    2454348.917           -2.5            4.0
    2454391.887            2.7            5.4
    2454394.775           -0.6            4.2
    2454418.777            4.0            4.5
    2454420.763          -10.0            4.2
    2454440.653            8.7            3.4
    2454443.651           13.9            3.6
    2454481.638           -5.0            3.9
    2454503.651            4.4            4.3
    2454645.984           -4.8            4.5
    2454646.968           -0.9            4.2
    2454668.009           14.9            3.7
    2454681.904            7.2            3.8
     2454683.97           -1.9            3.8
    2454711.893            3.2            4.1
    2454713.873           -1.4            4.2
    2454715.882           -3.8            4.6
    2454716.875            8.1            4.1
    2454753.885            5.5            3.6
     2454755.85            3.3            3.8
    2454777.733           13.6            4.1
    2454806.796            3.9            5.5
     2454808.77            5.1            4.3
    2454809.763            9.8            6.1
    2455026.973           -1.4            5.7
    2455063.965           -8.7            5.0
    2455099.996           -1.9            4.9
    2455116.856           11.2            6.8
    2455154.739            5.2            7.6
    2455174.788           -0.2            5.8
    2455364.972           15.7            5.0
    2455419.012            5.1            4.7
    2455446.847           17.9            3.6
    2455446.856           17.4            3.1
    2455463.833            8.2            5.2
    2455466.842           -8.7            4.8
    2455569.653            1.0            4.1
    2455571.713            4.5            4.6
    2455572.671            2.7            4.8
    2455621.621           -6.7            4.6
    2455757.974            8.5            5.0
    2455803.919           -6.0            4.3
    2455806.936           10.5            4.3
    2455828.781            0.8            4.2
    2455831.849            9.4            5.1
    2455861.842           12.4            4.2
    2455864.796            8.2            4.4
    2455892.745           17.1            4.9
