    2451745.994            4.9            4.3
    2451778.895           10.1            3.7
    2451808.867           13.0            3.6
    2451853.766           -9.8            4.1
    2451856.801            2.1            4.6
    2451898.637            3.1            8.0
    2451932.609            0.6            3.9
    2452163.861           -0.4            4.9
    2452175.851           11.7            4.0
    2452307.598            5.2            4.5
    2452465.989           -0.4            5.3
    2452483.985            9.5            5.0
    2452494.987           -0.3            5.0
    2452517.936            2.5            5.2
     2452528.91            2.5            5.2
     2452530.91           -9.2            4.5
    2452541.904            0.1            4.5
    2452543.883            1.9            5.0
    2452559.914            5.9            6.4
    2452561.795            6.7            8.4
    2452571.791            8.1            5.0
     2452589.81            3.1            5.7
    2452603.782           -2.3            4.9
    2452605.724            4.7            4.8
    2452616.772           16.0            5.9
    2452665.604           12.1            4.2
    2452668.611            4.8            5.3
    2452837.972            5.9            5.4
    2452861.963            3.3            4.1
    2452863.985           12.7            5.2
    2452879.918            8.0            4.2
    2452880.947           10.2            5.0
    2452898.911           -4.0            4.7
    2452900.928           -0.6            4.8
    2452932.839           10.5            4.3
    2452934.804            1.8            4.6
    2452963.753           -8.2            5.2
    2452965.809           -0.2            5.4
     2453022.63           -2.6            5.6
     2453208.01           -4.2            3.8
    2453209.978           15.3            3.7
    2453214.961            1.3            4.2
    2453231.961            6.9            4.0
    2453233.909           12.1            3.9
     2453235.96           -2.1            4.2
    2453265.899           -5.6            3.8
    2453268.919           16.0            4.0
     2453269.81           20.6            3.5
    2453286.828           -7.9            3.8
    2453324.713           -3.7            5.5
    2453354.654           -3.8            3.8
    2453400.642           18.0            7.5
    2453550.983            1.9            4.4
    2453578.964            3.0            4.6
    2453613.923            2.7            4.2
    2453654.771           -1.5            4.1
    2453701.724           11.0            4.6
    2453740.745            9.8            4.7
    2453911.993           -0.4            3.6
    2453917.013           11.3            3.9
    2453934.974           -6.5            3.9
    2453968.925           10.2            3.2
    2453981.851           16.2            3.8
    2453985.899           -4.4            4.0
    2454055.755           13.6            3.9
    2454297.975           18.5            4.1
    2454300.974            6.0            4.0
    2454314.939            1.9            3.6
    2454318.981            6.8            4.2
    2454344.859            4.7            4.3
    2454348.917            9.7            4.0
    2454391.887           -0.9            5.4
    2454394.775            5.0            4.2
    2454418.777           -7.1            4.5
    2454420.763           -6.6            4.2
    2454440.653            1.8            3.4
    2454443.651            0.6            3.6
    2454481.638            3.8            3.9
    2454503.651           10.9            4.3
    2454645.984            9.7            4.5
    2454646.968           -2.1            4.2
    2454668.009            4.9            3.7
    2454681.904            5.7            3.8
     2454683.97            1.9            3.8
    2454711.893            1.9            4.1
    2454713.873           -2.0            4.2
    2454715.882            4.3            4.6
    2454716.875           14.0            4.1
    2454753.885            9.3            3.6
     2454755.85            1.3            3.8
    2454777.733            6.2            4.1
    2454806.796            6.9            5.5
     2454808.77           -2.2            4.3
    2454809.763           -3.6            6.1
    2455026.973           12.4            5.7
    2455063.965            6.4            5.0
    2455099.996           10.3            4.9
    2455116.856           12.3            6.8
    2455154.739            4.3            7.6
    2455174.788            5.9            5.8
    2455364.972            2.5            5.0
    2455419.012            1.2            4.7
    2455446.847            0.3            3.6
    2455446.856           -0.3            3.1
    2455463.833           -1.4            5.2
    2455466.842           18.7            4.8
    2455569.653            6.4            4.1
    2455571.713            4.4            4.6
    2455572.671            2.1            4.8
    2455621.621           10.1            4.6
    2455757.974            2.9            5.0
    2455803.919           13.8            4.3
    2455806.936           15.6            4.3
    2455828.781           15.6            4.2
    2455831.849            5.5            5.1
    2455861.842            7.3            4.2
    2455864.796           17.6            4.4
    2455892.745            3.4            4.9
