    2451745.994            9.9            4.3
    2451778.895           -0.3            3.7
    2451808.867            3.9            3.6
    2451853.766            5.1            4.1
    2451856.801           12.3            4.6
    2451898.637            1.8            8.0
    2451932.609           -1.0            3.9
    2452163.861            5.0            4.9
    2452175.851           -1.5            4.0
    2452307.598           -2.7            4.5
    2452465.989            2.9            5.3
    2452483.985            7.2            5.0
    2452494.987            5.5            5.0
    2452517.936            2.0            5.2
     2452528.91           10.1            5.2
     2452530.91            8.4            4.5
    2452541.904            3.2            4.5
    2452543.883            8.6            5.0
    2452559.914            5.0            6.4
    2452561.795           15.1            8.4
    2452571.791           -2.3            5.0
     2452589.81           -1.1            5.7
    2452603.782            5.5            4.9
    2452605.724            3.6            4.8
    2452616.772            4.5            5.9
    2452665.604           -0.8            4.2
    2452668.611            8.1            5.3
    2452837.972            7.6            5.4
    2452861.963            0.5            4.1
    2452863.985            3.3            5.2
    2452879.918           -5.4            4.2
    2452880.947            0.9            5.0
    2452898.911            4.8            4.7
    2452900.928            1.4            4.8
    2452932.839            5.6            4.3
    2452934.804            1.7            4.6
    2452963.753            3.6            5.2
    2452965.809            1.1            5.4
     2453022.63           13.7            5.6
     2453208.01           -0.5            3.8
    2453209.978            3.2            3.7
    2453214.961           11.0            4.2
    2453231.961           10.0            4.0
    2453233.909            3.1            3.9
     2453235.96           10.6            4.2
    2453265.899           13.0            3.8
    2453268.919           -0.0            4.0
     2453269.81            3.2            3.5
    2453286.828            3.6            3.8
    2453324.713           -2.0            5.5
    2453354.654           -3.6            3.8
    2453400.642            2.4            7.5
    2453550.983           -2.8            4.4
    2453578.964            9.5            4.6
    2453613.923           -0.6            4.2
    2453654.771            9.8            4.1
    2453701.724            7.2            4.6
    2453740.745           14.3            4.7
    2453911.993           -0.4            3.6
    2453917.013            2.1            3.9
    2453934.974            4.4            3.9
    2453968.925            0.5            3.2
    2453981.851            0.0            3.8
    2453985.899            1.1            4.0
    2454055.755            8.6            3.9
    2454297.975            5.4            4.1
    2454300.974            4.0            4.0
    2454314.939            2.9            3.6
    2454318.981           -1.9            4.2
    2454344.859            5.5            4.3
    2454348.917            1.3            4.0
    2454391.887            3.1            5.4
    2454394.775            6.8            4.2
    2454418.777            6.5            4.5
    2454420.763           -1.5            4.2
    2454440.653            6.6            3.4
    2454443.651            3.8            3.6
    2454481.638            0.0            3.9
    2454503.651            2.6            4.3
    2454645.984            6.6            4.5
    2454646.968           -0.8            4.2
    2454668.009            0.3            3.7
    2454681.904           -3.8            3.8
     2454683.97            3.8            3.8
    2454711.893           -3.2            4.1
    2454713.873            4.4            4.2
    2454715.882           -2.6            4.6
    2454716.875            1.0            4.1
    2454753.885            4.5            3.6
     2454755.85           10.6            3.8
    2454777.733            5.5            4.1
    2454806.796            7.7            5.5
     2454808.77            7.8            4.3
    2454809.763            2.5            6.1
    2455026.973           -0.8            5.7
    2455063.965           10.2            5.0
    2455099.996            7.0            4.9
    2455116.856           10.0            6.8
    2455154.739            8.0            7.6
    2455174.788            7.9            5.8
    2455364.972            1.1            5.0
    2455419.012            3.2            4.7
    2455446.847            1.7            3.6
    2455446.856            1.2            3.1
    2455463.833            3.7            5.2
    2455466.842           -1.2            4.8
    2455569.653           -4.4            4.1
    2455571.713            8.5            4.6
    2455572.671           11.6            4.8
    2455621.621            3.6            4.6
    2455757.974            2.5            5.0
    2455803.919            7.6            4.3
    2455806.936           13.1            4.3
    2455828.781            3.7            4.2
    2455831.849            4.1            5.1
    2455861.842            4.9            4.2
    2455864.796           -2.1            4.4
    2455892.745            6.6            4.9
