    2451745.994            1.7            4.3
    2451778.895           -3.9            3.7
    2451808.867            4.4            3.6
    2451853.766            4.9            4.1
    2451856.801           13.4            4.6
    2451898.637           12.3            8.0
    2451932.609            8.6            3.9
    2452163.861            3.9            4.9
    2452175.851            7.1            4.0
    2452307.598            7.9            4.5
    2452465.989           12.2            5.3
    2452483.985           -0.9            5.0
    2452494.987            7.3            5.0
    2452517.936           -0.8            5.2
     2452528.91            2.5            5.2
     2452530.91            7.3            4.5
    2452541.904           10.1            4.5
    2452543.883           -0.7            5.0
    2452559.914           -1.8            6.4
    2452561.795           -1.9            8.4
    2452571.791           14.5            5.0
     2452589.81            6.1            5.7
    2452603.782            2.8            4.9
    2452605.724            5.1            4.8
    2452616.772            9.0            5.9
    2452665.604           -0.5            4.2
    2452668.611           -1.1            5.3
    2452837.972            0.3            5.4
    2452861.963            8.4            4.1
    2452863.985            1.2            5.2
    2452879.918           -8.3            4.2
    2452880.947           -7.8            5.0
    2452898.911            1.3            4.7
    2452900.928            6.5            4.8
    2452932.839            2.3            4.3
    2452934.804           15.6            4.6
    2452963.753            6.1            5.2
    2452965.809            5.8            5.4
     2453022.63            6.1            5.6
     2453208.01           -4.7            3.8
    2453209.978            9.9            3.7
    2453214.961            6.1            4.2
    2453231.961           -9.1            4.0
    2453233.909           -8.5            3.9
     2453235.96           -2.0            4.2
    2453265.899            3.2            3.8
    2453268.919            7.6            4.0
     2453269.81           13.8            3.5
    2453286.828            7.9            3.8
    2453324.713            5.8            5.5
    2453354.654           12.8            3.8
    2453400.642            8.1            7.5
    2453550.983            2.4            4.4
    2453578.964           -2.8            4.6
    2453613.923            3.7            4.2
    2453654.771           -6.5            4.1
    2453701.724            4.4            4.6
    2453740.745            1.8            4.7
    2453911.993           12.9            3.6
    2453917.013            3.4            3.9
    2453934.974            8.0            3.9
    2453968.925           14.0            3.2
    2453981.851           -0.5            3.8
    2453985.899           12.7            4.0
    2454055.755            6.9            3.9
    2454297.975            5.5            4.1
    2454300.974           -3.1            4.0
    2454314.939           12.4            3.6
    2454318.981            5.4            4.2
    2454344.859           -1.7            4.3
    2454348.917            7.7            4.0
    2454391.887           11.5            5.4
    2454394.775            4.3            4.2
    2454418.777            7.2            4.5
    2454420.763            6.9            4.2
    2454440.653            7.7            3.4
    2454443.651            0.3            3.6
    2454481.638            8.7            3.9
    2454503.651            0.6            4.3
    2454645.984           -5.9            4.5
    2454646.968           -8.3            4.2
    2454668.009           12.2            3.7
    2454681.904           10.2            3.8
     2454683.97           14.5            3.8
    2454711.893            7.6            4.1
    2454713.873            5.2            4.2
    2454715.882            5.4            4.6
    2454716.875            5.7            4.1
    2454753.885            1.9            3.6
     2454755.85           -2.0            3.8
    2454777.733            0.9            4.1
    2454806.796           -4.9            5.5
     2454808.77           -1.6            4.3
    2454809.763            7.1            6.1
    2455026.973            4.6            5.7
    2455063.965           10.5            5.0
    2455099.996          -11.9            4.9
    2455116.856            0.3            6.8
    2455154.739            9.1            7.6
    2455174.788            5.0            5.8
    2455364.972           11.4            5.0
    2455419.012           -5.1            4.7
    2455446.847           -4.9            3.6
    2455446.856           -5.4            3.1
    2455463.833           -2.2            5.2
    2455466.842           13.3            4.8
    2455569.653            7.0            4.1
    2455571.713            7.0            4.6
    2455572.671            6.2            4.8
    2455621.621           -6.4            4.6
    2455757.974            8.2            5.0
    2455803.919            9.9            4.3
    2455806.936            3.0            4.3
    2455828.781            2.1            4.2
    2455831.849            2.1            5.1
    2455861.842           15.8            4.2
    2455864.796            1.5            4.4
    2455892.745            7.8            4.9
