    2451745.994           17.7            4.3
    2451778.895           18.5            3.7
    2451808.867           13.1            3.6
    2451853.766           34.6            4.1
    2451856.801           15.1            4.6
    2451898.637           43.7            8.0
    2451932.609           -2.4            3.9
    2452163.861           -2.1            4.9
    2452175.851           -5.3            4.0
    2452307.598          -25.4            4.5
    2452465.989           36.1            5.3
    2452483.985          -18.5            5.0
    2452494.987           14.8            5.0
    2452517.936           -5.2            5.2
     2452528.91           10.0            5.2
     2452530.91           28.4            4.5
    2452541.904          -12.5            4.5
    2452543.883           32.4            5.0
    2452559.914            7.1            6.4
    2452561.795          -14.2            8.4
    2452571.791           -0.0            5.0
     2452589.81           -3.5            5.7
    2452603.782          -13.1            4.9
    2452605.724           36.2            4.8
    2452616.772          -27.0            5.9
    2452665.604            1.4            4.2
    2452668.611            7.7            5.3
    2452837.972            8.2            5.4
    2452861.963          -12.8            4.1
    2452863.985           24.4            5.2
    2452879.918            1.7            4.2
    2452880.947           41.0            5.0
    2452898.911          -11.6            4.7
    2452900.928           19.6            4.8
    2452932.839           -5.1            4.3
    2452934.804           14.8            4.6
    2452963.753           12.0            5.2
    2452965.809          -13.7            5.4
     2453022.63          -16.2            5.6
     2453208.01          -13.7            3.8
    2453209.978           25.6            3.7
    2453214.961           13.2            4.2
    2453231.961          -32.8            4.0
    2453233.909            1.9            3.9
     2453235.96           -2.8            4.2
    2453265.899           -3.7            3.8
    2453268.919           -5.6            4.0
     2453269.81          -24.4            3.5
    2453286.828          -14.2            3.8
    2453324.713           13.2            5.5
    2453354.654           -3.4            3.8
    2453400.642            3.1            7.5
    2453550.983           47.6            4.4
    2453578.964            8.9            4.6
    2453613.923            0.3            4.2
    2453654.771            5.2            4.1
    2453701.724          -19.2            4.6
    2453740.745           23.0            4.7
    2453911.993            7.0            3.6
    2453917.013            4.0            3.9
    2453934.974          -22.3            3.9
    2453968.925           -7.2            3.2
    2453981.851            0.2            3.8
    2453985.899            5.4            4.0
    2454055.755           18.4            3.9
    2454297.975           10.0            4.1
    2454300.974            5.9            4.0
    2454314.939           11.4            3.6
    2454318.981            4.3            4.2
    2454344.859            6.9            4.3
    2454348.917            6.3            4.0
    2454391.887          -21.6            5.4
    2454394.775           -0.9            4.2
    2454418.777           19.8            4.5
    2454420.763           -3.6            4.2
    2454440.653           -7.6            3.4
    2454443.651           18.6            3.6
    2454481.638          -30.9            3.9
    2454503.651           27.0            4.3
    2454645.984           -6.5            4.5
    2454646.968          -19.5            4.2
    2454668.009            9.8            3.7
    2454681.904            0.6            3.8
     2454683.97          -20.0            3.8
    2454711.893          -23.7            4.1
    2454713.873           28.5            4.2
    2454715.882            3.5            4.6
    2454716.875           -8.4            4.1
    2454753.885           -8.0            3.6
     2454755.85           32.0            3.8
    2454777.733          -20.0            4.1
    2454806.796          -21.6            5.5
     2454808.77           38.7            4.3
    2454809.763            6.9            6.1
    2455026.973           13.7            5.7
    2455063.965           18.3            5.0
    2455099.996            0.5            4.9
    2455116.856           23.1            6.8
    2455154.739            5.1            7.6
    2455174.788           19.2            5.8
    2455364.972          -14.8            5.0
    2455419.012          -10.6            4.7
    2455446.847           -8.9            3.6
    2455446.856           -9.8            3.1
    2455463.833          -14.7            5.2
    2455466.842           14.8            4.8
    2455569.653           -1.2            4.1
    2455571.713          -23.3            4.6
    2455572.671           10.2            4.8
    2455621.621            8.6            4.6
    2455757.974           26.9            5.0
    2455803.919           28.6            4.3
    2455806.936           16.7            4.3
    2455828.781           22.1            4.2
    2455831.849           33.8            5.1
    2455861.842            2.6            4.2
    2455864.796           12.9            4.4
    2455892.745           -0.8            4.9
