    2451745.994           13.3            4.3
    2451778.895          -11.1            3.7
    2451808.867           -2.2            3.6
    2451853.766           11.4            4.1
    2451856.801            1.0            4.6
    2451898.637           11.8            8.0
    2451932.609           19.2            3.9
    2452163.861           12.5            4.9
    2452175.851            7.1            4.0
    2452307.598           12.3            4.5
    2452465.989           -4.4            5.3
    2452483.985            8.5            5.0
    2452494.987            6.1            5.0
    2452517.936           14.7            5.2
     2452528.91            9.7            5.2
     2452530.91            4.5            4.5
    2452541.904            6.3            4.5
    2452543.883            6.7            5.0
    2452559.914           10.3            6.4
    2452561.795            0.6            8.4
    2452571.791           -4.0            5.0
     2452589.81           14.5            5.7
    2452603.782           -4.2            4.9
    2452605.724            1.2            4.8
    2452616.772           -4.8            5.9
    2452665.604            2.0            4.2
    2452668.611           11.4            5.3
    2452837.972           16.0            5.4
    2452861.963           -0.0            4.1
    2452863.985            9.9            5.2
    2452879.918           13.9            4.2
    2452880.947            6.8            5.0
    2452898.911           -2.6            4.7
    2452900.928           -0.2            4.8
    2452932.839           10.7            4.3
    2452934.804            8.6            4.6
    2452963.753            1.3            5.2
    2452965.809            3.4            5.4
     2453022.63            7.6            5.6
     2453208.01           -1.0            3.8
    2453209.978           -7.2            3.7
    2453214.961           12.8            4.2
    2453231.961           16.6            4.0
    2453233.909            5.4            3.9
     2453235.96           -2.5            4.2
    2453265.899            3.6            3.8
    2453268.919            3.2            4.0
     2453269.81            7.1            3.5
    2453286.828            9.6            3.8
    2453324.713            5.7            5.5
    2453354.654            3.8            3.8
    2453400.642           -7.2            7.5
    2453550.983           -0.8            4.4
    2453578.964           -5.7            4.6
    2453613.923           11.7            4.2
    2453654.771            3.9            4.1
    2453701.724            2.6            4.6
    2453740.745           13.2            4.7
    2453911.993           -1.7            3.6
    2453917.013            7.6            3.9
    2453934.974            0.7            3.9
    2453968.925           -5.1            3.2
    2453981.851           -5.3            3.8
    2453985.899           -3.8            4.0
    2454055.755            0.5            3.9
    2454297.975            6.6            4.1
    2454300.974            8.0            4.0
    2454314.939           -0.0            3.6
    2454318.981           -3.3            4.2
    2454344.859            6.9            4.3
    2454348.917           -0.1            4.0
    2454391.887           18.2            5.4
    2454394.775           -2.1            4.2
    2454418.777           -0.3            4.5
    2454420.763            4.1            4.2
    2454440.653            4.6            3.4
    2454443.651           -3.5            3.6
    2454481.638           -6.4            3.9
    2454503.651            0.6            4.3
    2454645.984            4.5            4.5
    2454646.968            0.6            4.2
    2454668.009           -0.6            3.7
    2454681.904            5.8            3.8
     2454683.97           -2.7            3.8
    2454711.893           12.2            4.1
    2454713.873            7.4            4.2
    2454715.882            5.8            4.6
    2454716.875            2.8            4.1
    2454753.885           -1.8            3.6
     2454755.85           -1.2            3.8
    2454777.733            5.3            4.1
    2454806.796            2.3            5.5
     2454808.77           -5.5            4.3
    2454809.763            8.9            6.1
    2455026.973           -0.6            5.7
    2455063.965           14.5            5.0
    2455099.996            9.6            4.9
    2455116.856           11.0            6.8
    2455154.739            6.9            7.6
    2455174.788            7.3            5.8
    2455364.972           11.3            5.0
    2455419.012           -3.9            4.7
    2455446.847            3.9            3.6
    2455446.856            3.5            3.1
    2455463.833            5.5            5.2
    2455466.842            5.9            4.8
    2455569.653           -3.7            4.1
    2455571.713            1.4            4.6
    2455572.671           17.9            4.8
    2455621.621           14.6            4.6
    2455757.974           -0.6            5.0
    2455803.919            6.5            4.3
    2455806.936           -3.7            4.3
    2455828.781            5.4            4.2
    2455831.849            7.5            5.1
    2455861.842           -0.8            4.2
    2455864.796            5.8            4.4
    2455892.745           17.9            4.9
