    2451745.994           18.5            4.3
    2451778.895            0.8            3.7
    2451808.867            8.5            3.6
    2451853.766            3.3            4.1
    2451856.801            2.1            4.6
    2451898.637           -2.4            8.0
    2451932.609           -1.9            3.9
    2452163.861            5.8            4.9
    2452175.851          -10.6            4.0
    2452307.598            8.1            4.5
    2452465.989           15.7            5.3
    2452483.985            5.7            5.0
    2452494.987            4.7            5.0
    2452517.936            3.1            5.2
     2452528.91            7.7            5.2
     2452530.91           -3.2            4.5
    2452541.904            5.4            4.5
    2452543.883           13.9            5.0
    2452559.914            2.2            6.4
    2452561.795           13.1            8.4
    2452571.791            1.2            5.0
     2452589.81            5.9            5.7
    2452603.782           14.7            4.9
    2452605.724           13.6            4.8
    2452616.772           -2.1            5.9
    2452665.604           15.7            4.2
    2452668.611            9.5            5.3
    2452837.972            9.9            5.4
    2452861.963           14.9            4.1
    2452863.985            5.9            5.2
    2452879.918           13.5            4.2
    2452880.947           14.5            5.0
    2452898.911            9.6            4.7
    2452900.928            8.6            4.8
    2452932.839           -4.8            4.3
    2452934.804           -0.7            4.6
    2452963.753            5.4            5.2
    2452965.809           15.5            5.4
     2453022.63           10.0            5.6
     2453208.01           -2.2            3.8
    2453209.978           -7.8            3.7
    2453214.961           11.7            4.2
    2453231.961            0.2            4.0
    2453233.909            8.3            3.9
     2453235.96            5.3            4.2
    2453265.899            2.1            3.8
    2453268.919            1.5            4.0
     2453269.81           -2.9            3.5
    2453286.828            5.0            3.8
    2453324.713            3.8            5.5
    2453354.654            4.2            3.8
    2453400.642           11.7            7.5
    2453550.983            3.3            4.4
    2453578.964            5.9            4.6
    2453613.923            7.6            4.2
    2453654.771            9.2            4.1
    2453701.724            5.1            4.6
    2453740.745           17.9            4.7
    2453911.993           10.9            3.6
    2453917.013           11.9            3.9
    2453934.974            3.3            3.9
    2453968.925            9.5            3.2
    2453981.851           -2.7            3.8
    2453985.899            2.1            4.0
    2454055.755           15.8            3.9
    2454297.975            7.1            4.1
    2454300.974           -1.7            4.0
    2454314.939            3.1            3.6
    2454318.981           -0.0            4.2
    2454344.859            4.7            4.3
    2454348.917            5.4            4.0
    2454391.887            8.8            5.4
    2454394.775            4.6            4.2
    2454418.777           -2.9            4.5
    2454420.763           -6.8            4.2
    2454440.653           -7.0            3.4
    2454443.651           -5.1            3.6
    2454481.638           -7.2            3.9
    2454503.651           -1.3            4.3
    2454645.984           10.8            4.5
    2454646.968           10.4            4.2
    2454668.009           14.0            3.7
    2454681.904            0.8            3.8
     2454683.97            1.0            3.8
    2454711.893           11.0            4.1
    2454713.873            1.4            4.2
    2454715.882           -6.6            4.6
    2454716.875            2.2            4.1
    2454753.885           -0.4            3.6
     2454755.85           -4.6            3.8
    2454777.733            4.2            4.1
    2454806.796           12.4            5.5
     2454808.77           15.4            4.3
    2454809.763           23.3            6.1
    2455026.973           12.4            5.7
    2455063.965           14.2            5.0
    2455099.996           -9.6            4.9
    2455116.856            2.0            6.8
    2455154.739           -3.0            7.6
    2455174.788           -4.4            5.8
    2455364.972            8.3            5.0
    2455419.012           10.6            4.7
    2455446.847           -0.5            3.6
    2455446.856           -0.6            3.1
    2455463.833           11.7            5.2
    2455466.842            6.4            4.8
    2455569.653           11.8            4.1
    2455571.713            3.0            4.6
    2455572.671            2.1            4.8
    2455621.621           10.0            4.6
    2455757.974            9.6            5.0
    2455803.919           11.3            4.3
    2455806.936           11.1            4.3
    2455828.781          -10.2            4.2
    2455831.849           -1.2            5.1
    2455861.842           10.0            4.2
    2455864.796           11.3            4.4
    2455892.745            0.2            4.9
