    2451745.994           32.5            4.3
    2451778.895           12.0            3.7
    2451808.867            4.7            3.6
    2451853.766            0.1            4.1
    2451856.801           -9.6            4.6
    2451898.637           16.2            8.0
    2451932.609            7.4            3.9
    2452163.861           13.4            4.9
    2452175.851           -7.6            4.0
    2452307.598           -8.4            4.5
    2452465.989          -16.1            5.3
    2452483.985           11.7            5.0
    2452494.987           22.8            5.0
    2452517.936           24.1            5.2
     2452528.91            2.7            5.2
     2452530.91           -7.8            4.5
    2452541.904           21.6            4.5
    2452543.883           12.0            5.0
    2452559.914           14.6            6.4
    2452561.795            6.0            8.4
    2452571.791           12.0            5.0
     2452589.81           -1.8            5.7
    2452603.782           -6.3            4.9
    2452605.724           -9.5            4.8
    2452616.772          -19.7            5.9
    2452665.604          -14.9            4.2
    2452668.611           19.6            5.3
    2452837.972           25.2            5.4
    2452861.963            7.7            4.1
    2452863.985            6.2            5.2
    2452879.918           11.2            4.2
    2452880.947            0.1            5.0
    2452898.911           17.9            4.7
    2452900.928            5.2            4.8
    2452932.839            6.4            4.3
    2452934.804           -2.6            4.6
    2452963.753           15.9            5.2
    2452965.809           34.9            5.4
     2453022.63           -4.2            5.6
     2453208.01            2.6            3.8
    2453209.978           -6.8            3.7
    2453214.961          -13.9            4.2
    2453231.961            3.5            4.0
    2453233.909           -7.9            3.9
     2453235.96          -10.0            4.2
    2453265.899            5.6            3.8
    2453268.919           -3.5            4.0
     2453269.81            4.2            3.5
    2453286.828          -10.7            3.8
    2453324.713           21.5            5.5
    2453354.654           -9.1            3.8
    2453400.642          -20.8            7.5
    2453550.983           11.2            4.4
    2453578.964          -11.0            4.6
    2453613.923          -31.1            4.2
    2453654.771            0.3            4.1
    2453701.724           -1.1            4.6
    2453740.745            4.5            4.7
    2453911.993           -5.1            3.6
    2453917.013            9.3            3.9
    2453934.974            6.3            3.9
    2453968.925          -17.5            3.2
    2453981.851           -9.3            3.8
    2453985.899           21.4            4.0
    2454055.755           -0.4            3.9
    2454297.975            0.9            4.1
    2454300.974           21.4            4.0
    2454314.939           15.7            3.6
    2454318.981            0.7            4.2
    2454344.859           25.7            4.3
    2454348.917          -13.1            4.0
    2454391.887           17.2            5.4
    2454394.775           -4.5            4.2
    2454418.777           -6.7            4.5
    2454420.763          -18.2            4.2
    2454440.653           29.4            3.4
    2454443.651            0.5            3.6
    2454481.638          -14.5            3.9
    2454503.651           -1.4            4.3
    2454645.984           12.8            4.5
    2454646.968            2.1            4.2
    2454668.009           14.6            3.7
    2454681.904           -3.4            3.8
     2454683.97            5.7            3.8
    2454711.893           28.6            4.1
    2454713.873           37.3            4.2
    2454715.882           25.9            4.6
    2454716.875            5.3            4.1
    2454753.885           -0.1            3.6
     2454755.85           19.9            3.8
    2454777.733          -20.7            4.1
    2454806.796           19.9            5.5
     2454808.77            9.6            4.3
    2454809.763           10.8            6.1
    2455026.973           10.8            5.7
    2455063.965            7.2            5.0
    2455099.996           -3.8            4.9
    2455116.856           11.4            6.8
    2455154.739           25.9            7.6
    2455174.788            5.7            5.8
    2455364.972           19.3            5.0
    2455419.012            3.5            4.7
    2455446.847           10.5            3.6
    2455446.856           11.1            3.1
    2455463.833            1.0            5.2
    2455466.842            5.4            4.8
    2455569.653           16.6            4.1
    2455571.713           -8.7            4.6
    2455572.671          -11.7            4.8
    2455621.621            9.9            4.6
    2455757.974           -3.1            5.0
    2455803.919           19.1            4.3
    2455806.936            6.4            4.3
    2455828.781           21.0            4.2
    2455831.849            8.6            5.1
    2455861.842           30.4            4.2
    2455864.796           16.5            4.4
    2455892.745          -12.6            4.9
