    2451745.994            4.9            4.3
    2451778.895            3.3            3.7
    2451808.867            9.1            3.6
    2451853.766            2.4            4.1
    2451856.801           -1.1            4.6
    2451898.637            9.6            8.0
    2451932.609            6.5            3.9
    2452163.861            8.1            4.9
    2452175.851           -2.1            4.0
    2452307.598           -7.7            4.5
    2452465.989           -2.3            5.3
    2452483.985            8.3            5.0
    2452494.987            2.0            5.0
    2452517.936           -0.0            5.2
     2452528.91            0.2            5.2
     2452530.91           -2.3            4.5
    2452541.904            4.7            4.5
    2452543.883            7.8            5.0
    2452559.914            4.4            6.4
    2452561.795            5.6            8.4
    2452571.791           -0.9            5.0
     2452589.81           14.5            5.7
    2452603.782            0.5            4.9
    2452605.724           -3.4            4.8
    2452616.772           12.7            5.9
    2452665.604            5.0            4.2
    2452668.611            1.4            5.3
    2452837.972           15.2            5.4
    2452861.963           -0.9            4.1
    2452863.985            4.7            5.2
    2452879.918           11.3            4.2
    2452880.947           -1.4            5.0
    2452898.911           10.0            4.7
    2452900.928           15.6            4.8
    2452932.839            4.0            4.3
    2452934.804            5.4            4.6
    2452963.753           11.2            5.2
    2452965.809           18.1            5.4
     2453022.63            0.6            5.6
     2453208.01            1.0            3.8
    2453209.978            0.5            3.7
    2453214.961           -1.3            4.2
    2453231.961           -1.5            4.0
    2453233.909           -3.3            3.9
     2453235.96           -2.3            4.2
    2453265.899           13.1            3.8
    2453268.919            0.3            4.0
     2453269.81            2.6            3.5
    2453286.828            8.6            3.8
    2453324.713           11.0            5.5
    2453354.654            3.9            3.8
    2453400.642            0.9            7.5
    2453550.983            5.2            4.4
    2453578.964           18.0            4.6
    2453613.923            5.4            4.2
    2453654.771            1.7            4.1
    2453701.724           -1.0            4.6
    2453740.745            4.6            4.7
    2453911.993           -3.1            3.6
    2453917.013            8.6            3.9
    2453934.974            3.3            3.9
    2453968.925           12.1            3.2
    2453981.851            7.9            3.8
    2453985.899            6.6            4.0
    2454055.755           -2.6            3.9
    2454297.975            1.6            4.1
    2454300.974            4.0            4.0
    2454314.939           -3.1            3.6
    2454318.981            5.0            4.2
    2454344.859            6.9            4.3
    2454348.917           12.5            4.0
    2454391.887            2.2            5.4
    2454394.775            2.9            4.2
    2454418.777            4.0            4.5
    2454420.763            7.4            4.2
    2454440.653            4.4            3.4
    2454443.651            0.8            3.6
    2454481.638            3.6            3.9
    2454503.651            6.5            4.3
    2454645.984            9.7            4.5
    2454646.968           14.1            4.2
    2454668.009            1.5            3.7
    2454681.904            0.0            3.8
     2454683.97            2.1            3.8
    2454711.893           14.5            4.1
    2454713.873           10.0            4.2
    2454715.882            3.4            4.6
    2454716.875            4.1            4.1
    2454753.885            5.9            3.6
     2454755.85            1.9            3.8
    2454777.733            7.2            4.1
    2454806.796           15.1            5.5
     2454808.77            9.0            4.3
    2454809.763           -1.4            6.1
    2455026.973           12.4            5.7
    2455063.965            6.4            5.0
    2455099.996            1.6            4.9
    2455116.856           10.7            6.8
    2455154.739           19.5            7.6
    2455174.788           -6.9            5.8
    2455364.972           10.1            5.0
    2455419.012            2.7            4.7
    2455446.847           12.1            3.6
    2455446.856           11.6            3.1
    2455463.833            1.9            5.2
    2455466.842           -1.6            4.8
    2455569.653            2.8            4.1
    2455571.713            3.1            4.6
    2455572.671           10.7            4.8
    2455621.621           -3.6            4.6
    2455757.974            7.6            5.0
    2455803.919           14.2            4.3
    2455806.936            5.0            4.3
    2455828.781            6.9            4.2
    2455831.849            5.2            5.1
    2455861.842            7.8            4.2
    2455864.796            6.4            4.4
    2455892.745           -5.1            4.9
