    2451745.994           10.5            4.3
    2451778.895           -7.6            3.7
    2451808.867           -0.1            3.6
    2451853.766           -3.1            4.1
    2451856.801           10.0            4.6
    2451898.637            0.1            8.0
    2451932.609            1.8            3.9
    2452163.861           14.4            4.9
    2452175.851           -5.7            4.0
    2452307.598            7.4            4.5
    2452465.989            2.0            5.3
    2452483.985           -0.2            5.0
    2452494.987            7.7            5.0
    2452517.936           -7.7            5.2
     2452528.91            5.7            5.2
     2452530.91           10.5            4.5
    2452541.904            3.4            4.5
    2452543.883            1.3            5.0
    2452559.914           13.8            6.4
    2452561.795            6.5            8.4
    2452571.791            3.9            5.0
     2452589.81            6.6            5.7
    2452603.782           16.8            4.9
    2452605.724            7.7            4.8
    2452616.772           -1.0            5.9
    2452665.604           -2.4            4.2
    2452668.611           14.0            5.3
    2452837.972            7.7            5.4
    2452861.963            8.8            4.1
    2452863.985            9.5            5.2
    2452879.918            7.6            4.2
    2452880.947            2.8            5.0
    2452898.911            1.3            4.7
    2452900.928            8.0            4.8
    2452932.839           -9.4            4.3
    2452934.804            7.1            4.6
    2452963.753           18.8            5.2
    2452965.809           11.7            5.4
     2453022.63            3.4            5.6
     2453208.01            4.3            3.8
    2453209.978            0.5            3.7
    2453214.961            8.5            4.2
    2453231.961            3.6            4.0
    2453233.909           17.5            3.9
     2453235.96            6.7            4.2
    2453265.899           -3.2            3.8
    2453268.919           10.1            4.0
     2453269.81            4.5            3.5
    2453286.828            1.8            3.8
    2453324.713            9.6            5.5
    2453354.654           10.1            3.8
    2453400.642            1.7            7.5
    2453550.983           -5.8            4.4
    2453578.964            2.9            4.6
    2453613.923            3.7            4.2
    2453654.771           -4.0            4.1
    2453701.724            2.5            4.6
    2453740.745           15.1            4.7
    2453911.993            2.1            3.6
    2453917.013           12.5            3.9
    2453934.974           21.5            3.9
    2453968.925           -3.2            3.2
    2453981.851           16.8            3.8
    2453985.899          -10.1            4.0
    2454055.755            0.3            3.9
    2454297.975            5.8            4.1
    2454300.974            5.2            4.0
    2454314.939           15.5            3.6
    2454318.981           -0.7            4.2
    2454344.859           -3.7            4.3
    2454348.917            8.7            4.0
    2454391.887           -5.1            5.4
    2454394.775            3.4            4.2
    2454418.777           -4.2            4.5
    2454420.763           -1.0            4.2
    2454440.653            6.0            3.4
    2454443.651            5.5            3.6
    2454481.638           -8.3            3.9
    2454503.651           16.4            4.3
    2454645.984           20.5            4.5
    2454646.968            5.6            4.2
    2454668.009           -8.6            3.7
    2454681.904            6.8            3.8
     2454683.97           10.7            3.8
    2454711.893           10.0            4.1
    2454713.873           -8.3            4.2
    2454715.882            3.8            4.6
    2454716.875           -1.5            4.1
    2454753.885            8.0            3.6
     2454755.85           16.6            3.8
    2454777.733           -9.4            4.1
    2454806.796           -5.8            5.5
     2454808.77           10.7            4.3
    2454809.763            7.7            6.1
    2455026.973           -4.0            5.7
    2455063.965           -1.1            5.0
    2455099.996           -7.1            4.9
    2455116.856            4.2            6.8
    2455154.739           -0.9            7.6
    2455174.788           -9.4            5.8
    2455364.972           17.2            5.0
    2455419.012            7.3            4.7
    2455446.847           11.4            3.6
    2455446.856           11.3            3.1
    2455463.833            9.6            5.2
    2455466.842           17.7            4.8
    2455569.653           -5.4            4.1
    2455571.713           -6.4            4.6
    2455572.671           -7.0            4.8
    2455621.621            7.3            4.6
    2455757.974          -10.6            5.0
    2455803.919           -7.5            4.3
    2455806.936            6.9            4.3
    2455828.781           13.9            4.2
    2455831.849            5.9            5.1
    2455861.842            9.6            4.2
    2455864.796            2.8            4.4
    2455892.745            9.3            4.9
