    2451745.994            2.5            4.3
    2451778.895            4.1            3.7
    2451808.867           -2.7            3.6
    2451853.766            0.1            4.1
    2451856.801           -0.6            4.6
    2451898.637           11.9            8.0
    2451932.609            8.4            3.9
    2452163.861            9.7            4.9
    2452175.851           10.8            4.0
    2452307.598            8.4            4.5
    2452465.989           11.1            5.3
    2452483.985            7.2            5.0
    2452494.987            9.4            5.0
    2452517.936           11.2            5.2
     2452528.91            9.2            5.2
     2452530.91           -2.6            4.5
    2452541.904           -2.0            4.5
    2452543.883            8.6            5.0
    2452559.914            2.2            6.4
    2452561.795           17.0            8.4
    2452571.791            4.3            5.0
     2452589.81           -1.3            5.7
    2452603.782           -0.0            4.9
    2452605.724           11.6            4.8
    2452616.772           14.0            5.9
    2452665.604            7.7            4.2
    2452668.611           13.7            5.3
    2452837.972           13.6            5.4
    2452861.963           -3.9            4.1
    2452863.985            7.8            5.2
    2452879.918           -1.2            4.2
    2452880.947            4.9            5.0
    2452898.911            1.0            4.7
    2452900.928            9.3            4.8
    2452932.839            7.4            4.3
    2452934.804            1.1            4.6
    2452963.753            5.2            5.2
    2452965.809            5.4            5.4
     2453022.63            4.9            5.6
     2453208.01           -1.2            3.8
    2453209.978            8.5            3.7
    2453214.961           -0.5            4.2
    2453231.961            9.7            4.0
    2453233.909            0.0            3.9
     2453235.96            6.1            4.2
    2453265.899            1.5            3.8
    2453268.919            9.2            4.0
     2453269.81            0.1            3.5
    2453286.828           10.9            3.8
    2453324.713            4.6            5.5
    2453354.654           -4.2            3.8
    2453400.642           13.4            7.5
    2453550.983            8.6            4.4
    2453578.964           -2.9            4.6
    2453613.923           10.9            4.2
    2453654.771           12.1            4.1
    2453701.724            4.8            4.6
    2453740.745           -1.6            4.7
    2453911.993            6.7            3.6
    2453917.013            1.9            3.9
    2453934.974            9.9            3.9
    2453968.925           -3.1            3.2
    2453981.851            9.5            3.8
    2453985.899           12.1            4.0
    2454055.755           11.3            3.9
    2454297.975            3.6            4.1
    2454300.974           -2.7            4.0
    2454314.939            0.0            3.6
    2454318.981           -0.1            4.2
    2454344.859           -3.9            4.3
    2454348.917           -2.6            4.0
    2454391.887            2.9            5.4
    2454394.775            8.6            4.2
    2454418.777           -0.2            4.5
    2454420.763            8.5            4.2
    2454440.653           -1.4            3.4
    2454443.651           -0.3            3.6
    2454481.638            3.5            3.9
    2454503.651            0.8            4.3
    2454645.984            2.2            4.5
    2454646.968            1.4            4.2
    2454668.009           -0.2            3.7
    2454681.904            6.5            3.8
     2454683.97           -1.0            3.8
    2454711.893            5.4            4.1
    2454713.873            7.9            4.2
    2454715.882            2.1            4.6
    2454716.875            0.4            4.1
    2454753.885            2.0            3.6
     2454755.85            7.0            3.8
    2454777.733            7.2            4.1
    2454806.796           12.3            5.5
     2454808.77            0.1            4.3
    2454809.763           11.6            6.1
    2455026.973           11.3            5.7
    2455063.965            8.7            5.0
    2455099.996            5.4            4.9
    2455116.856            2.4            6.8
    2455154.739            4.0            7.6
    2455174.788            9.7            5.8
    2455364.972            6.4            5.0
    2455419.012            1.1            4.7
    2455446.847            7.9            3.6
    2455446.856            7.5            3.1
    2455463.833           -0.1            5.2
    2455466.842           -0.0            4.8
    2455569.653           -0.8            4.1
    2455571.713            9.5            4.6
    2455572.671            7.5            4.8
    2455621.621           -3.4            4.6
    2455757.974            0.5            5.0
    2455803.919           12.6            4.3
    2455806.936            9.6            4.3
    2455828.781            3.3            4.2
    2455831.849           -2.1            5.1
    2455861.842            6.4            4.2
    2455864.796            0.5            4.4
    2455892.745            6.6            4.9
