    2451745.994           -9.0            4.3
    2451778.895          -14.5            3.7
    2451808.867           20.9            3.6
    2451853.766            1.6            4.1
    2451856.801            9.9            4.6
    2451898.637           24.9            8.0
    2451932.609           -7.0            3.9
    2452163.861           12.9            4.9
    2452175.851          -10.3            4.0
    2452307.598           -6.0            4.5
    2452465.989           23.0            5.3
    2452483.985           28.8            5.0
    2452494.987           17.0            5.0
    2452517.936           -9.5            5.2
     2452528.91           -4.3            5.2
     2452530.91           -4.2            4.5
    2452541.904           -6.0            4.5
    2452543.883           -4.7            5.0
    2452559.914           -6.2            6.4
    2452561.795           -8.5            8.4
    2452571.791           19.6            5.0
     2452589.81           11.3            5.7
    2452603.782           -3.7            4.9
    2452605.724          -10.0            4.8
    2452616.772           -6.6            5.9
    2452665.604           15.7            4.2
    2452668.611            9.6            5.3
    2452837.972          -11.2            5.4
    2452861.963           -6.8            4.1
    2452863.985          -19.5            5.2
    2452879.918            6.0            4.2
    2452880.947            6.3            5.0
    2452898.911           -2.7            4.7
    2452900.928           -2.2            4.8
    2452932.839            5.7            4.3
    2452934.804            8.2            4.6
    2452963.753           27.2            5.2
    2452965.809           11.7            5.4
     2453022.63            9.9            5.6
     2453208.01           -3.0            3.8
    2453209.978           -7.5            3.7
    2453214.961           -0.7            4.2
    2453231.961          -17.6            4.0
    2453233.909           -2.3            3.9
     2453235.96            8.1            4.2
    2453265.899           13.2            3.8
    2453268.919            6.8            4.0
     2453269.81            4.3            3.5
    2453286.828           -6.8            3.8
    2453324.713            7.7            5.5
    2453354.654           -2.5            3.8
    2453400.642           16.3            7.5
    2453550.983           21.7            4.4
    2453578.964            7.7            4.6
    2453613.923           -1.9            4.2
    2453654.771            2.0            4.1
    2453701.724           -1.9            4.6
    2453740.745           -6.1            4.7
    2453911.993            5.4            3.6
    2453917.013           25.2            3.9
    2453934.974           10.0            3.9
    2453968.925           -0.4            3.2
    2453981.851           -6.7            3.8
    2453985.899           -9.8            4.0
    2454055.755            7.0            3.9
    2454297.975            2.1            4.1
    2454300.974            1.9            4.0
    2454314.939           -4.8            3.6
    2454318.981           -8.9            4.2
    2454344.859            2.2            4.3
    2454348.917           20.1            4.0
    2454391.887           -0.4            5.4
    2454394.775           22.4            4.2
    2454418.777           11.7            4.5
    2454420.763            3.5            4.2
    2454440.653           11.1            3.4
    2454443.651            3.5            3.6
    2454481.638           -2.1            3.9
    2454503.651            4.5            4.3
    2454645.984            6.7            4.5
    2454646.968            9.0            4.2
    2454668.009           -6.7            3.7
    2454681.904           22.8            3.8
     2454683.97            7.5            3.8
    2454711.893           -8.4            4.1
    2454713.873          -10.6            4.2
    2454715.882           -8.3            4.6
    2454716.875           10.6            4.1
    2454753.885           -7.6            3.6
     2454755.85           -8.8            3.8
    2454777.733            2.4            4.1
    2454806.796            9.8            5.5
     2454808.77            6.1            4.3
    2454809.763           19.0            6.1
    2455026.973           -5.7            5.7
    2455063.965           11.1            5.0
    2455099.996           -4.4            4.9
    2455116.856           -1.0            6.8
    2455154.739            6.9            7.6
    2455174.788            0.9            5.8
    2455364.972            3.6            5.0
    2455419.012           -4.3            4.7
    2455446.847           14.9            3.6
    2455446.856           14.5            3.1
    2455463.833            6.6            5.2
    2455466.842           11.6            4.8
    2455569.653           16.3            4.1
    2455571.713           10.6            4.6
    2455572.671            0.1            4.8
    2455621.621           -9.4            4.6
    2455757.974           11.9            5.0
    2455803.919           15.4            4.3
    2455806.936            8.8            4.3
    2455828.781            3.5            4.2
    2455831.849            3.3            5.1
    2455861.842            2.0            4.2
    2455864.796           -6.9            4.4
    2455892.745           -9.8            4.9
