    2451745.994            6.9            4.3
    2451778.895            2.5            3.7
    2451808.867            0.7            3.6
    2451853.766           10.5            4.1
    2451856.801            4.5            4.6
    2451898.637            6.1            8.0
    2451932.609            6.1            3.9
    2452163.861            7.8            4.9
    2452175.851            4.0            4.0
    2452307.598           12.6            4.5
    2452465.989            6.9            5.3
    2452483.985            8.8            5.0
    2452494.987           -2.0            5.0
    2452517.936            9.9            5.2
     2452528.91            4.4            5.2
     2452530.91            5.3            4.5
    2452541.904            4.1            4.5
    2452543.883            0.3            5.0
    2452559.914            8.0            6.4
    2452561.795           10.8            8.4
    2452571.791            0.2            5.0
     2452589.81            6.2            5.7
    2452603.782           -0.4            4.9
    2452605.724            2.7            4.8
    2452616.772           11.7            5.9
    2452665.604            9.9            4.2
    2452668.611            2.5            5.3
    2452837.972            8.3            5.4
    2452861.963            1.3            4.1
    2452863.985           -1.0            5.2
    2452879.918            2.7            4.2
    2452880.947            0.6            5.0
    2452898.911            3.9            4.7
    2452900.928            2.1            4.8
    2452932.839           -1.7            4.3
    2452934.804            2.9            4.6
    2452963.753            2.1            5.2
    2452965.809            9.7            5.4
     2453022.63           12.4            5.6
     2453208.01            3.0            3.8
    2453209.978            3.5            3.7
    2453214.961            4.0            4.2
    2453231.961            4.4            4.0
    2453233.909            1.3            3.9
     2453235.96            3.1            4.2
    2453265.899            2.4            3.8
    2453268.919           -3.5            4.0
     2453269.81           -3.6            3.5
    2453286.828            1.5            3.8
    2453324.713           13.3            5.5
    2453354.654            5.8            3.8
    2453400.642            6.3            7.5
    2453550.983            3.8            4.4
    2453578.964            2.6            4.6
    2453613.923            8.7            4.2
    2453654.771            7.3            4.1
    2453701.724           10.6            4.6
    2453740.745            3.5            4.7
    2453911.993            7.0            3.6
    2453917.013           -1.2            3.9
    2453934.974            7.9            3.9
    2453968.925           -0.6            3.2
    2453981.851            3.6            3.8
    2453985.899            4.5            4.0
    2454055.755            3.9            3.9
    2454297.975            8.6            4.1
    2454300.974            8.6            4.0
    2454314.939            4.4            3.6
    2454318.981            3.1            4.2
    2454344.859            7.2            4.3
    2454348.917            9.4            4.0
    2454391.887            9.1            5.4
    2454394.775            9.6            4.2
    2454418.777            4.9            4.5
    2454420.763            1.9            4.2
    2454440.653            4.9            3.4
    2454443.651            7.5            3.6
    2454481.638           -2.4            3.9
    2454503.651            4.1            4.3
    2454645.984           -1.2            4.5
    2454646.968            2.2            4.2
    2454668.009            9.6            3.7
    2454681.904           -0.4            3.8
     2454683.97           -1.0            3.8
    2454711.893           -0.8            4.1
    2454713.873            0.2            4.2
    2454715.882            7.6            4.6
    2454716.875            9.0            4.1
    2454753.885            8.0            3.6
     2454755.85            6.5            3.8
    2454777.733            2.9            4.1
    2454806.796            2.4            5.5
     2454808.77           -1.6            4.3
    2454809.763           -1.3            6.1
    2455026.973           15.0            5.7
    2455063.965            0.4            5.0
    2455099.996            0.2            4.9
    2455116.856            4.8            6.8
    2455154.739           15.6            7.6
    2455174.788            7.7            5.8
    2455364.972            8.5            5.0
    2455419.012           -3.1            4.7
    2455446.847            6.4            3.6
    2455446.856            5.9            3.1
    2455463.833           11.0            5.2
    2455466.842            1.2            4.8
    2455569.653            4.3            4.1
    2455571.713            5.4            4.6
    2455572.671            4.6            4.8
    2455621.621            3.2            4.6
    2455757.974            3.3            5.0
    2455803.919            7.6            4.3
    2455806.936            1.8            4.3
    2455828.781           -0.1            4.2
    2455831.849            7.1            5.1
    2455861.842            4.9            4.2
    2455864.796            6.1            4.4
    2455892.745            3.7            4.9
