    2451745.994            3.6            4.3
    2451778.895           11.4            3.7
    2451808.867            8.9            3.6
    2451853.766           -3.6            4.1
    2451856.801           -3.6            4.6
    2451898.637           21.5            8.0
    2451932.609            6.6            3.9
    2452163.861            3.3            4.9
    2452175.851            8.6            4.0
    2452307.598            6.9            4.5
    2452465.989           -7.5            5.3
    2452483.985            3.1            5.0
    2452494.987           -1.7            5.0
    2452517.936            1.4            5.2
     2452528.91           -6.4            5.2
     2452530.91            9.7            4.5
    2452541.904           -6.8            4.5
    2452543.883            9.7            5.0
    2452559.914            7.1            6.4
    2452561.795            1.2            8.4
    2452571.791            4.2            5.0
     2452589.81           13.1            5.7
    2452603.782           12.5            4.9
    2452605.724            7.0            4.8
    2452616.772           20.6            5.9
    2452665.604           12.5            4.2
    2452668.611            8.1            5.3
    2452837.972            1.2            5.4
    2452861.963            4.5            4.1
    2452863.985           -1.3            5.2
    2452879.918          -10.0            4.2
    2452880.947            3.2            5.0
    2452898.911           -3.3            4.7
    2452900.928            4.5            4.8
    2452932.839           -0.8            4.3
    2452934.804           13.3            4.6
    2452963.753           13.6            5.2
    2452965.809           -1.8            5.4
     2453022.63            8.5            5.6
     2453208.01           -6.5            3.8
    2453209.978           -3.9            3.7
    2453214.961           -2.7            4.2
    2453231.961            3.0            4.0
    2453233.909           -9.6            3.9
     2453235.96            4.0            4.2
    2453265.899            8.1            3.8
    2453268.919            9.6            4.0
     2453269.81            2.7            3.5
    2453286.828           -1.5            3.8
    2453324.713           18.9            5.5
    2453354.654           19.2            3.8
    2453400.642           17.9            7.5
    2453550.983           -3.1            4.4
    2453578.964            0.6            4.6
    2453613.923           -4.4            4.2
    2453654.771            2.6            4.1
    2453701.724           16.8            4.6
    2453740.745            3.0            4.7
    2453911.993           -5.5            3.6
    2453917.013            2.4            3.9
    2453934.974           -0.8            3.9
    2453968.925          -10.0            3.2
    2453981.851           -4.6            3.8
    2453985.899           -6.1            4.0
    2454055.755           10.3            3.9
    2454297.975            3.1            4.1
    2454300.974           -0.5            4.0
    2454314.939            6.7            3.6
    2454318.981           -6.2            4.2
    2454344.859            6.8            4.3
    2454348.917           -3.1            4.0
    2454391.887            2.6            5.4
    2454394.775           14.2            4.2
    2454418.777            0.9            4.5
    2454420.763           15.7            4.2
    2454440.653           18.8            3.4
    2454443.651           16.7            3.6
    2454481.638            5.0            3.9
    2454503.651           20.6            4.3
    2454645.984            8.3            4.5
    2454646.968           -5.1            4.2
    2454668.009            0.3            3.7
    2454681.904            8.1            3.8
     2454683.97           -9.0            3.8
    2454711.893           12.7            4.1
    2454713.873           -2.9            4.2
    2454715.882            2.7            4.6
    2454716.875           -8.0            4.1
    2454753.885           -0.8            3.6
     2454755.85           -0.7            3.8
    2454777.733           16.6            4.1
    2454806.796            5.3            5.5
     2454808.77            9.5            4.3
    2454809.763            7.1            6.1
    2455026.973            3.1            5.7
    2455063.965           -3.8            5.0
    2455099.996           -3.3            4.9
    2455116.856           -2.4            6.8
    2455154.739           15.3            7.6
    2455174.788           13.1            5.8
    2455364.972           -6.0            5.0
    2455419.012           -6.7            4.7
    2455446.847           12.2            3.6
    2455446.856           11.1            3.1
    2455463.833           11.1            5.2
    2455466.842           12.2            4.8
    2455569.653           16.8            4.1
    2455571.713           11.3            4.6
    2455572.671           18.4            4.8
    2455621.621           18.6            4.6
    2455757.974            9.0            5.0
    2455803.919            6.0            4.3
    2455806.936            0.8            4.3
    2455828.781           -1.0            4.2
    2455831.849           -0.3            5.1
    2455861.842           -0.5            4.2
    2455864.796            3.7            4.4
    2455892.745            9.8            4.9
