    2451745.994           -0.3            4.3
    2451778.895            0.4            3.7
    2451808.867           10.0            3.6
    2451853.766            8.4            4.1
    2451856.801            7.6            4.6
    2451898.637            8.5            8.0
    2451932.609            9.7            3.9
    2452163.861            5.2            4.9
    2452175.851            5.2            4.0
    2452307.598           -0.8            4.5
    2452465.989            9.4            5.3
    2452483.985            5.3            5.0
    2452494.987            3.4            5.0
    2452517.936            9.7            5.2
     2452528.91           -0.5            5.2
     2452530.91           -1.6            4.5
    2452541.904            9.6            4.5
    2452543.883           11.3            5.0
    2452559.914            2.0            6.4
    2452561.795            4.7            8.4
    2452571.791            2.9            5.0
     2452589.81            7.0            5.7
    2452603.782           10.4            4.9
    2452605.724            7.5            4.8
    2452616.772           -1.1            5.9
    2452665.604            7.4            4.2
    2452668.611            4.6            5.3
    2452837.972           -1.1            5.4
    2452861.963            0.3            4.1
    2452863.985            2.7            5.2
    2452879.918            7.9            4.2
    2452880.947            0.6            5.0
    2452898.911            8.3            4.7
    2452900.928           10.8            4.8
    2452932.839            2.5            4.3
    2452934.804            6.0            4.6
    2452963.753            1.6            5.2
    2452965.809            5.7            5.4
     2453022.63            8.6            5.6
     2453208.01            7.2            3.8
    2453209.978            5.3            3.7
    2453214.961            7.1            4.2
    2453231.961           10.9            4.0
    2453233.909            6.2            3.9
     2453235.96            0.6            4.2
    2453265.899            1.3            3.8
    2453268.919            0.5            4.0
     2453269.81           10.0            3.5
    2453286.828            8.4            3.8
    2453324.713            9.6            5.5
    2453354.654           -1.0            3.8
    2453400.642            9.6            7.5
    2453550.983           11.1            4.4
    2453578.964            8.4            4.6
    2453613.923           -2.9            4.2
    2453654.771            1.5            4.1
    2453701.724           -1.1            4.6
    2453740.745            4.8            4.7
    2453911.993            2.5            3.6
    2453917.013            8.1            3.9
    2453934.974           -0.9            3.9
    2453968.925            1.0            3.2
    2453981.851            6.3            3.8
    2453985.899            7.4            4.0
    2454055.755            7.9            3.9
    2454297.975            9.3            4.1
    2454300.974            4.3            4.0
    2454314.939           10.4            3.6
    2454318.981            2.8            4.2
    2454344.859            2.3            4.3
    2454348.917           -0.2            4.0
    2454391.887            3.2            5.4
    2454394.775            0.4            4.2
    2454418.777            1.4            4.5
    2454420.763            0.4            4.2
    2454440.653            8.7            3.4
    2454443.651            7.2            3.6
    2454481.638            9.2            3.9
    2454503.651           -0.3            4.3
    2454645.984            8.9            4.5
    2454646.968           -0.7            4.2
    2454668.009           -2.2            3.7
    2454681.904            5.5            3.8
     2454683.97            9.7            3.8
    2454711.893            8.6            4.1
    2454713.873            2.6            4.2
    2454715.882           -1.9            4.6
    2454716.875            6.9            4.1
    2454753.885           -2.1            3.6
     2454755.85            0.1            3.8
    2454777.733           -1.0            4.1
    2454806.796            4.4            5.5
     2454808.77            1.1            4.3
    2454809.763           12.9            6.1
    2455026.973            4.7            5.7
    2455063.965            4.6            5.0
    2455099.996           11.0            4.9
    2455116.856           12.5            6.8
    2455154.739           11.4            7.6
    2455174.788            3.6            5.8
    2455364.972            3.6            5.0
    2455419.012           11.5            4.7
    2455446.847            1.7            3.6
    2455446.856            1.3            3.1
    2455463.833            4.9            5.2
    2455466.842           11.7            4.8
    2455569.653            2.7            4.1
    2455571.713            9.1            4.6
    2455572.671            1.0            4.8
    2455621.621           11.0            4.6
    2455757.974            3.4            5.0
    2455803.919            2.1            4.3
    2455806.936           10.8            4.3
    2455828.781            7.0            4.2
    2455831.849           -0.3            5.1
    2455861.842            9.5            4.2
    2455864.796            6.2            4.4
    2455892.745           11.9            4.9
