    2451745.994            8.6            4.3
    2451778.895           -0.6            3.7
    2451808.867           -8.8            3.6
    2451853.766          -10.0            4.1
    2451856.801           16.0            4.6
    2451898.637            4.9            8.0
    2451932.609            7.4            3.9
    2452163.861            9.0            4.9
    2452175.851           -6.2            4.0
    2452307.598          -12.4            4.5
    2452465.989           -9.7            5.3
    2452483.985            2.7            5.0
    2452494.987           15.6            5.0
    2452517.936           -5.8            5.2
     2452528.91           14.1            5.2
     2452530.91           19.9            4.5
    2452541.904          -13.9            4.5
    2452543.883            3.6            5.0
    2452559.914           14.0            6.4
    2452561.795            1.4            8.4
    2452571.791           -4.6            5.0
     2452589.81            2.7            5.7
    2452603.782           24.1            4.9
    2452605.724           10.2            4.8
    2452616.772            4.5            5.9
    2452665.604           -1.2            4.2
    2452668.611            1.5            5.3
    2452837.972           26.3            5.4
    2452861.963          -12.6            4.1
    2452863.985          -10.3            5.2
    2452879.918           14.4            4.2
    2452880.947           33.1            5.0
    2452898.911           -2.6            4.7
    2452900.928            3.5            4.8
    2452932.839            3.0            4.3
    2452934.804           -3.3            4.6
    2452963.753           22.2            5.2
    2452965.809          -13.4            5.4
     2453022.63           32.5            5.6
     2453208.01            4.3            3.8
    2453209.978            8.7            3.7
    2453214.961          -22.3            4.2
    2453231.961           11.7            4.0
    2453233.909           23.2            3.9
     2453235.96            2.1            4.2
    2453265.899            4.6            3.8
    2453268.919           30.2            4.0
     2453269.81           16.7            3.5
    2453286.828           16.4            3.8
    2453324.713            5.8            5.5
    2453354.654            4.8            3.8
    2453400.642           -3.9            7.5
    2453550.983           12.0            4.4
    2453578.964           25.2            4.6
    2453613.923           24.8            4.2
    2453654.771           20.5            4.1
    2453701.724          -14.2            4.6
    2453740.745           24.4            4.7
    2453911.993          -11.5            3.6
    2453917.013           -1.1            3.9
    2453934.974            2.4            3.9
    2453968.925            0.2            3.2
    2453981.851           22.0            3.8
    2453985.899          -17.2            4.0
    2454055.755           11.7            3.9
    2454297.975           -1.7            4.1
    2454300.974          -22.9            4.0
    2454314.939           -0.5            3.6
    2454318.981            6.7            4.2
    2454344.859           -7.9            4.3
    2454348.917           15.6            4.0
    2454391.887           24.9            5.4
    2454394.775            9.5            4.2
    2454418.777           -3.3            4.5
    2454420.763            5.8            4.2
    2454440.653          -11.0            3.4
    2454443.651            0.1            3.6
    2454481.638           14.1            3.9
    2454503.651            3.1            4.3
    2454645.984          -11.5            4.5
    2454646.968            1.5            4.2
    2454668.009            8.2            3.7
    2454681.904          -20.4            3.8
     2454683.97           -3.3            3.8
    2454711.893          -13.0            4.1
    2454713.873           15.1            4.2
    2454715.882           26.3            4.6
    2454716.875            3.2            4.1
    2454753.885            5.6            3.6
     2454755.85           -9.0            3.8
    2454777.733           -3.8            4.1
    2454806.796            1.3            5.5
     2454808.77           -4.5            4.3
    2454809.763           15.8            6.1
    2455026.973           -3.9            5.7
    2455063.965            9.5            5.0
    2455099.996           -1.6            4.9
    2455116.856           10.4            6.8
    2455154.739           15.1            7.6
    2455174.788           -6.1            5.8
    2455364.972           -2.4            5.0
    2455419.012           11.4            4.7
    2455446.847           15.9            3.6
    2455446.856           16.3            3.1
    2455463.833            8.1            5.2
    2455466.842           -5.2            4.8
    2455569.653          -11.0            4.1
    2455571.713           -6.6            4.6
    2455572.671            3.1            4.8
    2455621.621            7.6            4.6
    2455757.974            4.0            5.0
    2455803.919          -16.7            4.3
    2455806.936            8.7            4.3
    2455828.781            2.0            4.2
    2455831.849            3.8            5.1
    2455861.842           -0.0            4.2
    2455864.796            2.6            4.4
    2455892.745           -7.8            4.9
