    2451745.994           21.5            4.3
    2451778.895           -6.0            3.7
    2451808.867            3.4            3.6
    2451853.766            6.1            4.1
    2451856.801            1.1            4.6
    2451898.637           12.1            8.0
    2451932.609           10.6            3.9
    2452163.861            8.2            4.9
    2452175.851          -11.3            4.0
    2452307.598            8.9            4.5
    2452465.989           12.4            5.3
    2452483.985          -11.4            5.0
    2452494.987           -3.0            5.0
    2452517.936            9.5            5.2
     2452528.91           11.1            5.2
     2452530.91          -11.3            4.5
    2452541.904            0.2            4.5
    2452543.883           12.0            5.0
    2452559.914            2.0            6.4
    2452561.795           -7.1            8.4
    2452571.791           15.9            5.0
     2452589.81           25.6            5.7
    2452603.782            9.3            4.9
    2452605.724            6.7            4.8
    2452616.772           -3.4            5.9
    2452665.604           10.2            4.2
    2452668.611            6.9            5.3
    2452837.972           20.0            5.4
    2452861.963            4.6            4.1
    2452863.985           -2.5            5.2
    2452879.918          -12.0            4.2
    2452880.947           -0.3            5.0
    2452898.911           11.5            4.7
    2452900.928            7.4            4.8
    2452932.839           -6.9            4.3
    2452934.804           -7.3            4.6
    2452963.753           -2.4            5.2
    2452965.809          -14.4            5.4
     2453022.63           14.0            5.6
     2453208.01            1.7            3.8
    2453209.978            7.7            3.7
    2453214.961           -9.7            4.2
    2453231.961            4.4            4.0
    2453233.909           19.7            3.9
     2453235.96            2.6            4.2
    2453265.899            0.3            3.8
    2453268.919            3.2            4.0
     2453269.81           -0.9            3.5
    2453286.828           19.6            3.8
    2453324.713           11.1            5.5
    2453354.654           -3.0            3.8
    2453400.642            5.2            7.5
    2453550.983           25.5            4.4
    2453578.964            0.2            4.6
    2453613.923           -0.2            4.2
    2453654.771           -5.1            4.1
    2453701.724           -1.0            4.6
    2453740.745          -18.6            4.7
    2453911.993           -8.2            3.6
    2453917.013           10.2            3.9
    2453934.974            2.6            3.9
    2453968.925           11.1            3.2
    2453981.851           10.7            3.8
    2453985.899           13.7            4.0
    2454055.755            3.9            3.9
    2454297.975           -7.0            4.1
    2454300.974           15.4            4.0
    2454314.939            1.8            3.6
    2454318.981           13.5            4.2
    2454344.859           -5.7            4.3
    2454348.917            4.5            4.0
    2454391.887           -5.5            5.4
    2454394.775           23.4            4.2
    2454418.777           20.0            4.5
    2454420.763            1.5            4.2
    2454440.653           16.6            3.4
    2454443.651            9.7            3.6
    2454481.638           10.2            3.9
    2454503.651           13.3            4.3
    2454645.984           -1.4            4.5
    2454646.968           -2.2            4.2
    2454668.009            8.3            3.7
    2454681.904            2.6            3.8
     2454683.97           -3.3            3.8
    2454711.893           16.6            4.1
    2454713.873           14.6            4.2
    2454715.882           -1.1            4.6
    2454716.875           -4.1            4.1
    2454753.885           13.4            3.6
     2454755.85           -5.0            3.8
    2454777.733          -13.6            4.1
    2454806.796            9.5            5.5
     2454808.77          -10.2            4.3
    2454809.763            4.0            6.1
    2455026.973           -5.7            5.7
    2455063.965            1.7            5.0
    2455099.996           16.5            4.9
    2455116.856           17.2            6.8
    2455154.739            7.1            7.6
    2455174.788           -8.0            5.8
    2455364.972           15.1            5.0
    2455419.012            8.6            4.7
    2455446.847            6.4            3.6
    2455446.856            6.0            3.1
    2455463.833            9.6            5.2
    2455466.842           13.0            4.8
    2455569.653           -6.6            4.1
    2455571.713            6.7            4.6
    2455572.671           14.9            4.8
    2455621.621           -0.7            4.6
    2455757.974           14.3            5.0
    2455803.919           13.1            4.3
    2455806.936           17.4            4.3
    2455828.781           19.9            4.2
    2455831.849           -8.4            5.1
    2455861.842           17.6            4.2
    2455864.796            5.8            4.4
    2455892.745           14.1            4.9
