    2451745.994            4.3            4.3
    2451778.895            4.7            3.7
    2451808.867            0.2            3.6
    2451853.766            5.7            4.1
    2451856.801            6.4            4.6
    2451898.637           13.6            8.0
    2451932.609            2.3            3.9
    2452163.861            7.9            4.9
    2452175.851            7.5            4.0
    2452307.598           -1.3            4.5
    2452465.989            2.2            5.3
    2452483.985           10.5            5.0
    2452494.987            9.2            5.0
    2452517.936            3.1            5.2
     2452528.91            2.8            5.2
     2452530.91           -0.7            4.5
    2452541.904            0.8            4.5
    2452543.883            4.7            5.0
    2452559.914            9.0            6.4
    2452561.795            6.5            8.4
    2452571.791            3.2            5.0
     2452589.81            8.4            5.7
    2452603.782            1.8            4.9
    2452605.724           -0.1            4.8
    2452616.772            2.7            5.9
    2452665.604            5.2            4.2
    2452668.611           -0.2            5.3
    2452837.972            4.2            5.4
    2452861.963            0.9            4.1
    2452863.985            6.3            5.2
    2452879.918            1.6            4.2
    2452880.947            0.1            5.0
    2452898.911            8.4            4.7
    2452900.928            4.6            4.8
    2452932.839            4.5            4.3
    2452934.804            0.8            4.6
    2452963.753            6.2            5.2
    2452965.809            1.7            5.4
     2453022.63            2.7            5.6
     2453208.01            8.6            3.8
    2453209.978            3.8            3.7
    2453214.961            6.4            4.2
    2453231.961            0.3            4.0
    2453233.909           -1.1            3.9
     2453235.96            3.0            4.2
    2453265.899            0.1            3.8
    2453268.919            7.3            4.0
     2453269.81            8.3            3.5
    2453286.828            1.0            3.8
    2453324.713            7.8            5.5
    2453354.654            9.1            3.8
    2453400.642            7.1            7.5
    2453550.983            1.3            4.4
    2453578.964           10.3            4.6
    2453613.923            2.1            4.2
    2453654.771            8.5            4.1
    2453701.724            0.7            4.6
    2453740.745            5.5            4.7
    2453911.993            1.9            3.6
    2453917.013            4.2            3.9
    2453934.974            1.5            3.9
    2453968.925           -1.3            3.2
    2453981.851            5.4            3.8
    2453985.899            4.0            4.0
    2454055.755            4.3            3.9
    2454297.975            1.7            4.1
    2454300.974            8.1            4.0
    2454314.939            6.2            3.6
    2454318.981           -0.5            4.2
    2454344.859            7.6            4.3
    2454348.917            0.9            4.0
    2454391.887            1.6            5.4
    2454394.775            1.0            4.2
    2454418.777            7.4            4.5
    2454420.763            7.1            4.2
    2454440.653            9.3            3.4
    2454443.651            5.1            3.6
    2454481.638            4.2            3.9
    2454503.651            8.6            4.3
    2454645.984            4.4            4.5
    2454646.968            1.9            4.2
    2454668.009            2.7            3.7
    2454681.904            0.8            3.8
     2454683.97            5.5            3.8
    2454711.893           -0.6            4.1
    2454713.873            1.5            4.2
    2454715.882            7.0            4.6
    2454716.875            8.3            4.1
    2454753.885           -0.4            3.6
     2454755.85           -0.4            3.8
    2454777.733            0.3            4.1
    2454806.796            3.9            5.5
     2454808.77            2.0            4.3
    2454809.763            5.4            6.1
    2455026.973           11.2            5.7
    2455063.965           -0.7            5.0
    2455099.996           10.6            4.9
    2455116.856            2.2            6.8
    2455154.739           11.9            7.6
    2455174.788           11.6            5.8
    2455364.972            6.9            5.0
    2455419.012            7.0            4.7
    2455446.847            0.1            3.6
    2455446.856           -0.4            3.1
    2455463.833            9.6            5.2
    2455466.842            2.3            4.8
    2455569.653            6.2            4.1
    2455571.713            2.3            4.6
    2455572.671            0.4            4.8
    2455621.621            9.0            4.6
    2455757.974            7.1            5.0
    2455803.919            7.8            4.3
    2455806.936            1.4            4.3
    2455828.781            1.6            4.2
    2455831.849            5.5            5.1
    2455861.842           -1.6            4.2
    2455864.796            4.8            4.4
    2455892.745            2.4            4.9
