    2451745.994            4.1            4.3
    2451778.895            7.3            3.7
    2451808.867            1.6            3.6
    2451853.766            6.2            4.1
    2451856.801            8.1            4.6
    2451898.637            3.4            8.0
    2451932.609           -1.9            3.9
    2452163.861            7.9            4.9
    2452175.851            4.4            4.0
    2452307.598            6.4            4.5
    2452465.989            8.9            5.3
    2452483.985            8.7            5.0
    2452494.987            1.6            5.0
    2452517.936            9.3            5.2
     2452528.91            0.7            5.2
     2452530.91            9.7            4.5
    2452541.904           -1.7            4.5
    2452543.883            7.0            5.0
    2452559.914            2.4            6.4
    2452561.795           12.6            8.4
    2452571.791            2.5            5.0
     2452589.81           -0.6            5.7
    2452603.782            4.3            4.9
    2452605.724            4.5            4.8
    2452616.772            8.2            5.9
    2452665.604            8.8            4.2
    2452668.611            4.1            5.3
    2452837.972            8.6            5.4
    2452861.963           -2.7            4.1
    2452863.985            9.7            5.2
    2452879.918           -0.0            4.2
    2452880.947            7.5            5.0
    2452898.911            8.1            4.7
    2452900.928           -2.2            4.8
    2452932.839           11.0            4.3
    2452934.804            2.6            4.6
    2452963.753            7.8            5.2
    2452965.809           -1.4            5.4
     2453022.63            4.6            5.6
     2453208.01            2.0            3.8
    2453209.978            9.5            3.7
    2453214.961            3.2            4.2
    2453231.961            7.3            4.0
    2453233.909           -0.3            3.9
     2453235.96            7.0            4.2
    2453265.899            9.6            3.8
    2453268.919            5.1            4.0
     2453269.81           10.2            3.5
    2453286.828            8.0            3.8
    2453324.713            0.5            5.5
    2453354.654            1.1            3.8
    2453400.642            9.1            7.5
    2453550.983            8.3            4.4
    2453578.964           -1.4            4.6
    2453613.923           -1.5            4.2
    2453654.771            8.6            4.1
    2453701.724            7.0            4.6
    2453740.745            8.1            4.7
    2453911.993           -2.9            3.6
    2453917.013            4.0            3.9
    2453934.974            6.7            3.9
    2453968.925            3.8            3.2
    2453981.851            5.1            3.8
    2453985.899            4.1            4.0
    2454055.755            6.0            3.9
    2454297.975           10.3            4.1
    2454300.974            2.3            4.0
    2454314.939            6.1            3.6
    2454318.981            7.1            4.2
    2454344.859            7.0            4.3
    2454348.917            2.5            4.0
    2454391.887            1.7            5.4
    2454394.775           -0.6            4.2
    2454418.777            7.2            4.5
    2454420.763            0.6            4.2
    2454440.653            7.4            3.4
    2454443.651            1.3            3.6
    2454481.638           -2.6            3.9
    2454503.651           -1.8            4.3
    2454645.984           -2.5            4.5
    2454646.968            1.1            4.2
    2454668.009           -2.8            3.7
    2454681.904            6.9            3.8
     2454683.97            3.0            3.8
    2454711.893            2.1            4.1
    2454713.873            4.6            4.2
    2454715.882            2.1            4.6
    2454716.875            8.9            4.1
    2454753.885           -3.4            3.6
     2454755.85            7.2            3.8
    2454777.733            8.6            4.1
    2454806.796            6.1            5.5
     2454808.77            7.8            4.3
    2454809.763            2.3            6.1
    2455026.973            1.6            5.7
    2455063.965            4.5            5.0
    2455099.996            2.4            4.9
    2455116.856            2.5            6.8
    2455154.739            5.9            7.6
    2455174.788            8.1            5.8
    2455364.972            8.1            5.0
    2455419.012            0.8            4.7
    2455446.847            5.2            3.6
    2455446.856            4.8            3.1
    2455463.833            6.2            5.2
    2455466.842           -2.4            4.8
    2455569.653            1.3            4.1
    2455571.713            3.6            4.6
    2455572.671            8.0            4.8
    2455621.621            2.9            4.6
    2455757.974            8.4            5.0
    2455803.919           -2.9            4.3
    2455806.936            3.7            4.3
    2455828.781            2.1            4.2
    2455831.849           11.1            5.1
    2455861.842            9.1            4.2
    2455864.796           -0.9            4.4
    2455892.745            8.8            4.9
