    2451745.994            3.1            4.3
    2451778.895           -5.4            3.7
    2451808.867            0.5            3.6
    2451853.766            4.5            4.1
    2451856.801            4.0            4.6
    2451898.637            5.8            8.0
    2451932.609            4.7            3.9
    2452163.861            6.3            4.9
    2452175.851           -1.9            4.0
    2452307.598           10.2            4.5
    2452465.989            3.5            5.3
    2452483.985           -0.4            5.0
    2452494.987           10.3            5.0
    2452517.936            1.8            5.2
     2452528.91            9.9            5.2
     2452530.91            6.8            4.5
    2452541.904           -2.0            4.5
    2452543.883            4.1            5.0
    2452559.914            6.0            6.4
    2452561.795           16.4            8.4
    2452571.791            3.9            5.0
     2452589.81            0.9            5.7
    2452603.782           16.2            4.9
    2452605.724            8.2            4.8
    2452616.772            5.8            5.9
    2452665.604            2.7            4.2
    2452668.611            1.5            5.3
    2452837.972           -8.7            5.4
    2452861.963            9.6            4.1
    2452863.985            4.2            5.2
    2452879.918           -0.5            4.2
    2452880.947            5.1            5.0
    2452898.911           10.6            4.7
    2452900.928            4.9            4.8
    2452932.839           15.1            4.3
    2452934.804            2.7            4.6
    2452963.753            8.6            5.2
    2452965.809            8.0            5.4
     2453022.63            1.1            5.6
     2453208.01            7.5            3.8
    2453209.978            4.6            3.7
    2453214.961            9.6            4.2
    2453231.961            1.5            4.0
    2453233.909           -4.3            3.9
     2453235.96            2.3            4.2
    2453265.899            6.9            3.8
    2453268.919            0.4            4.0
     2453269.81            3.3            3.5
    2453286.828           14.7            3.8
    2453324.713           11.2            5.5
    2453354.654            7.6            3.8
    2453400.642           12.9            7.5
    2453550.983           -1.3            4.4
    2453578.964           12.1            4.6
    2453613.923           11.3            4.2
    2453654.771           13.6            4.1
    2453701.724            2.1            4.6
    2453740.745           -2.3            4.7
    2453911.993           12.0            3.6
    2453917.013            1.7            3.9
    2453934.974            2.1            3.9
    2453968.925            3.4            3.2
    2453981.851            5.3            3.8
    2453985.899           -1.7            4.0
    2454055.755            7.2            3.9
    2454297.975            7.2            4.1
    2454300.974            9.9            4.0
    2454314.939            0.2            3.6
    2454318.981           -4.1            4.2
    2454344.859            5.0            4.3
    2454348.917           -2.7            4.0
    2454391.887           -3.8            5.4
    2454394.775           -3.4            4.2
    2454418.777            7.6            4.5
    2454420.763           -1.9            4.2
    2454440.653            3.5            3.4
    2454443.651           15.5            3.6
    2454481.638           14.0            3.9
    2454503.651            2.8            4.3
    2454645.984            3.4            4.5
    2454646.968            0.0            4.2
    2454668.009            8.6            3.7
    2454681.904           -2.9            3.8
     2454683.97            2.8            3.8
    2454711.893           -0.5            4.1
    2454713.873            3.6            4.2
    2454715.882           -8.4            4.6
    2454716.875           -6.1            4.1
    2454753.885           -6.2            3.6
     2454755.85           -0.7            3.8
    2454777.733           10.0            4.1
    2454806.796           13.9            5.5
     2454808.77            8.6            4.3
    2454809.763           15.9            6.1
    2455026.973           13.1            5.7
    2455063.965            9.9            5.0
    2455099.996            5.8            4.9
    2455116.856            1.0            6.8
    2455154.739            1.1            7.6
    2455174.788           12.8            5.8
    2455364.972            3.3            5.0
    2455419.012            5.3            4.7
    2455446.847           -3.0            3.6
    2455446.856           -3.5            3.1
    2455463.833           13.7            5.2
    2455466.842            3.8            4.8
    2455569.653            8.8            4.1
    2455571.713            8.8            4.6
    2455572.671            6.2            4.8
    2455621.621            5.3            4.6
    2455757.974            1.5            5.0
    2455803.919           -4.6            4.3
    2455806.936            3.6            4.3
    2455828.781           12.8            4.2
    2455831.849           11.7            5.1
    2455861.842           13.7            4.2
    2455864.796            6.6            4.4
    2455892.745            3.3            4.9
