    2451745.994            0.2            4.3
    2451778.895          -14.2            3.7
    2451808.867           -1.0            3.6
    2451853.766            5.7            4.1
    2451856.801           30.1            4.6
    2451898.637           23.6            8.0
    2451932.609           -1.8            3.9
    2452163.861          -17.6            4.9
    2452175.851            5.7            4.0
    2452307.598          -16.5            4.5
    2452465.989           -6.7            5.3
    2452483.985           -3.0            5.0
    2452494.987          -25.7            5.0
    2452517.936           17.2            5.2
     2452528.91            2.7            5.2
     2452530.91           26.5            4.5
    2452541.904            7.0            4.5
    2452543.883           -2.2            5.0
    2452559.914           30.3            6.4
    2452561.795           23.1            8.4
    2452571.791            9.2            5.0
     2452589.81          -16.4            5.7
    2452603.782           17.4            4.9
    2452605.724           11.1            4.8
    2452616.772           -2.3            5.9
    2452665.604           14.6            4.2
    2452668.611           -1.9            5.3
    2452837.972           -7.4            5.4
    2452861.963           16.9            4.1
    2452863.985           24.2            5.2
    2452879.918           -7.1            4.2
    2452880.947          -15.2            5.0
    2452898.911           -9.7            4.7
    2452900.928          -27.8            4.8
    2452932.839            5.9            4.3
    2452934.804            4.6            4.6
    2452963.753          -14.4            5.2
    2452965.809           28.8            5.4
     2453022.63           12.5            5.6
     2453208.01           27.4            3.8
    2453209.978           -3.0            3.7
    2453214.961           17.0            4.2
    2453231.961          -24.8            4.0
    2453233.909          -13.8            3.9
     2453235.96            2.9            4.2
    2453265.899          -13.8            3.8
    2453268.919           17.0            4.0
     2453269.81           33.0            3.5
    2453286.828          -12.6            3.8
    2453324.713           21.0            5.5
    2453354.654           -3.6            3.8
    2453400.642            6.9            7.5
    2453550.983           21.6            4.4
    2453578.964           13.8            4.6
    2453613.923           31.6            4.2
    2453654.771           22.8            4.1
    2453701.724           -1.9            4.6
    2453740.745          -23.1            4.7
    2453911.993            0.0            3.6
    2453917.013           16.6            3.9
    2453934.974            1.7            3.9
    2453968.925            1.7            3.2
    2453981.851          -15.5            3.8
    2453985.899           15.1            4.0
    2454055.755           -5.1            3.9
    2454297.975           11.9            4.1
    2454300.974            4.1            4.0
    2454314.939           -6.7            3.6
    2454318.981            2.0            4.2
    2454344.859            0.8            4.3
    2454348.917           -1.8            4.0
    2454391.887           26.5            5.4
    2454394.775           -2.0            4.2
    2454418.777            3.4            4.5
    2454420.763           20.3            4.2
    2454440.653            9.8            3.4
    2454443.651           -1.0            3.6
    2454481.638           11.5            3.9
    2454503.651           18.3            4.3
    2454645.984           17.4            4.5
    2454646.968            3.8            4.2
    2454668.009            9.0            3.7
    2454681.904           11.3            3.8
     2454683.97           19.5            3.8
    2454711.893            1.0            4.1
    2454713.873           15.1            4.2
    2454715.882           35.6            4.6
    2454716.875           30.1            4.1
    2454753.885            5.4            3.6
     2454755.85           20.8            3.8
    2454777.733           38.7            4.1
    2454806.796           31.4            5.5
     2454808.77           12.5            4.3
    2454809.763           -7.7            6.1
    2455026.973           29.9            5.7
    2455063.965          -22.6            5.0
    2455099.996            9.4            4.9
    2455116.856            3.3            6.8
    2455154.739            6.7            7.6
    2455174.788           -8.5            5.8
    2455364.972           15.2            5.0
    2455419.012            5.2            4.7
    2455446.847           -0.3            3.6
    2455446.856           -1.3            3.1
    2455463.833           14.5            5.2
    2455466.842            8.1            4.8
    2455569.653           13.4            4.1
    2455571.713            5.2            4.6
    2455572.671          -16.4            4.8
    2455621.621          -13.5            4.6
    2455757.974            6.7            5.0
    2455803.919           11.3            4.3
    2455806.936            8.3            4.3
    2455828.781            0.7            4.2
    2455831.849           15.1            5.1
    2455861.842          -10.6            4.2
    2455864.796           -1.7            4.4
    2455892.745           -6.0            4.9
