    2451745.994            3.1            4.3
    2451778.895            5.2            3.7
    2451808.867            1.3            3.6
    2451853.766            6.1            4.1
    2451856.801           -2.1            4.6
    2451898.637           10.5            8.0
    2451932.609           14.1            3.9
    2452163.861            3.8            4.9
    2452175.851            2.1            4.0
    2452307.598            8.8            4.5
    2452465.989            0.3            5.3
    2452483.985            6.5            5.0
    2452494.987           10.4            5.0
    2452517.936            4.5            5.2
     2452528.91            1.3            5.2
     2452530.91            0.9            4.5
    2452541.904            9.2            4.5
    2452543.883            4.5            5.0
    2452559.914            7.6            6.4
    2452561.795           11.5            8.4
    2452571.791            5.7            5.0
     2452589.81           -1.0            5.7
    2452603.782            4.7            4.9
    2452605.724           10.8            4.8
    2452616.772           11.1            5.9
    2452665.604            3.1            4.2
    2452668.611            5.8            5.3
    2452837.972            4.1            5.4
    2452861.963            4.7            4.1
    2452863.985           -2.9            5.2
    2452879.918            1.0            4.2
    2452880.947            0.7            5.0
    2452898.911            0.4            4.7
    2452900.928           -0.8            4.8
    2452932.839           11.7            4.3
    2452934.804            3.2            4.6
    2452963.753           -4.0            5.2
    2452965.809            7.1            5.4
     2453022.63            5.7            5.6
     2453208.01            4.6            3.8
    2453209.978           -5.7            3.7
    2453214.961            6.5            4.2
    2453231.961           14.1            4.0
    2453233.909            3.1            3.9
     2453235.96            2.4            4.2
    2453265.899            7.5            3.8
    2453268.919            8.0            4.0
     2453269.81           10.1            3.5
    2453286.828           11.1            3.8
    2453324.713           12.5            5.5
    2453354.654            1.0            3.8
    2453400.642            1.4            7.5
    2453550.983           13.9            4.4
    2453578.964            7.3            4.6
    2453613.923            6.4            4.2
    2453654.771            2.3            4.1
    2453701.724           -2.5            4.6
    2453740.745            5.3            4.7
    2453911.993            3.7            3.6
    2453917.013            0.5            3.9
    2453934.974            4.7            3.9
    2453968.925           11.5            3.2
    2453981.851           -7.2            3.8
    2453985.899            6.7            4.0
    2454055.755           -6.8            3.9
    2454297.975            3.8            4.1
    2454300.974           -4.7            4.0
    2454314.939           11.1            3.6
    2454318.981            2.7            4.2
    2454344.859            2.7            4.3
    2454348.917           13.0            4.0
    2454391.887            0.5            5.4
    2454394.775            4.6            4.2
    2454418.777           -3.2            4.5
    2454420.763           -0.4            4.2
    2454440.653            5.6            3.4
    2454443.651            0.4            3.6
    2454481.638            4.3            3.9
    2454503.651            3.4            4.3
    2454645.984           -4.3            4.5
    2454646.968           -1.6            4.2
    2454668.009           15.0            3.7
    2454681.904           -2.5            3.8
     2454683.97            2.8            3.8
    2454711.893            6.2            4.1
    2454713.873           10.2            4.2
    2454715.882            4.1            4.6
    2454716.875            4.9            4.1
    2454753.885           -5.8            3.6
     2454755.85           -2.6            3.8
    2454777.733           12.4            4.1
    2454806.796           11.6            5.5
     2454808.77           -4.8            4.3
    2454809.763           -0.1            6.1
    2455026.973            3.1            5.7
    2455063.965           -6.7            5.0
    2455099.996            0.5            4.9
    2455116.856            8.9            6.8
    2455154.739            5.0            7.6
    2455174.788            6.8            5.8
    2455364.972           -4.7            5.0
    2455419.012           -3.1            4.7
    2455446.847           -0.6            3.6
    2455446.856           -1.1            3.1
    2455463.833           -2.8            5.2
    2455466.842            6.1            4.8
    2455569.653           10.8            4.1
    2455571.713           -2.3            4.6
    2455572.671            0.3            4.8
    2455621.621            7.9            4.6
    2455757.974            3.9            5.0
    2455803.919           10.1            4.3
    2455806.936            1.2            4.3
    2455828.781           -0.1            4.2
    2455831.849            4.3            5.1
    2455861.842            1.1            4.2
    2455864.796            2.5            4.4
    2455892.745            4.4            4.9
