    2451745.994            2.8            4.3
    2451778.895            1.6            3.7
    2451808.867           13.7            3.6
    2451853.766            2.8            4.1
    2451856.801            4.0            4.6
    2451898.637           -2.0            8.0
    2451932.609           -6.1            3.9
    2452163.861           -4.2            4.9
    2452175.851           -4.9            4.0
    2452307.598            2.6            4.5
    2452465.989           19.2            5.3
    2452483.985            2.2            5.0
    2452494.987            4.7            5.0
    2452517.936            4.1            5.2
     2452528.91            2.2            5.2
     2452530.91           12.8            4.5
    2452541.904           -3.8            4.5
    2452543.883            3.4            5.0
    2452559.914            6.0            6.4
    2452561.795            2.9            8.4
    2452571.791           14.1            5.0
     2452589.81            0.5            5.7
    2452603.782           14.6            4.9
    2452605.724           14.0            4.8
    2452616.772            3.5            5.9
    2452665.604           12.5            4.2
    2452668.611            8.2            5.3
    2452837.972           14.2            5.4
    2452861.963            1.3            4.1
    2452863.985            7.2            5.2
    2452879.918            4.0            4.2
    2452880.947            6.9            5.0
    2452898.911           -4.9            4.7
    2452900.928           -2.2            4.8
    2452932.839           -9.2            4.3
    2452934.804            0.2            4.6
    2452963.753            1.8            5.2
    2452965.809           -7.6            5.4
     2453022.63           15.5            5.6
     2453208.01            7.1            3.8
    2453209.978            1.0            3.7
    2453214.961           14.6            4.2
    2453231.961           -1.1            4.0
    2453233.909            7.0            3.9
     2453235.96            2.6            4.2
    2453265.899            1.1            3.8
    2453268.919            2.6            4.0
     2453269.81           -3.9            3.5
    2453286.828           11.5            3.8
    2453324.713            4.2            5.5
    2453354.654           12.5            3.8
    2453400.642           18.1            7.5
    2453550.983           -2.5            4.4
    2453578.964            8.2            4.6
    2453613.923            2.8            4.2
    2453654.771           -6.7            4.1
    2453701.724            2.3            4.6
    2453740.745            7.4            4.7
    2453911.993           12.1            3.6
    2453917.013           11.4            3.9
    2453934.974           -1.3            3.9
    2453968.925            3.4            3.2
    2453981.851            9.4            3.8
    2453985.899            5.7            4.0
    2454055.755            6.8            3.9
    2454297.975           -1.1            4.1
    2454300.974            3.9            4.0
    2454314.939           10.4            3.6
    2454318.981            3.4            4.2
    2454344.859           -4.5            4.3
    2454348.917           11.4            4.0
    2454391.887            5.6            5.4
    2454394.775           16.4            4.2
    2454418.777           -1.7            4.5
    2454420.763           10.5            4.2
    2454440.653            1.7            3.4
    2454443.651           -8.6            3.6
    2454481.638            3.6            3.9
    2454503.651            0.8            4.3
    2454645.984            3.1            4.5
    2454646.968            3.9            4.2
    2454668.009           11.5            3.7
    2454681.904           -2.6            3.8
     2454683.97           -6.9            3.8
    2454711.893            7.6            4.1
    2454713.873            8.0            4.2
    2454715.882           -3.7            4.6
    2454716.875           -5.2            4.1
    2454753.885            2.5            3.6
     2454755.85           -7.0            3.8
    2454777.733            5.9            4.1
    2454806.796           14.2            5.5
     2454808.77            1.8            4.3
    2454809.763            2.9            6.1
    2455026.973           -5.0            5.7
    2455063.965            5.1            5.0
    2455099.996           -2.8            4.9
    2455116.856           19.7            6.8
    2455154.739            6.3            7.6
    2455174.788           -1.4            5.8
    2455364.972            1.0            5.0
    2455419.012           -0.2            4.7
    2455446.847           -3.2            3.6
    2455446.856           -3.6            3.1
    2455463.833           12.5            5.2
    2455466.842            5.9            4.8
    2455569.653            6.6            4.1
    2455571.713           -4.0            4.6
    2455572.671           -2.3            4.8
    2455621.621            9.1            4.6
    2455757.974           -5.8            5.0
    2455803.919            3.8            4.3
    2455806.936           16.0            4.3
    2455828.781            3.1            4.2
    2455831.849            8.1            5.1
    2455861.842            3.1            4.2
    2455864.796            5.2            4.4
    2455892.745            5.8            4.9
