    2451745.994           -0.4            4.3
    2451778.895           -2.8            3.7
    2451808.867            8.8            3.6
    2451853.766           -4.3            4.1
    2451856.801            3.4            4.6
    2451898.637           11.5            8.0
    2451932.609           -1.3            3.9
    2452163.861           15.2            4.9
    2452175.851            7.1            4.0
    2452307.598            2.7            4.5
    2452465.989            1.8            5.3
    2452483.985           13.5            5.0
    2452494.987           14.7            5.0
    2452517.936           12.2            5.2
     2452528.91            7.2            5.2
     2452530.91           10.6            4.5
    2452541.904            6.8            4.5
    2452543.883           -5.9            5.0
    2452559.914           -4.4            6.4
    2452561.795            7.0            8.4
    2452571.791           12.8            5.0
     2452589.81            7.1            5.7
    2452603.782            2.7            4.9
    2452605.724            8.6            4.8
    2452616.772           11.6            5.9
    2452665.604           -1.1            4.2
    2452668.611           -2.2            5.3
    2452837.972            2.9            5.4
    2452861.963            5.1            4.1
    2452863.985           -0.1            5.2
    2452879.918           15.1            4.2
    2452880.947           -2.0            5.0
    2452898.911            0.9            4.7
    2452900.928            2.1            4.8
    2452932.839           -2.1            4.3
    2452934.804            2.7            4.6
    2452963.753           18.8            5.2
    2452965.809            0.8            5.4
     2453022.63           -1.1            5.6
     2453208.01           12.3            3.8
    2453209.978            1.3            3.7
    2453214.961            6.6            4.2
    2453231.961            8.4            4.0
    2453233.909            4.1            3.9
     2453235.96           -4.9            4.2
    2453265.899            5.5            3.8
    2453268.919           13.3            4.0
     2453269.81            0.2            3.5
    2453286.828            1.5            3.8
    2453324.713           -6.2            5.5
    2453354.654           -7.0            3.8
    2453400.642           19.7            7.5
    2453550.983            6.5            4.4
    2453578.964           13.0            4.6
    2453613.923            7.4            4.2
    2453654.771           -0.2            4.1
    2453701.724           11.2            4.6
    2453740.745            3.1            4.7
    2453911.993           -8.4            3.6
    2453917.013            7.3            3.9
    2453934.974            2.6            3.9
    2453968.925            7.1            3.2
    2453981.851           11.0            3.8
    2453985.899            6.4            4.0
    2454055.755           21.7            3.9
    2454297.975           -2.3            4.1
    2454300.974           -9.6            4.0
    2454314.939            3.9            3.6
    2454318.981           12.9            4.2
    2454344.859           -6.6            4.3
    2454348.917           -6.2            4.0
    2454391.887           -3.6            5.4
    2454394.775            4.2            4.2
    2454418.777            2.1            4.5
    2454420.763           14.8            4.2
    2454440.653            6.2            3.4
    2454443.651            2.1            3.6
    2454481.638           12.5            3.9
    2454503.651           -1.4            4.3
    2454645.984           -1.5            4.5
    2454646.968           12.7            4.2
    2454668.009           14.9            3.7
    2454681.904           10.0            3.8
     2454683.97            8.4            3.8
    2454711.893           10.4            4.1
    2454713.873           -9.6            4.2
    2454715.882           -0.7            4.6
    2454716.875          -15.6            4.1
    2454753.885           -1.8            3.6
     2454755.85           16.7            3.8
    2454777.733           -8.7            4.1
    2454806.796           10.6            5.5
     2454808.77            0.1            4.3
    2454809.763           12.6            6.1
    2455026.973            8.6            5.7
    2455063.965            1.8            5.0
    2455099.996           16.2            4.9
    2455116.856           18.1            6.8
    2455154.739           11.6            7.6
    2455174.788           11.2            5.8
    2455364.972            0.5            5.0
    2455419.012            6.8            4.7
    2455446.847            3.3            3.6
    2455446.856            2.9            3.1
    2455463.833           -1.7            5.2
    2455466.842            1.1            4.8
    2455569.653            6.2            4.1
    2455571.713            1.4            4.6
    2455572.671            7.7            4.8
    2455621.621           12.6            4.6
    2455757.974           -5.6            5.0
    2455803.919            8.7            4.3
    2455806.936           14.0            4.3
    2455828.781          -13.2            4.2
    2455831.849           -4.5            5.1
    2455861.842            6.3            4.2
    2455864.796           10.8            4.4
    2455892.745           -1.9            4.9
