    2451745.994            1.7            4.3
    2451778.895           18.6            3.7
    2451808.867            2.0            3.6
    2451853.766           -7.1            4.1
    2451856.801            4.8            4.6
    2451898.637           -0.6            8.0
    2451932.609            5.2            3.9
    2452163.861            3.0            4.9
    2452175.851           20.5            4.0
    2452307.598           23.0            4.5
    2452465.989           18.1            5.3
    2452483.985           10.6            5.0
    2452494.987            3.8            5.0
    2452517.936           18.1            5.2
     2452528.91          -14.5            5.2
     2452530.91           14.6            4.5
    2452541.904           -2.6            4.5
    2452543.883            6.0            5.0
    2452559.914           -3.3            6.4
    2452561.795           11.4            8.4
    2452571.791            0.7            5.0
     2452589.81            4.8            5.7
    2452603.782           16.8            4.9
    2452605.724          -13.4            4.8
    2452616.772           20.5            5.9
    2452665.604           -0.7            4.2
    2452668.611           16.6            5.3
    2452837.972           -5.9            5.4
    2452861.963           -7.0            4.1
    2452863.985           26.5            5.2
    2452879.918           -5.2            4.2
    2452880.947            0.5            5.0
    2452898.911           -6.3            4.7
    2452900.928           20.2            4.8
    2452932.839           -2.7            4.3
    2452934.804           -4.8            4.6
    2452963.753            8.6            5.2
    2452965.809           -1.7            5.4
     2453022.63           14.8            5.6
     2453208.01           -5.3            3.8
    2453209.978           14.2            3.7
    2453214.961           17.7            4.2
    2453231.961           -4.6            4.0
    2453233.909           12.8            3.9
     2453235.96           -8.6            4.2
    2453265.899            3.5            3.8
    2453268.919            0.4            4.0
     2453269.81           15.5            3.5
    2453286.828            0.5            3.8
    2453324.713           16.5            5.5
    2453354.654          -10.5            3.8
    2453400.642            2.1            7.5
    2453550.983           12.0            4.4
    2453578.964           12.5            4.6
    2453613.923          -10.9            4.2
    2453654.771          -10.1            4.1
    2453701.724           16.3            4.6
    2453740.745            3.2            4.7
    2453911.993           21.8            3.6
    2453917.013            7.3            3.9
    2453934.974            7.5            3.9
    2453968.925           -5.7            3.2
    2453981.851            2.9            3.8
    2453985.899           20.8            4.0
    2454055.755           -3.7            3.9
    2454297.975            2.8            4.1
    2454300.974           13.2            4.0
    2454314.939            6.1            3.6
    2454318.981           17.5            4.2
    2454344.859           -5.8            4.3
    2454348.917           -0.2            4.0
    2454391.887           12.3            5.4
    2454394.775            0.9            4.2
    2454418.777            1.5            4.5
    2454420.763           -2.2            4.2
    2454440.653            4.1            3.4
    2454443.651           -2.7            3.6
    2454481.638           15.6            3.9
    2454503.651            5.0            4.3
    2454645.984           12.9            4.5
    2454646.968            5.5            4.2
    2454668.009            1.0            3.7
    2454681.904           -3.0            3.8
     2454683.97            0.6            3.8
    2454711.893           -2.3            4.1
    2454713.873           10.0            4.2
    2454715.882           13.1            4.6
    2454716.875            5.6            4.1
    2454753.885            4.3            3.6
     2454755.85           12.4            3.8
    2454777.733            7.3            4.1
    2454806.796           13.6            5.5
     2454808.77            9.5            4.3
    2454809.763            6.4            6.1
    2455026.973          -10.8            5.7
    2455063.965          -15.1            5.0
    2455099.996           -2.4            4.9
    2455116.856           21.1            6.8
    2455154.739            5.3            7.6
    2455174.788            7.9            5.8
    2455364.972            2.1            5.0
    2455419.012            0.3            4.7
    2455446.847           -4.6            3.6
    2455446.856           -5.3            3.1
    2455463.833           -0.6            5.2
    2455466.842           -1.8            4.8
    2455569.653            8.5            4.1
    2455571.713            5.0            4.6
    2455572.671           22.5            4.8
    2455621.621            3.1            4.6
    2455757.974           -2.7            5.0
    2455803.919           -2.2            4.3
    2455806.936          -14.4            4.3
    2455828.781            5.0            4.2
    2455831.849            7.9            5.1
    2455861.842          -10.8            4.2
    2455864.796            1.2            4.4
    2455892.745            4.0            4.9
