    2451745.994            6.7            4.3
    2451778.895            0.4            3.7
    2451808.867           -1.4            3.6
    2451853.766            9.5            4.1
    2451856.801            4.5            4.6
    2451898.637            3.2            8.0
    2451932.609            3.1            3.9
    2452163.861            8.5            4.9
    2452175.851            8.8            4.0
    2452307.598           10.0            4.5
    2452465.989            6.0            5.3
    2452483.985            1.4            5.0
    2452494.987            6.4            5.0
    2452517.936            8.9            5.2
     2452528.91           10.5            5.2
     2452530.91           -1.1            4.5
    2452541.904            1.9            4.5
    2452543.883            7.2            5.0
    2452559.914           11.1            6.4
    2452561.795            2.6            8.4
    2452571.791            9.8            5.0
     2452589.81            2.3            5.7
    2452603.782            4.0            4.9
    2452605.724            5.0            4.8
    2452616.772            1.6            5.9
    2452665.604            6.6            4.2
    2452668.611           11.4            5.3
    2452837.972            2.0            5.4
    2452861.963            6.7            4.1
    2452863.985            3.3            5.2
    2452879.918           -0.3            4.2
    2452880.947            3.8            5.0
    2452898.911            2.3            4.7
    2452900.928            8.2            4.8
    2452932.839            8.8            4.3
    2452934.804           -0.7            4.6
    2452963.753            9.9            5.2
    2452965.809           -0.2            5.4
     2453022.63            7.1            5.6
     2453208.01            9.5            3.8
    2453209.978           -1.6            3.7
    2453214.961            5.8            4.2
    2453231.961            7.4            4.0
    2453233.909            1.9            3.9
     2453235.96            6.6            4.2
    2453265.899            9.1            3.8
    2453268.919            2.6            4.0
     2453269.81            8.9            3.5
    2453286.828            2.0            3.8
    2453324.713            9.9            5.5
    2453354.654            4.5            3.8
    2453400.642            4.3            7.5
    2453550.983           -0.4            4.4
    2453578.964            0.1            4.6
    2453613.923            0.6            4.2
    2453654.771            8.1            4.1
    2453701.724            4.5            4.6
    2453740.745            2.5            4.7
    2453911.993           -2.1            3.6
    2453917.013            2.4            3.9
    2453934.974           -0.1            3.9
    2453968.925            7.6            3.2
    2453981.851           -1.0            3.8
    2453985.899           -1.1            4.0
    2454055.755           -1.4            3.9
    2454297.975            8.1            4.1
    2454300.974            1.2            4.0
    2454314.939            1.7            3.6
    2454318.981            1.0            4.2
    2454344.859            9.7            4.3
    2454348.917            9.3            4.0
    2454391.887           10.2            5.4
    2454394.775            8.5            4.2
    2454418.777           10.3            4.5
    2454420.763           -0.4            4.2
    2454440.653            1.4            3.4
    2454443.651           -1.7            3.6
    2454481.638            3.3            3.9
    2454503.651            8.5            4.3
    2454645.984            0.0            4.5
    2454646.968            7.6            4.2
    2454668.009            2.0            3.7
    2454681.904            6.8            3.8
     2454683.97           -1.3            3.8
    2454711.893           -1.0            4.1
    2454713.873            8.1            4.2
    2454715.882            0.2            4.6
    2454716.875            7.7            4.1
    2454753.885           -0.8            3.6
     2454755.85            9.1            3.8
    2454777.733           -0.3            4.1
    2454806.796           11.2            5.5
     2454808.77           -0.3            4.3
    2454809.763            8.8            6.1
    2455026.973            7.3            5.7
    2455063.965            1.6            5.0
    2455099.996            0.4            4.9
    2455116.856           12.1            6.8
    2455154.739            7.5            7.6
    2455174.788           10.9            5.8
    2455364.972           10.4            5.0
    2455419.012            7.4            4.7
    2455446.847            8.4            3.6
    2455446.856            7.9            3.1
    2455463.833            0.2            5.2
    2455466.842            6.9            4.8
    2455569.653            1.9            4.1
    2455571.713            7.0            4.6
    2455572.671            0.2            4.8
    2455621.621            9.3            4.6
    2455757.974            7.3            5.0
    2455803.919            9.4            4.3
    2455806.936            6.4            4.3
    2455828.781           -1.7            4.2
    2455831.849            4.7            5.1
    2455861.842            9.1            4.2
    2455864.796            3.3            4.4
    2455892.745           10.1            4.9
