    2451745.994            4.7            4.3
    2451778.895            5.3            3.7
    2451808.867            7.9            3.6
    2451853.766            4.9            4.1
    2451856.801            7.5            4.6
    2451898.637            4.2            8.0
    2451932.609            7.0            3.9
    2452163.861           11.0            4.9
    2452175.851           -1.1            4.0
    2452307.598           -2.6            4.5
    2452465.989            6.8            5.3
    2452483.985            7.8            5.0
    2452494.987            9.6            5.0
    2452517.936            6.1            5.2
     2452528.91           -2.0            5.2
     2452530.91            2.6            4.5
    2452541.904           -2.8            4.5
    2452543.883           13.3            5.0
    2452559.914           11.8            6.4
    2452561.795           12.2            8.4
    2452571.791            1.6            5.0
     2452589.81            4.4            5.7
    2452603.782           -5.7            4.9
    2452605.724            3.4            4.8
    2452616.772            5.7            5.9
    2452665.604           -3.3            4.2
    2452668.611            1.1            5.3
    2452837.972           -7.3            5.4
    2452861.963           -7.5            4.1
    2452863.985           -0.7            5.2
    2452879.918           11.7            4.2
    2452880.947            1.6            5.0
    2452898.911           10.0            4.7
    2452900.928            7.4            4.8
    2452932.839           -1.2            4.3
    2452934.804           -3.4            4.6
    2452963.753            4.0            5.2
    2452965.809           14.7            5.4
     2453022.63           11.4            5.6
     2453208.01           14.2            3.8
    2453209.978           10.6            3.7
    2453214.961           -1.2            4.2
    2453231.961            7.2            4.0
    2453233.909            3.0            3.9
     2453235.96           -0.8            4.2
    2453265.899           -3.4            3.8
    2453268.919           -4.7            4.0
     2453269.81            3.2            3.5
    2453286.828           -0.3            3.8
    2453324.713           -6.0            5.5
    2453354.654           -0.7            3.8
    2453400.642            5.5            7.5
    2453550.983            1.9            4.4
    2453578.964            9.3            4.6
    2453613.923           16.8            4.2
    2453654.771           15.2            4.1
    2453701.724           -8.4            4.6
    2453740.745            7.6            4.7
    2453911.993            9.9            3.6
    2453917.013            2.2            3.9
    2453934.974           -5.0            3.9
    2453968.925           10.3            3.2
    2453981.851            8.7            3.8
    2453985.899            3.0            4.0
    2454055.755            1.0            3.9
    2454297.975           -3.8            4.1
    2454300.974           -6.1            4.0
    2454314.939           -3.0            3.6
    2454318.981           18.4            4.2
    2454344.859            6.0            4.3
    2454348.917            8.0            4.0
    2454391.887            6.9            5.4
    2454394.775            2.1            4.2
    2454418.777            7.4            4.5
    2454420.763            7.6            4.2
    2454440.653            2.8            3.4
    2454443.651           -0.3            3.6
    2454481.638            3.1            3.9
    2454503.651           -3.2            4.3
    2454645.984            1.7            4.5
    2454646.968           11.8            4.2
    2454668.009            5.8            3.7
    2454681.904           12.7            3.8
     2454683.97            9.9            3.8
    2454711.893           12.6            4.1
    2454713.873           10.7            4.2
    2454715.882           -1.3            4.6
    2454716.875            9.6            4.1
    2454753.885           11.5            3.6
     2454755.85            0.9            3.8
    2454777.733           -0.6            4.1
    2454806.796            1.5            5.5
     2454808.77            9.3            4.3
    2454809.763           -0.4            6.1
    2455026.973            6.3            5.7
    2455063.965           17.6            5.0
    2455099.996           -5.0            4.9
    2455116.856            8.9            6.8
    2455154.739            8.2            7.6
    2455174.788            6.5            5.8
    2455364.972           12.5            5.0
    2455419.012           15.5            4.7
    2455446.847           -4.5            3.6
    2455446.856           -5.1            3.1
    2455463.833           -0.5            5.2
    2455466.842            6.6            4.8
    2455569.653            6.8            4.1
    2455571.713           -2.4            4.6
    2455572.671            2.2            4.8
    2455621.621            3.5            4.6
    2455757.974           13.4            5.0
    2455803.919            6.0            4.3
    2455806.936            4.8            4.3
    2455828.781           -0.3            4.2
    2455831.849           -2.1            5.1
    2455861.842            5.1            4.2
    2455864.796            7.3            4.4
    2455892.745           14.6            4.9
