    2451745.994           -7.6            4.3
    2451778.895            6.3            3.7
    2451808.867            0.9            3.6
    2451853.766            7.5            4.1
    2451856.801            6.3            4.6
    2451898.637           13.6            8.0
    2451932.609           -4.6            3.9
    2452163.861           10.0            4.9
    2452175.851           -7.9            4.0
    2452307.598           10.3            4.5
    2452465.989           15.4            5.3
    2452483.985            1.9            5.0
    2452494.987            4.7            5.0
    2452517.936           10.1            5.2
     2452528.91           10.1            5.2
     2452530.91           -1.3            4.5
    2452541.904            3.3            4.5
    2452543.883            6.1            5.0
    2452559.914            3.5            6.4
    2452561.795            4.7            8.4
    2452571.791            5.9            5.0
     2452589.81          -10.5            5.7
    2452603.782            8.7            4.9
    2452605.724           12.7            4.8
    2452616.772           -1.2            5.9
    2452665.604            6.8            4.2
    2452668.611            4.0            5.3
    2452837.972           11.1            5.4
    2452861.963            9.3            4.1
    2452863.985           -4.3            5.2
    2452879.918            6.4            4.2
    2452880.947            2.3            5.0
    2452898.911           17.5            4.7
    2452900.928           -3.9            4.8
    2452932.839           -4.0            4.3
    2452934.804           -6.4            4.6
    2452963.753           -3.6            5.2
    2452965.809           19.0            5.4
     2453022.63            1.1            5.6
     2453208.01           -1.8            3.8
    2453209.978           13.4            3.7
    2453214.961            1.4            4.2
    2453231.961           19.0            4.0
    2453233.909            3.6            3.9
     2453235.96           -3.4            4.2
    2453265.899          -16.1            3.8
    2453268.919            4.7            4.0
     2453269.81            4.8            3.5
    2453286.828            6.5            3.8
    2453324.713           -6.0            5.5
    2453354.654          -10.1            3.8
    2453400.642           -0.7            7.5
    2453550.983            1.5            4.4
    2453578.964           -1.6            4.6
    2453613.923           16.6            4.2
    2453654.771           16.3            4.1
    2453701.724           22.5            4.6
    2453740.745           13.1            4.7
    2453911.993           -4.6            3.6
    2453917.013            0.1            3.9
    2453934.974            9.2            3.9
    2453968.925           -3.3            3.2
    2453981.851            1.0            3.8
    2453985.899           17.4            4.0
    2454055.755            2.5            3.9
    2454297.975           20.0            4.1
    2454300.974           14.2            4.0
    2454314.939            0.3            3.6
    2454318.981           19.9            4.2
    2454344.859           -1.3            4.3
    2454348.917           22.0            4.0
    2454391.887           -8.2            5.4
    2454394.775            5.1            4.2
    2454418.777           10.6            4.5
    2454420.763           -5.9            4.2
    2454440.653            9.8            3.4
    2454443.651            7.4            3.6
    2454481.638           -9.2            3.9
    2454503.651            8.2            4.3
    2454645.984           -1.2            4.5
    2454646.968           -7.4            4.2
    2454668.009            6.9            3.7
    2454681.904            7.3            3.8
     2454683.97            7.1            3.8
    2454711.893            5.7            4.1
    2454713.873            7.1            4.2
    2454715.882           -8.7            4.6
    2454716.875            0.1            4.1
    2454753.885           -5.0            3.6
     2454755.85            2.0            3.8
    2454777.733           14.4            4.1
    2454806.796            9.9            5.5
     2454808.77            9.9            4.3
    2454809.763           15.1            6.1
    2455026.973            2.3            5.7
    2455063.965            8.0            5.0
    2455099.996            2.1            4.9
    2455116.856            6.4            6.8
    2455154.739           -0.7            7.6
    2455174.788            9.9            5.8
    2455364.972            9.8            5.0
    2455419.012           12.9            4.7
    2455446.847            7.8            3.6
    2455446.856            7.4            3.1
    2455463.833            1.8            5.2
    2455466.842            7.4            4.8
    2455569.653           -7.2            4.1
    2455571.713            3.2            4.6
    2455572.671            4.9            4.8
    2455621.621           10.9            4.6
    2455757.974            9.6            5.0
    2455803.919          -18.7            4.3
    2455806.936            3.9            4.3
    2455828.781            1.8            4.2
    2455831.849           -8.2            5.1
    2455861.842           -3.9            4.2
    2455864.796           14.7            4.4
    2455892.745           -4.9            4.9
