    2451745.994            8.5            4.3
    2451778.895            0.9            3.7
    2451808.867            1.5            3.6
    2451853.766            1.5            4.1
    2451856.801           11.7            4.6
    2451898.637            5.6            8.0
    2451932.609            5.9            3.9
    2452163.861            3.5            4.9
    2452175.851           -1.2            4.0
    2452307.598           -0.9            4.5
    2452465.989            7.9            5.3
    2452483.985           12.6            5.0
    2452494.987           -1.6            5.0
    2452517.936           -5.7            5.2
     2452528.91            9.3            5.2
     2452530.91           -1.0            4.5
    2452541.904           -0.1            4.5
    2452543.883            2.5            5.0
    2452559.914            3.8            6.4
    2452561.795            3.3            8.4
    2452571.791            8.4            5.0
     2452589.81            7.5            5.7
    2452603.782            9.0            4.9
    2452605.724            5.8            4.8
    2452616.772            7.0            5.9
    2452665.604            6.2            4.2
    2452668.611            3.3            5.3
    2452837.972            9.3            5.4
    2452861.963            2.8            4.1
    2452863.985           -0.8            5.2
    2452879.918           -4.6            4.2
    2452880.947            0.6            5.0
    2452898.911            5.7            4.7
    2452900.928            3.5            4.8
    2452932.839           -2.0            4.3
    2452934.804            4.5            4.6
    2452963.753            7.0            5.2
    2452965.809           12.8            5.4
     2453022.63            1.6            5.6
     2453208.01            2.7            3.8
    2453209.978            2.8            3.7
    2453214.961            6.2            4.2
    2453231.961            0.3            4.0
    2453233.909           -2.2            3.9
     2453235.96            1.5            4.2
    2453265.899            6.6            3.8
    2453268.919            9.3            4.0
     2453269.81            6.2            3.5
    2453286.828            3.1            3.8
    2453324.713            0.1            5.5
    2453354.654            3.9            3.8
    2453400.642           10.4            7.5
    2453550.983            0.4            4.4
    2453578.964            4.9            4.6
    2453613.923            7.5            4.2
    2453654.771            9.8            4.1
    2453701.724           -0.2            4.6
    2453740.745            0.8            4.7
    2453911.993            7.3            3.6
    2453917.013            7.4            3.9
    2453934.974            5.1            3.9
    2453968.925           -0.3            3.2
    2453981.851            3.2            3.8
    2453985.899           10.4            4.0
    2454055.755            3.2            3.9
    2454297.975            0.4            4.1
    2454300.974            5.7            4.0
    2454314.939            0.2            3.6
    2454318.981            8.6            4.2
    2454344.859            6.9            4.3
    2454348.917           12.5            4.0
    2454391.887            5.2            5.4
    2454394.775            8.0            4.2
    2454418.777            0.2            4.5
    2454420.763            2.2            4.2
    2454440.653            7.6            3.4
    2454443.651            6.8            3.6
    2454481.638            1.7            3.9
    2454503.651            1.1            4.3
    2454645.984           -1.0            4.5
    2454646.968            1.3            4.2
    2454668.009            4.9            3.7
    2454681.904            5.0            3.8
     2454683.97            3.0            3.8
    2454711.893            6.4            4.1
    2454713.873            6.8            4.2
    2454715.882            6.8            4.6
    2454716.875           11.7            4.1
    2454753.885           -1.4            3.6
     2454755.85            3.6            3.8
    2454777.733           -0.5            4.1
    2454806.796            7.9            5.5
     2454808.77           13.0            4.3
    2454809.763           12.0            6.1
    2455026.973            7.3            5.7
    2455063.965           10.7            5.0
    2455099.996           -4.8            4.9
    2455116.856            2.2            6.8
    2455154.739           14.8            7.6
    2455174.788            6.1            5.8
    2455364.972            5.5            5.0
    2455419.012            5.3            4.7
    2455446.847           -2.0            3.6
    2455446.856           -2.4            3.1
    2455463.833            5.4            5.2
    2455466.842            3.1            4.8
    2455569.653            5.7            4.1
    2455571.713            9.1            4.6
    2455572.671            8.4            4.8
    2455621.621            8.1            4.6
    2455757.974            7.0            5.0
    2455803.919            6.6            4.3
    2455806.936            3.4            4.3
    2455828.781            9.4            4.2
    2455831.849            2.9            5.1
    2455861.842            2.3            4.2
    2455864.796           10.2            4.4
    2455892.745            2.8            4.9
