    2451745.994            5.9            4.3
    2451778.895           -5.3            3.7
    2451808.867           -6.3            3.6
    2451853.766           -8.0            4.1
    2451856.801           15.4            4.6
    2451898.637           -8.8            8.0
    2451932.609            9.8            3.9
    2452163.861           18.4            4.9
    2452175.851           11.7            4.0
    2452307.598            2.1            4.5
    2452465.989            1.4            5.3
    2452483.985           21.3            5.0
    2452494.987           15.0            5.0
    2452517.936           -1.3            5.2
     2452528.91           12.7            5.2
     2452530.91            3.7            4.5
    2452541.904            0.6            4.5
    2452543.883            9.1            5.0
    2452559.914           25.6            6.4
    2452561.795            6.0            8.4
    2452571.791           11.2            5.0
     2452589.81          -14.1            5.7
    2452603.782           10.3            4.9
    2452605.724           18.6            4.8
    2452616.772           -0.9            5.9
    2452665.604            7.2            4.2
    2452668.611           11.2            5.3
    2452837.972            4.3            5.4
    2452861.963          -13.3            4.1
    2452863.985           22.1            5.2
    2452879.918           16.3            4.2
    2452880.947           -6.4            5.0
    2452898.911            8.8            4.7
    2452900.928            0.8            4.8
    2452932.839           14.2            4.3
    2452934.804           -5.4            4.6
    2452963.753            9.1            5.2
    2452965.809          -14.5            5.4
     2453022.63          -10.7            5.6
     2453208.01           21.2            3.8
    2453209.978           -1.4            3.7
    2453214.961            0.5            4.2
    2453231.961           25.3            4.0
    2453233.909           -1.8            3.9
     2453235.96           17.5            4.2
    2453265.899           -4.1            3.8
    2453268.919           -9.0            4.0
     2453269.81           -4.3            3.5
    2453286.828           -9.7            3.8
    2453324.713           26.6            5.5
    2453354.654           -8.5            3.8
    2453400.642           21.5            7.5
    2453550.983           21.7            4.4
    2453578.964            9.8            4.6
    2453613.923           -9.8            4.2
    2453654.771           -2.9            4.1
    2453701.724           -6.5            4.6
    2453740.745           11.1            4.7
    2453911.993           21.4            3.6
    2453917.013           -5.5            3.9
    2453934.974            6.1            3.9
    2453968.925           15.0            3.2
    2453981.851           -3.7            3.8
    2453985.899          -16.5            4.0
    2454055.755           -5.5            3.9
    2454297.975           -7.4            4.1
    2454300.974           -4.9            4.0
    2454314.939           13.5            3.6
    2454318.981           28.2            4.2
    2454344.859           19.4            4.3
    2454348.917            1.1            4.0
    2454391.887           19.2            5.4
    2454394.775           -7.8            4.2
    2454418.777           -5.9            4.5
    2454420.763            2.0            4.2
    2454440.653           16.2            3.4
    2454443.651          -11.0            3.6
    2454481.638           13.1            3.9
    2454503.651            7.3            4.3
    2454645.984            4.0            4.5
    2454646.968           11.1            4.2
    2454668.009           24.3            3.7
    2454681.904          -11.5            3.8
     2454683.97           15.0            3.8
    2454711.893           24.2            4.1
    2454713.873           10.0            4.2
    2454715.882           10.2            4.6
    2454716.875            2.2            4.1
    2454753.885           -8.4            3.6
     2454755.85           14.1            3.8
    2454777.733            7.8            4.1
    2454806.796            5.6            5.5
     2454808.77           15.7            4.3
    2454809.763           14.2            6.1
    2455026.973           -6.6            5.7
    2455063.965           16.0            5.0
    2455099.996            9.4            4.9
    2455116.856            3.7            6.8
    2455154.739           -6.5            7.6
    2455174.788            3.3            5.8
    2455364.972           -1.5            5.0
    2455419.012           -0.3            4.7
    2455446.847           -3.4            3.6
    2455446.856           -3.2            3.1
    2455463.833            8.4            5.2
    2455466.842           -2.5            4.8
    2455569.653            5.5            4.1
    2455571.713           14.3            4.6
    2455572.671           14.4            4.8
    2455621.621            9.7            4.6
    2455757.974            1.7            5.0
    2455803.919           18.8            4.3
    2455806.936           -5.6            4.3
    2455828.781           13.4            4.2
    2455831.849           13.2            5.1
    2455861.842           -3.7            4.2
    2455864.796            0.9            4.4
    2455892.745           20.0            4.9
