    2451745.994            6.9            4.3
    2451778.895            7.5            3.7
    2451808.867           -2.6            3.6
    2451853.766           -5.5            4.1
    2451856.801            5.5            4.6
    2451898.637           -1.8            8.0
    2451932.609           -1.0            3.9
    2452163.861           10.3            4.9
    2452175.851            3.4            4.0
    2452307.598            4.1            4.5
    2452465.989            7.8            5.3
    2452483.985           -3.1            5.0
    2452494.987            9.6            5.0
    2452517.936            7.1            5.2
     2452528.91            4.3            5.2
     2452530.91            3.2            4.5
    2452541.904            4.1            4.5
    2452543.883            5.7            5.0
    2452559.914           10.6            6.4
    2452561.795            6.7            8.4
    2452571.791            7.7            5.0
     2452589.81            4.6            5.7
    2452603.782            1.9            4.9
    2452605.724            7.6            4.8
    2452616.772            4.2            5.9
    2452665.604           -0.2            4.2
    2452668.611            6.4            5.3
    2452837.972            2.6            5.4
    2452861.963           11.6            4.1
    2452863.985           10.6            5.2
    2452879.918           -2.7            4.2
    2452880.947            5.5            5.0
    2452898.911            3.4            4.7
    2452900.928           -0.3            4.8
    2452932.839            0.7            4.3
    2452934.804            0.7            4.6
    2452963.753            7.7            5.2
    2452965.809           15.4            5.4
     2453022.63            5.8            5.6
     2453208.01           -2.9            3.8
    2453209.978           -0.3            3.7
    2453214.961            5.5            4.2
    2453231.961           -3.0            4.0
    2453233.909           -3.8            3.9
     2453235.96            3.8            4.2
    2453265.899           -1.7            3.8
    2453268.919            5.6            4.0
     2453269.81           -0.2            3.5
    2453286.828           -4.3            3.8
    2453324.713            5.2            5.5
    2453354.654            1.5            3.8
    2453400.642            5.8            7.5
    2453550.983           11.5            4.4
    2453578.964           -0.4            4.6
    2453613.923           -4.0            4.2
    2453654.771           11.9            4.1
    2453701.724            0.4            4.6
    2453740.745           -3.3            4.7
    2453911.993           -2.4            3.6
    2453917.013            0.8            3.9
    2453934.974           10.8            3.9
    2453968.925           10.8            3.2
    2453981.851            5.5            3.8
    2453985.899            4.5            4.0
    2454055.755            0.7            3.9
    2454297.975            8.1            4.1
    2454300.974            9.8            4.0
    2454314.939            0.5            3.6
    2454318.981            3.0            4.2
    2454344.859            2.6            4.3
    2454348.917           -2.5            4.0
    2454391.887            4.2            5.4
    2454394.775            9.5            4.2
    2454418.777            0.1            4.5
    2454420.763            4.9            4.2
    2454440.653            3.6            3.4
    2454443.651            5.1            3.6
    2454481.638            8.6            3.9
    2454503.651           -4.0            4.3
    2454645.984            5.9            4.5
    2454646.968            9.8            4.2
    2454668.009            5.0            3.7
    2454681.904            1.9            3.8
     2454683.97           -0.6            3.8
    2454711.893           -0.4            4.1
    2454713.873           -3.1            4.2
    2454715.882            1.7            4.6
    2454716.875           10.4            4.1
    2454753.885           -1.8            3.6
     2454755.85            0.6            3.8
    2454777.733            3.2            4.1
    2454806.796            1.7            5.5
     2454808.77           -0.5            4.3
    2454809.763            4.4            6.1
    2455026.973            1.9            5.7
    2455063.965           10.6            5.0
    2455099.996           14.0            4.9
    2455116.856            0.5            6.8
    2455154.739            7.3            7.6
    2455174.788            2.6            5.8
    2455364.972            0.1            5.0
    2455419.012           -1.1            4.7
    2455446.847           -0.6            3.6
    2455446.856           -1.2            3.1
    2455463.833           -0.8            5.2
    2455466.842            4.6            4.8
    2455569.653           -1.6            4.1
    2455571.713            3.7            4.6
    2455572.671            5.6            4.8
    2455621.621           10.1            4.6
    2455757.974            5.5            5.0
    2455803.919            4.0            4.3
    2455806.936           -3.5            4.3
    2455828.781            0.5            4.2
    2455831.849           14.3            5.1
    2455861.842           11.1            4.2
    2455864.796            5.2            4.4
    2455892.745            5.3            4.9
