    2451745.994           10.2            4.3
    2451778.895           14.4            3.7
    2451808.867           -2.3            3.6
    2451853.766            4.6            4.1
    2451856.801           -8.4            4.6
    2451898.637           19.6            8.0
    2451932.609           22.6            3.9
    2452163.861            1.1            4.9
    2452175.851           -6.3            4.0
    2452307.598           -4.3            4.5
    2452465.989            2.8            5.3
    2452483.985            9.1            5.0
    2452494.987            4.7            5.0
    2452517.936           12.1            5.2
     2452528.91           16.7            5.2
     2452530.91            2.2            4.5
    2452541.904           -1.3            4.5
    2452543.883          -16.6            5.0
    2452559.914           17.9            6.4
    2452561.795           20.3            8.4
    2452571.791           -1.2            5.0
     2452589.81            1.5            5.7
    2452603.782           -6.7            4.9
    2452605.724           -5.1            4.8
    2452616.772          -12.0            5.9
    2452665.604           -5.8            4.2
    2452668.611           24.8            5.3
    2452837.972           23.1            5.4
    2452861.963           17.2            4.1
    2452863.985            3.3            5.2
    2452879.918           -3.9            4.2
    2452880.947           10.1            5.0
    2452898.911           -0.5            4.7
    2452900.928           -7.7            4.8
    2452932.839            7.4            4.3
    2452934.804           -5.4            4.6
    2452963.753            2.5            5.2
    2452965.809           18.1            5.4
     2453022.63           12.6            5.6
     2453208.01            4.2            3.8
    2453209.978          -11.5            3.7
    2453214.961            6.5            4.2
    2453231.961            2.2            4.0
    2453233.909           -5.8            3.9
     2453235.96           -3.9            4.2
    2453265.899           11.3            3.8
    2453268.919          -14.0            4.0
     2453269.81           -7.1            3.5
    2453286.828            9.0            3.8
    2453324.713           14.8            5.5
    2453354.654            0.4            3.8
    2453400.642           -2.1            7.5
    2453550.983           21.5            4.4
    2453578.964           -2.3            4.6
    2453613.923           -7.4            4.2
    2453654.771           15.7            4.1
    2453701.724           22.0            4.6
    2453740.745           -6.0            4.7
    2453911.993          -13.5            3.6
    2453917.013           11.9            3.9
    2453934.974          -12.8            3.9
    2453968.925           -2.0            3.2
    2453981.851           -8.8            3.8
    2453985.899            9.6            4.0
    2454055.755           -0.8            3.9
    2454297.975           24.1            4.1
    2454300.974            4.0            4.0
    2454314.939          -19.5            3.6
    2454318.981           12.4            4.2
    2454344.859           23.4            4.3
    2454348.917           -4.0            4.0
    2454391.887           14.3            5.4
    2454394.775            8.1            4.2
    2454418.777            1.2            4.5
    2454420.763           -6.5            4.2
    2454440.653           19.8            3.4
    2454443.651           -1.6            3.6
    2454481.638          -12.4            3.9
    2454503.651          -10.6            4.3
    2454645.984           11.9            4.5
    2454646.968           -1.3            4.2
    2454668.009            1.4            3.7
    2454681.904           -5.6            3.8
     2454683.97          -14.7            3.8
    2454711.893           16.3            4.1
    2454713.873           17.3            4.2
    2454715.882            7.6            4.6
    2454716.875           -2.0            4.1
    2454753.885          -16.6            3.6
     2454755.85           -4.8            3.8
    2454777.733          -14.3            4.1
    2454806.796           21.8            5.5
     2454808.77           13.6            4.3
    2454809.763            5.2            6.1
    2455026.973          -10.2            5.7
    2455063.965           -9.3            5.0
    2455099.996            3.3            4.9
    2455116.856           25.7            6.8
    2455154.739            7.4            7.6
    2455174.788           17.5            5.8
    2455364.972           16.4            5.0
    2455419.012          -17.7            4.7
    2455446.847            4.5            3.6
    2455446.856            5.0            3.1
    2455463.833            7.1            5.2
    2455466.842          -11.2            4.8
    2455569.653            2.8            4.1
    2455571.713          -12.0            4.6
    2455572.671           -9.7            4.8
    2455621.621           -5.5            4.6
    2455757.974           29.4            5.0
    2455803.919           18.7            4.3
    2455806.936            4.5            4.3
    2455828.781           21.2            4.2
    2455831.849           10.1            5.1
    2455861.842           15.1            4.2
    2455864.796           18.9            4.4
    2455892.745          -16.7            4.9
