    2451745.994           -3.3            4.3
    2451778.895           -8.2            3.7
    2451808.867           -4.3            3.6
    2451853.766           -6.1            4.1
    2451856.801           13.0            4.6
    2451898.637           13.1            8.0
    2451932.609            8.4            3.9
    2452163.861            9.7            4.9
    2452175.851           14.3            4.0
    2452307.598           21.7            4.5
    2452465.989           -0.5            5.3
    2452483.985           15.7            5.0
    2452494.987           11.9            5.0
    2452517.936            7.4            5.2
     2452528.91            4.8            5.2
     2452530.91           -8.9            4.5
    2452541.904          -21.3            4.5
    2452543.883           -1.2            5.0
    2452559.914            0.8            6.4
    2452561.795           12.7            8.4
    2452571.791            6.0            5.0
     2452589.81           17.4            5.7
    2452603.782            9.9            4.9
    2452605.724            0.0            4.8
    2452616.772            2.0            5.9
    2452665.604           13.0            4.2
    2452668.611            8.7            5.3
    2452837.972            6.5            5.4
    2452861.963           13.0            4.1
    2452863.985           12.0            5.2
    2452879.918           -1.9            4.2
    2452880.947            3.8            5.0
    2452898.911           -5.0            4.7
    2452900.928            0.2            4.8
    2452932.839            0.8            4.3
    2452934.804            4.5            4.6
    2452963.753            2.3            5.2
    2452965.809           17.6            5.4
     2453022.63            1.5            5.6
     2453208.01            4.5            3.8
    2453209.978           20.1            3.7
    2453214.961           15.0            4.2
    2453231.961            3.3            4.0
    2453233.909           17.0            3.9
     2453235.96            4.9            4.2
    2453265.899            2.4            3.8
    2453268.919          -17.0            4.0
     2453269.81            1.5            3.5
    2453286.828          -10.5            3.8
    2453324.713            3.0            5.5
    2453354.654           -5.7            3.8
    2453400.642          -11.6            7.5
    2453550.983            3.5            4.4
    2453578.964           14.1            4.6
    2453613.923            9.3            4.2
    2453654.771            1.0            4.1
    2453701.724           -4.8            4.6
    2453740.745           -2.9            4.7
    2453911.993           10.5            3.6
    2453917.013            0.2            3.9
    2453934.974           13.6            3.9
    2453968.925           12.8            3.2
    2453981.851           -5.2            3.8
    2453985.899           15.3            4.0
    2454055.755           -7.2            3.9
    2454297.975           13.2            4.1
    2454300.974            1.6            4.0
    2454314.939            1.3            3.6
    2454318.981            8.2            4.2
    2454344.859           13.0            4.3
    2454348.917           21.2            4.0
    2454391.887           10.8            5.4
    2454394.775           10.4            4.2
    2454418.777            6.6            4.5
    2454420.763           -4.0            4.2
    2454440.653           -1.7            3.4
    2454443.651            4.0            3.6
    2454481.638            4.7            3.9
    2454503.651           -4.2            4.3
    2454645.984          -10.0            4.5
    2454646.968           -6.3            4.2
    2454668.009            6.4            3.7
    2454681.904           -4.7            3.8
     2454683.97           -6.7            3.8
    2454711.893            7.0            4.1
    2454713.873            4.1            4.2
    2454715.882            1.5            4.6
    2454716.875           18.7            4.1
    2454753.885            5.3            3.6
     2454755.85           22.2            3.8
    2454777.733            2.9            4.1
    2454806.796           12.8            5.5
     2454808.77           -7.2            4.3
    2454809.763           -1.4            6.1
    2455026.973           -5.8            5.7
    2455063.965            7.0            5.0
    2455099.996           21.8            4.9
    2455116.856            4.3            6.8
    2455154.739           -0.9            7.6
    2455174.788           21.2            5.8
    2455364.972            5.5            5.0
    2455419.012           13.6            4.7
    2455446.847           10.3            3.6
    2455446.856           10.0            3.1
    2455463.833            9.4            5.2
    2455466.842          -11.1            4.8
    2455569.653            8.2            4.1
    2455571.713           -2.1            4.6
    2455572.671            1.8            4.8
    2455621.621            3.2            4.6
    2455757.974           18.9            5.0
    2455803.919           -3.7            4.3
    2455806.936            1.2            4.3
    2455828.781           -8.0            4.2
    2455831.849            9.2            5.1
    2455861.842            5.5            4.2
    2455864.796            8.1            4.4
    2455892.745            1.8            4.9
