    2451745.994           -2.3            4.3
    2451778.895            5.1            3.7
    2451808.867            5.9            3.6
    2451853.766           -2.3            4.1
    2451856.801            9.8            4.6
    2451898.637            5.3            8.0
    2451932.609            4.0            3.9
    2452163.861           14.3            4.9
    2452175.851            0.1            4.0
    2452307.598           -8.6            4.5
    2452465.989           11.7            5.3
    2452483.985            5.9            5.0
    2452494.987            7.1            5.0
    2452517.936            6.3            5.2
     2452528.91            2.8            5.2
     2452530.91           10.0            4.5
    2452541.904            9.1            4.5
    2452543.883           17.0            5.0
    2452559.914            9.9            6.4
    2452561.795           22.1            8.4
    2452571.791            0.4            5.0
     2452589.81           11.2            5.7
    2452603.782           -4.5            4.9
    2452605.724           -0.2            4.8
    2452616.772           -3.2            5.9
    2452665.604            5.2            4.2
    2452668.611            3.4            5.3
    2452837.972            2.4            5.4
    2452861.963           -3.1            4.1
    2452863.985          -15.4            5.2
    2452879.918           -2.9            4.2
    2452880.947           -7.0            5.0
    2452898.911            7.1            4.7
    2452900.928            4.6            4.8
    2452932.839            9.1            4.3
    2452934.804            8.4            4.6
    2452963.753           -5.8            5.2
    2452965.809            9.7            5.4
     2453022.63           -3.6            5.6
     2453208.01           -5.3            3.8
    2453209.978           -3.8            3.7
    2453214.961           19.9            4.2
    2453231.961           17.2            4.0
    2453233.909            9.0            3.9
     2453235.96            5.8            4.2
    2453265.899           10.3            3.8
    2453268.919           -4.7            4.0
     2453269.81           13.6            3.5
    2453286.828           11.5            3.8
    2453324.713           -0.0            5.5
    2453354.654           -0.2            3.8
    2453400.642           -4.8            7.5
    2453550.983          -15.3            4.4
    2453578.964           13.8            4.6
    2453613.923           -8.1            4.2
    2453654.771            0.8            4.1
    2453701.724           -4.7            4.6
    2453740.745            9.4            4.7
    2453911.993           -3.7            3.6
    2453917.013           -6.6            3.9
    2453934.974            8.8            3.9
    2453968.925           16.3            3.2
    2453981.851           -5.0            3.8
    2453985.899           17.4            4.0
    2454055.755            6.1            3.9
    2454297.975            3.2            4.1
    2454300.974            7.6            4.0
    2454314.939            1.9            3.6
    2454318.981           -9.5            4.2
    2454344.859           15.5            4.3
    2454348.917            1.6            4.0
    2454391.887           12.7            5.4
    2454394.775           16.3            4.2
    2454418.777          -11.6            4.5
    2454420.763            1.1            4.2
    2454440.653           -1.0            3.4
    2454443.651            6.5            3.6
    2454481.638          -11.5            3.9
    2454503.651           13.9            4.3
    2454645.984           15.1            4.5
    2454646.968           -2.0            4.2
    2454668.009            3.9            3.7
    2454681.904           -0.5            3.8
     2454683.97            2.4            3.8
    2454711.893            1.2            4.1
    2454713.873           -1.3            4.2
    2454715.882            3.2            4.6
    2454716.875            0.1            4.1
    2454753.885           10.4            3.6
     2454755.85           -5.0            3.8
    2454777.733           -9.6            4.1
    2454806.796           -8.1            5.5
     2454808.77           -9.6            4.3
    2454809.763           -5.9            6.1
    2455026.973           -4.2            5.7
    2455063.965            7.7            5.0
    2455099.996            7.8            4.9
    2455116.856           15.4            6.8
    2455154.739            6.7            7.6
    2455174.788            7.9            5.8
    2455364.972           10.7            5.0
    2455419.012           -0.9            4.7
    2455446.847           13.4            3.6
    2455446.856           12.2            3.1
    2455463.833            4.9            5.2
    2455466.842          -10.1            4.8
    2455569.653           13.5            4.1
    2455571.713           31.2            4.6
    2455572.671           13.4            4.8
    2455621.621           14.7            4.6
    2455757.974            3.4            5.0
    2455803.919            3.8            4.3
    2455806.936          -12.8            4.3
    2455828.781           -5.4            4.2
    2455831.849           10.8            5.1
    2455861.842          -13.3            4.2
    2455864.796           -4.3            4.4
    2455892.745            1.4            4.9
