    2451745.994            4.9            4.3
    2451778.895            2.6            3.7
    2451808.867           -8.2            3.6
    2451853.766           -8.8            4.1
    2451856.801           -6.0            4.6
    2451898.637           -2.8            8.0
    2451932.609           -4.8            3.9
    2452163.861            7.0            4.9
    2452175.851           -4.7            4.0
    2452307.598           -7.7            4.5
    2452465.989            9.1            5.3
    2452483.985           -2.6            5.0
    2452494.987           12.7            5.0
    2452517.936            7.9            5.2
     2452528.91           -2.1            5.2
     2452530.91           -4.0            4.5
    2452541.904            3.4            4.5
    2452543.883           -3.3            5.0
    2452559.914            8.8            6.4
    2452561.795            3.9            8.4
    2452571.791          -10.7            5.0
     2452589.81           -4.7            5.7
    2452603.782            2.2            4.9
    2452605.724            0.2            4.8
    2452616.772           -9.1            5.9
    2452665.604           -1.8            4.2
    2452668.611           -4.7            5.3
    2452837.972            4.1            5.4
    2452861.963            3.5            4.1
    2452863.985            8.3            5.2
    2452879.918           -0.3            4.2
    2452880.947            4.6            5.0
    2452898.911           -4.8            4.7
    2452900.928            3.3            4.8
    2452932.839           -1.4            4.3
    2452934.804           -0.5            4.6
    2452963.753          -10.1            5.2
    2452965.809           -8.6            5.4
     2453022.63           -1.1            5.6
     2453208.01            0.9            3.8
    2453209.978            1.1            3.7
    2453214.961            5.4            4.2
    2453231.961            9.4            4.0
    2453233.909            2.1            3.9
     2453235.96            7.5            4.2
    2453265.899            0.0            3.8
    2453268.919           -2.0            4.0
     2453269.81           -7.9            3.5
    2453286.828           -6.0            3.8
    2453324.713            3.2            5.5
    2453354.654          -11.4            3.8
    2453400.642           -6.2            7.5
    2453550.983           -3.2            4.4
    2453578.964            7.7            4.6
    2453613.923            4.4            4.2
    2453654.771           -2.6            4.1
    2453701.724           -5.1            4.6
    2453740.745           -6.6            4.7
    2453911.993            6.6            3.6
    2453917.013           13.3            3.9
    2453934.974            6.9            3.9
    2453968.925           -0.9            3.2
    2453981.851            0.5            3.8
    2453985.899           -5.8            4.0
    2454055.755          -11.0            3.9
    2454297.975            1.5            4.1
    2454300.974            0.4            4.0
    2454314.939           -2.0            3.6
    2454318.981            0.2            4.2
    2454344.859           -0.4            4.3
    2454348.917            5.7            4.0
    2454391.887            5.3            5.4
    2454394.775           -0.2            4.2
    2454418.777           -7.6            4.5
    2454420.763           -8.0            4.2
    2454440.653            2.9            3.4
    2454443.651           -5.9            3.6
    2454481.638           -0.6            3.9
    2454503.651           -6.3            4.3
    2454645.984            5.2            4.5
    2454646.968            1.0            4.2
    2454668.009            3.8            3.7
    2454681.904            6.2            3.8
     2454683.97            7.9            3.8
    2454711.893           -7.1            4.1
    2454713.873           -7.5            4.2
    2454715.882           -1.4            4.6
    2454716.875            1.4            4.1
    2454753.885           -6.5            3.6
     2454755.85           -9.1            3.8
    2454777.733           -2.6            4.1
    2454806.796           -7.6            5.5
     2454808.77           -4.7            4.3
    2454809.763            0.1            6.1
    2455026.973           12.0            5.7
    2455063.965            0.7            5.0
    2455099.996            6.7            4.9
    2455116.856            8.5            6.8
    2455154.739           -2.8            7.6
    2455174.788           -4.4            5.8
    2455364.972            0.5            5.0
    2455419.012           11.3            4.7
    2455446.847           -0.9            3.6
    2455446.856           -1.0            3.1
    2455463.833            2.3            5.2
    2455466.842            5.6            4.8
    2455569.653          -11.0            4.1
    2455571.713           -5.4            4.6
    2455572.671           -1.0            4.8
    2455621.621           -2.9            4.6
    2455757.974            7.1            5.0
    2455803.919            2.3            4.3
    2455806.936           -1.8            4.3
    2455828.781           -5.5            4.2
    2455831.849           -1.3            5.1
    2455861.842           -1.4            4.2
    2455864.796           -4.2            4.4
    2455892.745           -8.9            4.9
