    2451745.994            0.8            4.3
    2451778.895            3.7            3.7
    2451808.867            5.4            3.6
    2451853.766            1.9            4.1
    2451856.801            3.6            4.6
    2451898.637            7.3            8.0
    2451932.609           -4.0            3.9
    2452163.861           13.4            4.9
    2452175.851           11.5            4.0
    2452307.598           -6.4            4.5
    2452465.989           -8.8            5.3
    2452483.985           10.3            5.0
    2452494.987           -6.7            5.0
    2452517.936           -5.3            5.2
     2452528.91           10.7            5.2
     2452530.91            0.7            4.5
    2452541.904           13.4            4.5
    2452543.883           16.0            5.0
    2452559.914            8.8            6.4
    2452561.795            8.6            8.4
    2452571.791           -5.0            5.0
     2452589.81            0.9            5.7
    2452603.782            6.2            4.9
    2452605.724           -9.4            4.8
    2452616.772            7.5            5.9
    2452665.604            0.7            4.2
    2452668.611           14.2            5.3
    2452837.972            3.9            5.4
    2452861.963           -4.8            4.1
    2452863.985            1.8            5.2
    2452879.918           11.4            4.2
    2452880.947           17.4            5.0
    2452898.911           -8.5            4.7
    2452900.928            9.7            4.8
    2452932.839           14.9            4.3
    2452934.804            9.1            4.6
    2452963.753           16.7            5.2
    2452965.809           -6.5            5.4
     2453022.63           24.5            5.6
     2453208.01           11.2            3.8
    2453209.978           16.6            3.7
    2453214.961            1.1            4.2
    2453231.961            5.6            4.0
    2453233.909            3.2            3.9
     2453235.96           -6.7            4.2
    2453265.899          -10.1            3.8
    2453268.919           25.2            4.0
     2453269.81           20.2            3.5
    2453286.828           -2.2            3.8
    2453324.713           -6.7            5.5
    2453354.654           -1.9            3.8
    2453400.642           10.0            7.5
    2453550.983           -3.2            4.4
    2453578.964            7.1            4.6
    2453613.923           -0.8            4.2
    2453654.771          -10.9            4.1
    2453701.724            2.6            4.6
    2453740.745            8.5            4.7
    2453911.993            3.8            3.6
    2453917.013           -7.9            3.9
    2453934.974            5.7            3.9
    2453968.925          -15.9            3.2
    2453981.851            9.3            3.8
    2453985.899            8.7            4.0
    2454055.755           19.3            3.9
    2454297.975           -2.0            4.1
    2454300.974            0.2            4.0
    2454314.939           -2.0            3.6
    2454318.981           -5.7            4.2
    2454344.859           -1.2            4.3
    2454348.917            7.6            4.0
    2454391.887           10.8            5.4
    2454394.775           11.0            4.2
    2454418.777           -2.4            4.5
    2454420.763            8.0            4.2
    2454440.653           -5.4            3.4
    2454443.651           14.2            3.6
    2454481.638            1.3            3.9
    2454503.651           13.2            4.3
    2454645.984            9.5            4.5
    2454646.968            7.8            4.2
    2454668.009           18.4            3.7
    2454681.904           -0.2            3.8
     2454683.97           17.1            3.8
    2454711.893            2.9            4.1
    2454713.873           16.8            4.2
    2454715.882            9.8            4.6
    2454716.875          -11.0            4.1
    2454753.885           -0.7            3.6
     2454755.85            5.8            3.8
    2454777.733           -9.2            4.1
    2454806.796           -6.0            5.5
     2454808.77            3.7            4.3
    2454809.763            5.8            6.1
    2455026.973            8.1            5.7
    2455063.965           19.1            5.0
    2455099.996            8.3            4.9
    2455116.856            3.9            6.8
    2455154.739           17.3            7.6
    2455174.788            6.3            5.8
    2455364.972            5.1            5.0
    2455419.012            7.8            4.7
    2455446.847            5.7            3.6
    2455446.856            5.6            3.1
    2455463.833           18.9            5.2
    2455466.842           -6.5            4.8
    2455569.653            1.8            4.1
    2455571.713            4.5            4.6
    2455572.671            8.3            4.8
    2455621.621           -0.3            4.6
    2455757.974           -0.1            5.0
    2455803.919           -7.4            4.3
    2455806.936           13.7            4.3
    2455828.781            4.9            4.2
    2455831.849           -4.7            5.1
    2455861.842            4.8            4.2
    2455864.796            1.9            4.4
    2455892.745           -2.3            4.9
