    2451745.994           -5.1            4.3
    2451778.895           13.1            3.7
    2451808.867            2.7            3.6
    2451853.766           -0.7            4.1
    2451856.801           12.6            4.6
    2451898.637           17.0            8.0
    2451932.609           13.4            3.9
    2452163.861            5.3            4.9
    2452175.851           -0.6            4.0
    2452307.598           -0.6            4.5
    2452465.989           -3.2            5.3
    2452483.985           14.0            5.0
    2452494.987           -4.3            5.0
    2452517.936           11.7            5.2
     2452528.91           -1.0            5.2
     2452530.91            8.4            4.5
    2452541.904            1.0            4.5
    2452543.883           -4.5            5.0
    2452559.914           14.9            6.4
    2452561.795           13.5            8.4
    2452571.791           13.7            5.0
     2452589.81            1.5            5.7
    2452603.782           14.1            4.9
    2452605.724           10.3            4.8
    2452616.772           -0.7            5.9
    2452665.604           -3.1            4.2
    2452668.611           -1.7            5.3
    2452837.972           14.7            5.4
    2452861.963           10.4            4.1
    2452863.985            1.8            5.2
    2452879.918            6.1            4.2
    2452880.947           -0.9            5.0
    2452898.911           14.2            4.7
    2452900.928            9.4            4.8
    2452932.839           12.3            4.3
    2452934.804            2.5            4.6
    2452963.753           -3.1            5.2
    2452965.809           -2.9            5.4
     2453022.63            3.2            5.6
     2453208.01            0.1            3.8
    2453209.978           -5.7            3.7
    2453214.961           -5.0            4.2
    2453231.961           -5.5            4.0
    2453233.909            1.1            3.9
     2453235.96           10.4            4.2
    2453265.899           -4.3            3.8
    2453268.919           -1.9            4.0
     2453269.81           12.9            3.5
    2453286.828           13.3            3.8
    2453324.713           -4.0            5.5
    2453354.654            5.7            3.8
    2453400.642            1.1            7.5
    2453550.983            4.6            4.4
    2453578.964            2.6            4.6
    2453613.923           13.3            4.2
    2453654.771            6.2            4.1
    2453701.724           13.9            4.6
    2453740.745           14.3            4.7
    2453911.993            6.6            3.6
    2453917.013            3.5            3.9
    2453934.974           -3.0            3.9
    2453968.925           -6.2            3.2
    2453981.851            8.5            3.8
    2453985.899           -5.5            4.0
    2454055.755           10.7            3.9
    2454297.975           -3.4            4.1
    2454300.974           -3.1            4.0
    2454314.939           -1.8            3.6
    2454318.981           13.7            4.2
    2454344.859           -3.1            4.3
    2454348.917            3.0            4.0
    2454391.887           12.2            5.4
    2454394.775           12.9            4.2
    2454418.777           12.3            4.5
    2454420.763            2.1            4.2
    2454440.653            9.9            3.4
    2454443.651           11.6            3.6
    2454481.638           -1.2            3.9
    2454503.651            0.5            4.3
    2454645.984           13.9            4.5
    2454646.968           -4.3            4.2
    2454668.009           12.8            3.7
    2454681.904            3.2            3.8
     2454683.97           -4.3            3.8
    2454711.893           13.5            4.1
    2454713.873            9.4            4.2
    2454715.882           -0.3            4.6
    2454716.875           12.7            4.1
    2454753.885            4.2            3.6
     2454755.85           12.9            3.8
    2454777.733           13.7            4.1
    2454806.796           14.0            5.5
     2454808.77            3.3            4.3
    2454809.763           12.1            6.1
    2455026.973           10.8            5.7
    2455063.965            0.9            5.0
    2455099.996           12.9            4.9
    2455116.856           16.4            6.8
    2455154.739           -1.8            7.6
    2455174.788            5.1            5.8
    2455364.972            1.2            5.0
    2455419.012            9.4            4.7
    2455446.847            4.1            3.6
    2455446.856            3.4            3.1
    2455463.833            8.1            5.2
    2455466.842           -3.9            4.8
    2455569.653           -4.4            4.1
    2455571.713           -3.5            4.6
    2455572.671            8.3            4.8
    2455621.621           11.0            4.6
    2455757.974            5.1            5.0
    2455803.919           -4.0            4.3
    2455806.936            8.3            4.3
    2455828.781            5.6            4.2
    2455831.849           14.6            5.1
    2455861.842            0.0            4.2
    2455864.796           -5.1            4.4
    2455892.745           14.4            4.9
