    2451745.994           -1.9            4.3
    2451778.895            6.5            3.7
    2451808.867            3.9            3.6
    2451853.766           13.8            4.1
    2451856.801            5.8            4.6
    2451898.637           11.4            8.0
    2451932.609            1.0            3.9
    2452163.861            2.8            4.9
    2452175.851           10.5            4.0
    2452307.598           -3.9            4.5
    2452465.989           11.6            5.3
    2452483.985            1.7            5.0
    2452494.987           -2.2            5.0
    2452517.936            0.5            5.2
     2452528.91            2.1            5.2
     2452530.91            7.2            4.5
    2452541.904           -6.5            4.5
    2452543.883            9.5            5.0
    2452559.914            5.9            6.4
    2452561.795            1.6            8.4
    2452571.791            2.2            5.0
     2452589.81            8.4            5.7
    2452603.782            2.7            4.9
    2452605.724           15.2            4.8
    2452616.772            8.6            5.9
    2452665.604            5.3            4.2
    2452668.611           15.7            5.3
    2452837.972            7.0            5.4
    2452861.963           -1.6            4.1
    2452863.985            4.1            5.2
    2452879.918           -4.1            4.2
    2452880.947            2.1            5.0
    2452898.911            5.4            4.7
    2452900.928            4.2            4.8
    2452932.839            8.5            4.3
    2452934.804           -3.5            4.6
    2452963.753            9.6            5.2
    2452965.809            8.6            5.4
     2453022.63            8.0            5.6
     2453208.01            6.5            3.8
    2453209.978            8.5            3.7
    2453214.961            0.8            4.2
    2453231.961           -8.6            4.0
    2453233.909            4.6            3.9
     2453235.96           -2.0            4.2
    2453265.899           10.6            3.8
    2453268.919            6.2            4.0
     2453269.81           -4.4            3.5
    2453286.828           -2.0            3.8
    2453324.713           -3.6            5.5
    2453354.654            6.6            3.8
    2453400.642           14.3            7.5
    2453550.983            3.4            4.4
    2453578.964           -0.8            4.6
    2453613.923           -1.4            4.2
    2453654.771            8.6            4.1
    2453701.724           12.2            4.6
    2453740.745           12.6            4.7
    2453911.993            2.3            3.6
    2453917.013           -0.6            3.9
    2453934.974            4.8            3.9
    2453968.925            1.0            3.2
    2453981.851            4.1            3.8
    2453985.899            7.0            4.0
    2454055.755           12.2            3.9
    2454297.975           10.9            4.1
    2454300.974            2.5            4.0
    2454314.939           -0.1            3.6
    2454318.981            2.2            4.2
    2454344.859           -0.7            4.3
    2454348.917            9.7            4.0
    2454391.887            3.3            5.4
    2454394.775            0.7            4.2
    2454418.777           13.9            4.5
    2454420.763            8.6            4.2
    2454440.653            3.9            3.4
    2454443.651            3.6            3.6
    2454481.638            3.4            3.9
    2454503.651            3.1            4.3
    2454645.984           11.3            4.5
    2454646.968           -7.3            4.2
    2454668.009            3.0            3.7
    2454681.904           -6.3            3.8
     2454683.97            6.4            3.8
    2454711.893            1.5            4.1
    2454713.873           -6.0            4.2
    2454715.882           10.3            4.6
    2454716.875           -6.1            4.1
    2454753.885            9.1            3.6
     2454755.85           10.4            3.8
    2454777.733           15.5            4.1
    2454806.796           -2.7            5.5
     2454808.77           11.8            4.3
    2454809.763            9.1            6.1
    2455026.973           -3.2            5.7
    2455063.965            0.0            5.0
    2455099.996            1.0            4.9
    2455116.856            0.0            6.8
    2455154.739            0.4            7.6
    2455174.788           -2.9            5.8
    2455364.972           -4.5            5.0
    2455419.012           -4.4            4.7
    2455446.847           -4.2            3.6
    2455446.856           -4.7            3.1
    2455463.833            7.2            5.2
    2455466.842           -7.6            4.8
    2455569.653            3.2            4.1
    2455571.713           -4.8            4.6
    2455572.671            3.8            4.8
    2455621.621           -4.9            4.6
    2455757.974            7.4            5.0
    2455803.919           10.3            4.3
    2455806.936            5.4            4.3
    2455828.781            4.9            4.2
    2455831.849            2.2            5.1
    2455861.842            9.9            4.2
    2455864.796           -0.5            4.4
    2455892.745            8.0            4.9
