    2451745.994            3.6            4.3
    2451778.895            2.7            3.7
    2451808.867            4.1            3.6
    2451853.766           -0.8            4.1
    2451856.801           -4.6            4.6
    2451898.637            5.1            8.0
    2451932.609            7.2            3.9
    2452163.861            3.6            4.9
    2452175.851           17.1            4.0
    2452307.598            3.1            4.5
    2452465.989            2.8            5.3
    2452483.985            7.2            5.0
    2452494.987           -6.3            5.0
    2452517.936           10.6            5.2
     2452528.91            9.9            5.2
     2452530.91           -6.7            4.5
    2452541.904            5.3            4.5
    2452543.883            9.0            5.0
    2452559.914            2.4            6.4
    2452561.795           13.1            8.4
    2452571.791           -1.4            5.0
     2452589.81            7.5            5.7
    2452603.782           -8.8            4.9
    2452605.724           -5.9            4.8
    2452616.772            2.1            5.9
    2452665.604           14.6            4.2
    2452668.611           -3.0            5.3
    2452837.972           -4.4            5.4
    2452861.963            3.5            4.1
    2452863.985            6.5            5.2
    2452879.918           -0.2            4.2
    2452880.947            5.5            5.0
    2452898.911            2.8            4.7
    2452900.928           -2.2            4.8
    2452932.839            8.8            4.3
    2452934.804           -1.5            4.6
    2452963.753           10.3            5.2
    2452965.809            1.2            5.4
     2453022.63            8.5            5.6
     2453208.01            3.2            3.8
    2453209.978            4.1            3.7
    2453214.961            2.3            4.2
    2453231.961           -4.8            4.0
    2453233.909            8.0            3.9
     2453235.96            5.8            4.2
    2453265.899           15.2            3.8
    2453268.919           -3.3            4.0
     2453269.81            5.7            3.5
    2453286.828          -10.8            3.8
    2453324.713           -2.2            5.5
    2453354.654           -4.2            3.8
    2453400.642           -2.2            7.5
    2453550.983            8.9            4.4
    2453578.964           10.8            4.6
    2453613.923            4.7            4.2
    2453654.771            5.2            4.1
    2453701.724            6.7            4.6
    2453740.745           -7.5            4.7
    2453911.993           19.6            3.6
    2453917.013            8.0            3.9
    2453934.974            8.8            3.9
    2453968.925            7.4            3.2
    2453981.851            3.0            3.8
    2453985.899           11.3            4.0
    2454055.755           -7.0            3.9
    2454297.975            7.4            4.1
    2454300.974           13.8            4.0
    2454314.939            7.1            3.6
    2454318.981           16.7            4.2
    2454344.859           -1.6            4.3
    2454348.917           -1.5            4.0
    2454391.887            6.6            5.4
    2454394.775           -3.4            4.2
    2454418.777            3.6            4.5
    2454420.763           16.0            4.2
    2454440.653           -1.1            3.4
    2454443.651            2.0            3.6
    2454481.638            0.5            3.9
    2454503.651            9.5            4.3
    2454645.984            1.0            4.5
    2454646.968           -4.8            4.2
    2454668.009           12.3            3.7
    2454681.904           11.1            3.8
     2454683.97            0.2            3.8
    2454711.893           -8.1            4.1
    2454713.873            6.2            4.2
    2454715.882            1.8            4.6
    2454716.875           -0.4            4.1
    2454753.885            9.7            3.6
     2454755.85           -0.7            3.8
    2454777.733            2.5            4.1
    2454806.796           10.6            5.5
     2454808.77           18.7            4.3
    2454809.763           16.1            6.1
    2455026.973            5.6            5.7
    2455063.965           -4.5            5.0
    2455099.996           -6.9            4.9
    2455116.856            5.1            6.8
    2455154.739           -5.0            7.6
    2455174.788            2.4            5.8
    2455364.972           13.0            5.0
    2455419.012           18.4            4.7
    2455446.847           14.4            3.6
    2455446.856           13.8            3.1
    2455463.833            6.9            5.2
    2455466.842            0.2            4.8
    2455569.653            9.8            4.1
    2455571.713            1.8            4.6
    2455572.671           -2.4            4.8
    2455621.621            9.3            4.6
    2455757.974           14.0            5.0
    2455803.919            5.2            4.3
    2455806.936            7.0            4.3
    2455828.781          -10.1            4.2
    2455831.849            1.6            5.1
    2455861.842           13.7            4.2
    2455864.796            1.5            4.4
    2455892.745           -5.6            4.9
