    2451745.994           13.0            4.3
    2451778.895           -2.4            3.7
    2451808.867           -1.7            3.6
    2451853.766            9.2            4.1
    2451856.801            1.9            4.6
    2451898.637           13.3            8.0
    2451932.609            3.4            3.9
    2452163.861           -4.5            4.9
    2452175.851           10.3            4.0
    2452307.598            4.6            4.5
    2452465.989            7.2            5.3
    2452483.985            3.5            5.0
    2452494.987           -6.8            5.0
    2452517.936            9.8            5.2
     2452528.91            4.4            5.2
     2452530.91            8.3            4.5
    2452541.904            7.5            4.5
    2452543.883           11.0            5.0
    2452559.914            0.2            6.4
    2452561.795            2.8            8.4
    2452571.791           13.2            5.0
     2452589.81           -1.3            5.7
    2452603.782           12.7            4.9
    2452605.724            9.9            4.8
    2452616.772            9.8            5.9
    2452665.604            5.3            4.2
    2452668.611            3.9            5.3
    2452837.972           15.1            5.4
    2452861.963           15.0            4.1
    2452863.985           17.6            5.2
    2452879.918           -7.2            4.2
    2452880.947            9.2            5.0
    2452898.911            4.0            4.7
    2452900.928            5.1            4.8
    2452932.839            6.8            4.3
    2452934.804            7.7            4.6
    2452963.753           -5.8            5.2
    2452965.809           -5.0            5.4
     2453022.63            7.1            5.6
     2453208.01            9.1            3.8
    2453209.978           11.7            3.7
    2453214.961            4.9            4.2
    2453231.961            0.0            4.0
    2453233.909            4.3            3.9
     2453235.96            8.2            4.2
    2453265.899            9.0            3.8
    2453268.919           -3.5            4.0
     2453269.81            6.0            3.5
    2453286.828            0.0            3.8
    2453324.713           -3.2            5.5
    2453354.654           -1.7            3.8
    2453400.642            4.6            7.5
    2453550.983           -3.7            4.4
    2453578.964           -1.6            4.6
    2453613.923            5.2            4.2
    2453654.771            9.9            4.1
    2453701.724           -1.6            4.6
    2453740.745            8.4            4.7
    2453911.993           -8.0            3.6
    2453917.013            5.2            3.9
    2453934.974            4.6            3.9
    2453968.925            6.8            3.2
    2453981.851           13.7            3.8
    2453985.899           15.4            4.0
    2454055.755           -5.6            3.9
    2454297.975            6.6            4.1
    2454300.974           -5.6            4.0
    2454314.939           13.8            3.6
    2454318.981            5.0            4.2
    2454344.859           10.4            4.3
    2454348.917            1.8            4.0
    2454391.887            3.0            5.4
    2454394.775           13.6            4.2
    2454418.777            3.3            4.5
    2454420.763            7.2            4.2
    2454440.653           -7.3            3.4
    2454443.651            1.5            3.6
    2454481.638           -1.4            3.9
    2454503.651           -3.3            4.3
    2454645.984            6.8            4.5
    2454646.968           -4.8            4.2
    2454668.009           13.1            3.7
    2454681.904           -7.2            3.8
     2454683.97           -7.1            3.8
    2454711.893           -8.1            4.1
    2454713.873           -6.0            4.2
    2454715.882           -1.8            4.6
    2454716.875           10.2            4.1
    2454753.885           15.8            3.6
     2454755.85           15.6            3.8
    2454777.733            8.4            4.1
    2454806.796            3.9            5.5
     2454808.77            2.5            4.3
    2454809.763           17.6            6.1
    2455026.973           12.0            5.7
    2455063.965           -2.1            5.0
    2455099.996           11.9            4.9
    2455116.856           12.4            6.8
    2455154.739           -3.4            7.6
    2455174.788           11.3            5.8
    2455364.972           -0.2            5.0
    2455419.012           -6.4            4.7
    2455446.847           -6.1            3.6
    2455446.856           -6.7            3.1
    2455463.833            8.6            5.2
    2455466.842            5.4            4.8
    2455569.653           -6.7            4.1
    2455571.713           -5.5            4.6
    2455572.671            9.5            4.8
    2455621.621           -1.9            4.6
    2455757.974           15.4            5.0
    2455803.919           -7.6            4.3
    2455806.936            6.0            4.3
    2455828.781            8.6            4.2
    2455831.849           -6.9            5.1
    2455861.842           -7.9            4.2
    2455864.796            2.4            4.4
    2455892.745            2.0            4.9
