    2451745.994            3.1            4.3
    2451778.895           -1.6            3.7
    2451808.867            2.3            3.6
    2451853.766            0.9            4.1
    2451856.801            0.0            4.6
    2451898.637            8.9            8.0
    2451932.609            3.1            3.9
    2452163.861            7.7            4.9
    2452175.851            3.5            4.0
    2452307.598           11.5            4.5
    2452465.989           10.1            5.3
    2452483.985            4.9            5.0
    2452494.987            6.1            5.0
    2452517.936           11.1            5.2
     2452528.91            1.1            5.2
     2452530.91           -1.6            4.5
    2452541.904            6.3            4.5
    2452543.883            5.9            5.0
    2452559.914            1.3            6.4
    2452561.795            5.0            8.4
    2452571.791            3.2            5.0
     2452589.81            3.4            5.7
    2452603.782            3.5            4.9
    2452605.724            4.8            4.8
    2452616.772           -0.4            5.9
    2452665.604            7.9            4.2
    2452668.611            4.9            5.3
    2452837.972            6.1            5.4
    2452861.963            7.7            4.1
    2452863.985            7.9            5.2
    2452879.918            0.5            4.2
    2452880.947            0.8            5.0
    2452898.911           10.2            4.7
    2452900.928            7.7            4.8
    2452932.839            1.3            4.3
    2452934.804            3.2            4.6
    2452963.753            0.9            5.2
    2452965.809           -1.4            5.4
     2453022.63            9.3            5.6
     2453208.01           -0.6            3.8
    2453209.978            2.0            3.7
    2453214.961            4.8            4.2
    2453231.961            3.1            4.0
    2453233.909            2.7            3.9
     2453235.96           -1.0            4.2
    2453265.899            0.4            3.8
    2453268.919            3.7            4.0
     2453269.81            4.2            3.5
    2453286.828           -1.8            3.8
    2453324.713            1.4            5.5
    2453354.654            3.1            3.8
    2453400.642            5.3            7.5
    2453550.983            3.6            4.4
    2453578.964            8.0            4.6
    2453613.923            4.5            4.2
    2453654.771            8.6            4.1
    2453701.724            6.0            4.6
    2453740.745            6.7            4.7
    2453911.993            1.4            3.6
    2453917.013            3.5            3.9
    2453934.974            5.5            3.9
    2453968.925            4.9            3.2
    2453981.851            2.4            3.8
    2453985.899            0.6            4.0
    2454055.755            7.2            3.9
    2454297.975            6.6            4.1
    2454300.974            3.3            4.0
    2454314.939            0.6            3.6
    2454318.981            5.3            4.2
    2454344.859           -4.4            4.3
    2454348.917            1.9            4.0
    2454391.887            4.9            5.4
    2454394.775            1.8            4.2
    2454418.777            0.2            4.5
    2454420.763            1.3            4.2
    2454440.653            8.4            3.4
    2454443.651           10.5            3.6
    2454481.638            6.0            3.9
    2454503.651           -1.1            4.3
    2454645.984            6.1            4.5
    2454646.968            7.5            4.2
    2454668.009            1.2            3.7
    2454681.904            7.5            3.8
     2454683.97            8.9            3.8
    2454711.893            6.5            4.1
    2454713.873            7.3            4.2
    2454715.882            3.9            4.6
    2454716.875            1.9            4.1
    2454753.885            3.0            3.6
     2454755.85            7.5            3.8
    2454777.733            0.4            4.1
    2454806.796            5.9            5.5
     2454808.77            6.2            4.3
    2454809.763            7.1            6.1
    2455026.973           10.9            5.7
    2455063.965            7.2            5.0
    2455099.996            2.3            4.9
    2455116.856            9.2            6.8
    2455154.739            6.7            7.6
    2455174.788            4.0            5.8
    2455364.972            0.5            5.0
    2455419.012            3.2            4.7
    2455446.847           -4.2            3.6
    2455446.856           -4.7            3.1
    2455463.833           12.1            5.2
    2455466.842            8.3            4.8
    2455569.653            2.8            4.1
    2455571.713            5.9            4.6
    2455572.671            7.9            4.8
    2455621.621            5.8            4.6
    2455757.974            3.5            5.0
    2455803.919           -3.6            4.3
    2455806.936            2.8            4.3
    2455828.781            3.5            4.2
    2455831.849            0.5            5.1
    2455861.842            6.2            4.2
    2455864.796           11.3            4.4
    2455892.745           10.4            4.9
