    2451745.994           -3.3            4.3
    2451778.895          -38.2            3.7
    2451808.867          -12.4            3.6
    2451853.766            6.6            4.1
    2451856.801           -5.8            4.6
    2451898.637           -1.7            8.0
    2451932.609          -26.8            3.9
    2452163.861           12.8            4.9
    2452175.851           38.4            4.0
    2452307.598           27.9            4.5
    2452465.989           -1.9            5.3
    2452483.985           30.9            5.0
    2452494.987           36.2            5.0
    2452517.936           18.4            5.2
     2452528.91          -21.8            5.2
     2452530.91          -20.9            4.5
    2452541.904           -8.1            4.5
    2452543.883           15.0            5.0
    2452559.914           26.2            6.4
    2452561.795           -4.2            8.4
    2452571.791           24.4            5.0
     2452589.81           13.3            5.7
    2452603.782           15.1            4.9
    2452605.724          -27.7            4.8
    2452616.772           44.2            5.9
    2452665.604           30.7            4.2
    2452668.611           38.5            5.3
    2452837.972          -33.7            5.4
    2452861.963          -10.5            4.1
    2452863.985           -2.9            5.2
    2452879.918           -2.1            4.2
    2452880.947          -22.1            5.0
    2452898.911           35.1            4.7
    2452900.928           -7.3            4.8
    2452932.839           24.3            4.3
    2452934.804          -11.2            4.6
    2452963.753           15.8            5.2
    2452965.809          -15.2            5.4
     2453022.63          -29.7            5.6
     2453208.01          -12.1            3.8
    2453209.978            9.1            3.7
    2453214.961           30.2            4.2
    2453231.961           -1.7            4.0
    2453233.909           40.4            3.9
     2453235.96           33.7            4.2
    2453265.899            3.8            3.8
    2453268.919           18.3            4.0
     2453269.81           16.2            3.5
    2453286.828           16.9            3.8
    2453324.713            5.5            5.5
    2453354.654           -6.2            3.8
    2453400.642           29.6            7.5
    2453550.983           16.7            4.4
    2453578.964          -10.0            4.6
    2453613.923           -8.9            4.2
    2453654.771            8.2            4.1
    2453701.724            2.7            4.6
    2453740.745           -3.6            4.7
    2453911.993            2.6            3.6
    2453917.013          -25.9            3.9
    2453934.974           27.8            3.9
    2453968.925           -1.3            3.2
    2453981.851           29.9            3.8
    2453985.899           15.4            4.0
    2454055.755           37.8            3.9
    2454297.975           11.2            4.1
    2454300.974          -13.3            4.0
    2454314.939           16.0            3.6
    2454318.981           20.3            4.2
    2454344.859           -3.7            4.3
    2454348.917           24.4            4.0
    2454391.887           14.2            5.4
    2454394.775           28.1            4.2
    2454418.777           34.2            4.5
    2454420.763          -18.4            4.2
    2454440.653            0.1            3.4
    2454443.651            2.6            3.6
    2454481.638            8.1            3.9
    2454503.651           28.9            4.3
    2454645.984           19.1            4.5
    2454646.968            9.2            4.2
    2454668.009            3.6            3.7
    2454681.904          -10.7            3.8
     2454683.97          -11.0            3.8
    2454711.893           -8.7            4.1
    2454713.873           -8.4            4.2
    2454715.882          -48.2            4.6
    2454716.875          -23.6            4.1
    2454753.885           56.7            3.6
     2454755.85           18.8            3.8
    2454777.733           41.8            4.1
    2454806.796           34.1            5.5
     2454808.77           16.2            4.3
    2454809.763           37.3            6.1
    2455026.973            4.6            5.7
    2455063.965           17.8            5.0
    2455099.996          -18.4            4.9
    2455116.856           26.2            6.8
    2455154.739            0.8            7.6
    2455174.788          -21.3            5.8
    2455364.972           31.1            5.0
    2455419.012           31.4            4.7
    2455446.847          -12.0            3.6
    2455446.856          -12.4            3.1
    2455463.833           19.9            5.2
    2455466.842          -17.1            4.8
    2455569.653           21.2            4.1
    2455571.713            9.9            4.6
    2455572.671           30.0            4.8
    2455621.621           -4.7            4.6
    2455757.974           23.5            5.0
    2455803.919           31.4            4.3
    2455806.936            8.7            4.3
    2455828.781           15.4            4.2
    2455831.849           17.3            5.1
    2455861.842            9.9            4.2
    2455864.796           11.6            4.4
    2455892.745            3.5            4.9
