    2451745.994           -8.7            4.3
    2451778.895           17.3            3.7
    2451808.867           12.7            3.6
    2451853.766            6.8            4.1
    2451856.801           -2.9            4.6
    2451898.637           13.5            8.0
    2451932.609            1.4            3.9
    2452163.861           -2.4            4.9
    2452175.851           16.8            4.0
    2452307.598          -10.6            4.5
    2452465.989           -1.2            5.3
    2452483.985           -0.5            5.0
    2452494.987            3.7            5.0
    2452517.936           10.9            5.2
     2452528.91           -7.5            5.2
     2452530.91           -8.8            4.5
    2452541.904           -0.6            4.5
    2452543.883            0.0            5.0
    2452559.914            0.9            6.4
    2452561.795           18.7            8.4
    2452571.791           15.4            5.0
     2452589.81            5.3            5.7
    2452603.782           -0.1            4.9
    2452605.724            1.8            4.8
    2452616.772           22.5            5.9
    2452665.604           11.1            4.2
    2452668.611           -5.4            5.3
    2452837.972           10.4            5.4
    2452861.963            6.7            4.1
    2452863.985            2.9            5.2
    2452879.918           -0.8            4.2
    2452880.947           -7.5            5.0
    2452898.911            2.8            4.7
    2452900.928           -1.3            4.8
    2452932.839           11.5            4.3
    2452934.804            8.0            4.6
    2452963.753          -11.3            5.2
    2452965.809           -0.8            5.4
     2453022.63           10.0            5.6
     2453208.01            1.7            3.8
    2453209.978            9.9            3.7
    2453214.961          -18.5            4.2
    2453231.961           -2.3            4.0
    2453233.909            2.6            3.9
     2453235.96            8.6            4.2
    2453265.899           11.3            3.8
    2453268.919           -4.1            4.0
     2453269.81          -11.4            3.5
    2453286.828           -5.4            3.8
    2453324.713           -6.6            5.5
    2453354.654            8.2            3.8
    2453400.642           13.5            7.5
    2453550.983           10.9            4.4
    2453578.964           13.2            4.6
    2453613.923            5.1            4.2
    2453654.771            6.0            4.1
    2453701.724           -6.8            4.6
    2453740.745           -3.1            4.7
    2453911.993           15.5            3.6
    2453917.013           -3.7            3.9
    2453934.974            5.0            3.9
    2453968.925            3.1            3.2
    2453981.851            4.2            3.8
    2453985.899           12.0            4.0
    2454055.755           16.8            3.9
    2454297.975           17.0            4.1
    2454300.974           14.9            4.0
    2454314.939           12.1            3.6
    2454318.981            0.6            4.2
    2454344.859           25.1            4.3
    2454348.917           -2.4            4.0
    2454391.887           -0.4            5.4
    2454394.775          -13.2            4.2
    2454418.777           14.0            4.5
    2454420.763            7.3            4.2
    2454440.653          -14.6            3.4
    2454443.651           11.4            3.6
    2454481.638           13.1            3.9
    2454503.651           -4.6            4.3
    2454645.984           -5.6            4.5
    2454646.968           -8.6            4.2
    2454668.009           16.4            3.7
    2454681.904            0.5            3.8
     2454683.97            6.7            3.8
    2454711.893           22.2            4.1
    2454713.873           24.3            4.2
    2454715.882            9.2            4.6
    2454716.875           -7.1            4.1
    2454753.885            0.9            3.6
     2454755.85            8.4            3.8
    2454777.733            5.4            4.1
    2454806.796           -0.2            5.5
     2454808.77           -5.8            4.3
    2454809.763          -10.4            6.1
    2455026.973           11.4            5.7
    2455063.965           16.0            5.0
    2455099.996           22.0            4.9
    2455116.856           20.4            6.8
    2455154.739           29.2            7.6
    2455174.788           -1.7            5.8
    2455364.972           -7.6            5.0
    2455419.012           -4.0            4.7
    2455446.847          -11.8            3.6
    2455446.856          -12.6            3.1
    2455463.833          -10.1            5.2
    2455466.842            5.8            4.8
    2455569.653            5.2            4.1
    2455571.713            4.9            4.6
    2455572.671           15.5            4.8
    2455621.621           -0.6            4.6
    2455757.974            8.2            5.0
    2455803.919           -1.2            4.3
    2455806.936            3.5            4.3
    2455828.781           -6.1            4.2
    2455831.849            6.4            5.1
    2455861.842            6.2            4.2
    2455864.796            4.5            4.4
    2455892.745           16.2            4.9
