    2451745.994            6.0            4.3
    2451778.895            6.8            3.7
    2451808.867            5.7            3.6
    2451853.766           10.2            4.1
    2451856.801            0.6            4.6
    2451898.637           11.6            8.0
    2451932.609            5.1            3.9
    2452163.861            3.7            4.9
    2452175.851            5.2            4.0
    2452307.598           10.3            4.5
    2452465.989           11.0            5.3
    2452483.985            6.1            5.0
    2452494.987            6.6            5.0
    2452517.936           10.5            5.2
     2452528.91           -1.3            5.2
     2452530.91            0.8            4.5
    2452541.904            1.5            4.5
    2452543.883           -1.1            5.0
    2452559.914            3.1            6.4
    2452561.795           13.2            8.4
    2452571.791            6.1            5.0
     2452589.81            8.8            5.7
    2452603.782            4.7            4.9
    2452605.724            7.6            4.8
    2452616.772            1.0            5.9
    2452665.604            3.9            4.2
    2452668.611           -1.9            5.3
    2452837.972           10.6            5.4
    2452861.963            3.5            4.1
    2452863.985           -0.2            5.2
    2452879.918            0.0            4.2
    2452880.947           -1.0            5.0
    2452898.911            4.4            4.7
    2452900.928            1.8            4.8
    2452932.839            1.6            4.3
    2452934.804            5.5            4.6
    2452963.753            3.7            5.2
    2452965.809            0.5            5.4
     2453022.63            8.3            5.6
     2453208.01            2.2            3.8
    2453209.978            8.2            3.7
    2453214.961            1.6            4.2
    2453231.961            0.2            4.0
    2453233.909            4.8            3.9
     2453235.96           -1.3            4.2
    2453265.899           -0.1            3.8
    2453268.919            5.9            4.0
     2453269.81            5.7            3.5
    2453286.828            1.9            3.8
    2453324.713            5.5            5.5
    2453354.654           -4.5            3.8
    2453400.642            7.2            7.5
    2453550.983            2.1            4.4
    2453578.964            3.4            4.6
    2453613.923           10.2            4.2
    2453654.771            0.4            4.1
    2453701.724            8.7            4.6
    2453740.745            2.1            4.7
    2453911.993            5.7            3.6
    2453917.013            0.3            3.9
    2453934.974            1.6            3.9
    2453968.925            3.0            3.2
    2453981.851            3.3            3.8
    2453985.899            7.9            4.0
    2454055.755           -0.9            3.9
    2454297.975            8.5            4.1
    2454300.974            5.5            4.0
    2454314.939           10.5            3.6
    2454318.981            7.2            4.2
    2454344.859            1.1            4.3
    2454348.917            2.8            4.0
    2454391.887            7.5            5.4
    2454394.775            2.4            4.2
    2454418.777            4.9            4.5
    2454420.763            6.1            4.2
    2454440.653           -1.5            3.4
    2454443.651            7.9            3.6
    2454481.638            6.3            3.9
    2454503.651            8.3            4.3
    2454645.984            2.1            4.5
    2454646.968            0.8            4.2
    2454668.009            4.0            3.7
    2454681.904           -0.5            3.8
     2454683.97           -0.6            3.8
    2454711.893           -0.7            4.1
    2454713.873            6.5            4.2
    2454715.882            7.6            4.6
    2454716.875            1.7            4.1
    2454753.885            4.1            3.6
     2454755.85            4.8            3.8
    2454777.733           -0.8            4.1
    2454806.796            0.7            5.5
     2454808.77            1.5            4.3
    2454809.763           12.7            6.1
    2455026.973            2.1            5.7
    2455063.965            5.4            5.0
    2455099.996            0.4            4.9
    2455116.856            4.9            6.8
    2455154.739            8.6            7.6
    2455174.788            8.4            5.8
    2455364.972            7.8            5.0
    2455419.012            2.6            4.7
    2455446.847            5.9            3.6
    2455446.856            5.2            3.1
    2455463.833            0.8            5.2
    2455466.842            7.9            4.8
    2455569.653           10.2            4.1
    2455571.713            2.3            4.6
    2455572.671            0.9            4.8
    2455621.621            8.1            4.6
    2455757.974           10.0            5.0
    2455803.919            9.3            4.3
    2455806.936           -4.9            4.3
    2455828.781            3.8            4.2
    2455831.849           10.5            5.1
    2455861.842            5.8            4.2
    2455864.796            3.4            4.4
    2455892.745            1.6            4.9
