    2451745.994          -21.0            4.3
    2451778.895          -10.3            3.7
    2451808.867           32.0            3.6
    2451853.766            9.3            4.1
    2451856.801          -18.7            4.6
    2451898.637          -26.8            8.0
    2451932.609           32.6            3.9
    2452163.861          -12.1            4.9
    2452175.851          -27.9            4.0
    2452307.598           13.0            4.5
    2452465.989          -27.1            5.3
    2452483.985           25.6            5.0
    2452494.987          -13.2            5.0
    2452517.936          -10.8            5.2
     2452528.91           23.3            5.2
     2452530.91           -1.0            4.5
    2452541.904           19.1            4.5
    2452543.883            3.8            5.0
    2452559.914           -5.2            6.4
    2452561.795           -3.4            8.4
    2452571.791            7.9            5.0
     2452589.81           -2.2            5.7
    2452603.782            3.8            4.9
    2452605.724           16.8            4.8
    2452616.772          -12.1            5.9
    2452665.604           15.1            4.2
    2452668.611          -21.0            5.3
    2452837.972          -19.9            5.4
    2452861.963           -0.5            4.1
    2452863.985          -21.5            5.2
    2452879.918          -12.1            4.2
    2452880.947            2.0            5.0
    2452898.911           26.7            4.7
    2452900.928           13.4            4.8
    2452932.839          -20.3            4.3
    2452934.804          -15.4            4.6
    2452963.753           10.0            5.2
    2452965.809           33.5            5.4
     2453022.63           35.6            5.6
     2453208.01          -15.6            3.8
    2453209.978          -24.4            3.7
    2453214.961           21.3            4.2
    2453231.961           17.5            4.0
    2453233.909            3.6            3.9
     2453235.96          -24.4            4.2
    2453265.899          -20.7            3.8
    2453268.919           11.7            4.0
     2453269.81            6.3            3.5
    2453286.828           23.4            3.8
    2453324.713           35.0            5.5
    2453354.654           27.7            3.8
    2453400.642          -20.6            7.5
    2453550.983            5.0            4.4
    2453578.964            2.5            4.6
    2453613.923           22.3            4.2
    2453654.771            8.4            4.1
    2453701.724           -9.7            4.6
    2453740.745           14.6            4.7
    2453911.993          -15.2            3.6
    2453917.013           12.3            3.9
    2453934.974           37.3            3.9
    2453968.925          -20.3            3.2
    2453981.851          -26.9            3.8
    2453985.899            1.5            4.0
    2454055.755           38.1            3.9
    2454297.975          -22.6            4.1
    2454300.974          -25.8            4.0
    2454314.939          -23.2            3.6
    2454318.981           27.5            4.2
    2454344.859            8.8            4.3
    2454348.917           16.3            4.0
    2454391.887          -18.2            5.4
    2454394.775          -20.8            4.2
    2454418.777           -9.2            4.5
    2454420.763          -28.2            4.2
    2454440.653           11.7            3.4
    2454443.651           30.1            3.6
    2454481.638           22.0            3.9
    2454503.651          -13.3            4.3
    2454645.984          -11.9            4.5
    2454646.968           -3.5            4.2
    2454668.009            4.2            3.7
    2454681.904           18.3            3.8
     2454683.97          -11.7            3.8
    2454711.893          -23.2            4.1
    2454713.873          -21.5            4.2
    2454715.882           -2.7            4.6
    2454716.875            5.9            4.1
    2454753.885          -20.2            3.6
     2454755.85           -1.0            3.8
    2454777.733            0.5            4.1
    2454806.796          -14.4            5.5
     2454808.77           -7.6            4.3
    2454809.763            4.4            6.1
    2455026.973           -1.4            5.7
    2455063.965           22.1            5.0
    2455099.996           20.9            4.9
    2455116.856           33.6            6.8
    2455154.739          -15.9            7.6
    2455174.788           17.0            5.8
    2455364.972           -2.3            5.0
    2455419.012           18.0            4.7
    2455446.847            4.9            3.6
    2455446.856            6.0            3.1
    2455463.833           22.8            5.2
    2455466.842           -4.9            4.8
    2455569.653           14.3            4.1
    2455571.713           34.9            4.6
    2455572.671           35.8            4.8
    2455621.621           -7.4            4.6
    2455757.974           -2.3            5.0
    2455803.919           -5.4            4.3
    2455806.936           24.3            4.3
    2455828.781          -17.7            4.2
    2455831.849            3.7            5.1
    2455861.842           41.0            4.2
    2455864.796           25.9            4.4
    2455892.745           21.9            4.9
