    2451745.994           14.1            4.3
    2451778.895           -3.4            3.7
    2451808.867           10.2            3.6
    2451853.766           -2.4            4.1
    2451856.801            2.9            4.6
    2451898.637           14.5            8.0
    2451932.609           -1.7            3.9
    2452163.861            2.0            4.9
    2452175.851           -2.8            4.0
    2452307.598           10.4            4.5
    2452465.989            3.9            5.3
    2452483.985            0.5            5.0
    2452494.987           -4.6            5.0
    2452517.936            0.6            5.2
     2452528.91            8.9            5.2
     2452530.91            0.5            4.5
    2452541.904            8.0            4.5
    2452543.883            0.9            5.0
    2452559.914            1.1            6.4
    2452561.795            9.9            8.4
    2452571.791           -3.4            5.0
     2452589.81           12.2            5.7
    2452603.782           11.7            4.9
    2452605.724            6.3            4.8
    2452616.772           13.6            5.9
    2452665.604           10.4            4.2
    2452668.611           11.6            5.3
    2452837.972            2.3            5.4
    2452861.963            6.2            4.1
    2452863.985           -0.6            5.2
    2452879.918           -3.2            4.2
    2452880.947            1.1            5.0
    2452898.911           10.0            4.7
    2452900.928            2.9            4.8
    2452932.839            6.0            4.3
    2452934.804           13.2            4.6
    2452963.753            9.4            5.2
    2452965.809            1.2            5.4
     2453022.63            7.4            5.6
     2453208.01            3.2            3.8
    2453209.978           -3.6            3.7
    2453214.961            6.8            4.2
    2453231.961           11.5            4.0
    2453233.909            4.1            3.9
     2453235.96           -2.0            4.2
    2453265.899            4.8            3.8
    2453268.919           11.8            4.0
     2453269.81           10.2            3.5
    2453286.828           -4.9            3.8
    2453324.713            0.9            5.5
    2453354.654            2.4            3.8
    2453400.642            3.8            7.5
    2453550.983           13.3            4.4
    2453578.964            4.0            4.6
    2453613.923           12.8            4.2
    2453654.771            9.3            4.1
    2453701.724            7.7            4.6
    2453740.745           12.0            4.7
    2453911.993            4.0            3.6
    2453917.013           -0.4            3.9
    2453934.974           13.5            3.9
    2453968.925           -0.5            3.2
    2453981.851            0.0            3.8
    2453985.899           10.8            4.0
    2454055.755           -4.4            3.9
    2454297.975           -3.5            4.1
    2454300.974           -1.7            4.0
    2454314.939            3.6            3.6
    2454318.981           13.5            4.2
    2454344.859           12.8            4.3
    2454348.917           -1.9            4.0
    2454391.887            4.0            5.4
    2454394.775           11.6            4.2
    2454418.777           10.5            4.5
    2454420.763           14.0            4.2
    2454440.653           -3.4            3.4
    2454443.651            6.4            3.6
    2454481.638            2.6            3.9
    2454503.651           -3.9            4.3
    2454645.984           -1.9            4.5
    2454646.968            0.6            4.2
    2454668.009           -1.0            3.7
    2454681.904           -4.5            3.8
     2454683.97           -5.4            3.8
    2454711.893            4.8            4.1
    2454713.873           12.1            4.2
    2454715.882           13.8            4.6
    2454716.875           11.1            4.1
    2454753.885           11.6            3.6
     2454755.85            7.0            3.8
    2454777.733            8.9            4.1
    2454806.796           10.8            5.5
     2454808.77            1.9            4.3
    2454809.763            0.5            6.1
    2455026.973            1.9            5.7
    2455063.965            3.7            5.0
    2455099.996           12.9            4.9
    2455116.856            2.1            6.8
    2455154.739            2.3            7.6
    2455174.788           11.3            5.8
    2455364.972            4.3            5.0
    2455419.012           14.7            4.7
    2455446.847            7.9            3.6
    2455446.856            7.3            3.1
    2455463.833           -4.7            5.2
    2455466.842            1.8            4.8
    2455569.653            2.8            4.1
    2455571.713           10.3            4.6
    2455572.671           11.7            4.8
    2455621.621            9.6            4.6
    2455757.974           -4.6            5.0
    2455803.919           13.2            4.3
    2455806.936            3.3            4.3
    2455828.781           13.8            4.2
    2455831.849            6.6            5.1
    2455861.842           -4.6            4.2
    2455864.796            6.1            4.4
    2455892.745           13.5            4.9
