    2451745.994           26.0            4.3
    2451778.895           14.5            3.7
    2451808.867           12.5            3.6
    2451853.766           -0.9            4.1
    2451856.801           -7.5            4.6
    2451898.637          -10.7            8.0
    2451932.609           -1.7            3.9
    2452163.861           10.2            4.9
    2452175.851            5.4            4.0
    2452307.598            0.2            4.5
    2452465.989           22.4            5.3
    2452483.985            7.1            5.0
    2452494.987           11.9            5.0
    2452517.936           17.0            5.2
     2452528.91           19.0            5.2
     2452530.91           13.3            4.5
    2452541.904           10.1            4.5
    2452543.883            6.0            5.0
    2452559.914           12.0            6.4
    2452561.795           13.1            8.4
    2452571.791            7.4            5.0
     2452589.81           12.2            5.7
    2452603.782            6.5            4.9
    2452605.724           -0.9            4.8
    2452616.772            3.5            5.9
    2452665.604           -1.1            4.2
    2452668.611            1.3            5.3
    2452837.972           11.7            5.4
    2452861.963           23.8            4.1
    2452863.985           22.7            5.2
    2452879.918            6.1            4.2
    2452880.947           17.9            5.0
    2452898.911            6.1            4.7
    2452900.928            4.9            4.8
    2452932.839            6.1            4.3
    2452934.804           12.5            4.6
    2452963.753           -3.7            5.2
    2452965.809            1.5            5.4
     2453022.63           -2.8            5.6
     2453208.01           11.1            3.8
    2453209.978            8.1            3.7
    2453214.961            5.0            4.2
    2453231.961            8.4            4.0
    2453233.909           -0.8            3.9
     2453235.96            4.6            4.2
    2453265.899            4.2            3.8
    2453268.919           12.8            4.0
     2453269.81           15.9            3.5
    2453286.828           -2.1            3.8
    2453324.713           -2.2            5.5
    2453354.654           -8.7            3.8
    2453400.642           -2.6            7.5
    2453550.983           11.0            4.4
    2453578.964            5.8            4.6
    2453613.923           17.1            4.2
    2453654.771            7.0            4.1
    2453701.724           -8.0            4.6
    2453740.745            6.2            4.7
    2453911.993            3.3            3.6
    2453917.013           14.8            3.9
    2453934.974            7.2            3.9
    2453968.925           18.4            3.2
    2453981.851            2.5            3.8
    2453985.899            2.4            4.0
    2454055.755           -4.3            3.9
    2454297.975            8.6            4.1
    2454300.974            7.9            4.0
    2454314.939           12.4            3.6
    2454318.981           11.6            4.2
    2454344.859            8.7            4.3
    2454348.917            7.6            4.0
    2454391.887            4.4            5.4
    2454394.775            5.1            4.2
    2454418.777            8.5            4.5
    2454420.763            1.6            4.2
    2454440.653           -8.1            3.4
    2454443.651           -8.8            3.6
    2454481.638            3.5            3.9
    2454503.651           -9.1            4.3
    2454645.984           12.1            4.5
    2454646.968           20.7            4.2
    2454668.009           18.6            3.7
    2454681.904           14.6            3.8
     2454683.97           14.2            3.8
    2454711.893           10.8            4.1
    2454713.873            1.4            4.2
    2454715.882           -0.6            4.6
    2454716.875            9.0            4.1
    2454753.885           15.5            3.6
     2454755.85            5.2            3.8
    2454777.733            1.8            4.1
    2454806.796           -1.0            5.5
     2454808.77           -8.5            4.3
    2454809.763            2.2            6.1
    2455026.973           11.7            5.7
    2455063.965           25.5            5.0
    2455099.996            3.3            4.9
    2455116.856           15.9            6.8
    2455154.739            5.0            7.6
    2455174.788           -5.6            5.8
    2455364.972           17.0            5.0
    2455419.012           10.8            4.7
    2455446.847            1.4            3.6
    2455446.856            1.4            3.1
    2455463.833           -1.1            5.2
    2455466.842            4.9            4.8
    2455569.653           -3.9            4.1
    2455571.713            3.9            4.6
    2455572.671           -1.9            4.8
    2455621.621           -8.7            4.6
    2455757.974            9.3            5.0
    2455803.919            7.5            4.3
    2455806.936           12.2            4.3
    2455828.781           -2.7            4.2
    2455831.849           -2.4            5.1
    2455861.842           -0.1            4.2
    2455864.796            7.3            4.4
    2455892.745           -0.8            4.9
