    2451745.994           -1.7            4.3
    2451778.895            4.7            3.7
    2451808.867            4.2            3.6
    2451853.766           10.8            4.1
    2451856.801            3.6            4.6
    2451898.637            4.5            8.0
    2451932.609            6.2            3.9
    2452163.861           -0.0            4.9
    2452175.851           -6.0            4.0
    2452307.598           11.0            4.5
    2452465.989            0.9            5.3
    2452483.985           -4.4            5.0
    2452494.987            2.8            5.0
    2452517.936            3.7            5.2
     2452528.91            1.5            5.2
     2452530.91            2.6            4.5
    2452541.904            2.6            4.5
    2452543.883            2.1            5.0
    2452559.914           13.5            6.4
    2452561.795           18.8            8.4
    2452571.791            5.0            5.0
     2452589.81            1.4            5.7
    2452603.782            8.8            4.9
    2452605.724           11.4            4.8
    2452616.772           15.1            5.9
    2452665.604            9.2            4.2
    2452668.611            0.3            5.3
    2452837.972            8.3            5.4
    2452861.963           10.5            4.1
    2452863.985            7.4            5.2
    2452879.918            1.7            4.2
    2452880.947            5.9            5.0
    2452898.911            5.8            4.7
    2452900.928            5.7            4.8
    2452932.839            2.5            4.3
    2452934.804           -2.0            4.6
    2452963.753           13.0            5.2
    2452965.809           10.5            5.4
     2453022.63           14.7            5.6
     2453208.01           11.9            3.8
    2453209.978            3.4            3.7
    2453214.961            9.5            4.2
    2453231.961            6.7            4.0
    2453233.909           -3.3            3.9
     2453235.96           -6.4            4.2
    2453265.899            5.6            3.8
    2453268.919            8.4            4.0
     2453269.81            6.7            3.5
    2453286.828            3.2            3.8
    2453324.713           14.6            5.5
    2453354.654            6.7            3.8
    2453400.642            4.1            7.5
    2453550.983            3.6            4.4
    2453578.964            7.2            4.6
    2453613.923           11.8            4.2
    2453654.771           -3.3            4.1
    2453701.724            6.1            4.6
    2453740.745            0.7            4.7
    2453911.993           -1.2            3.6
    2453917.013           -3.0            3.9
    2453934.974           14.1            3.9
    2453968.925            2.7            3.2
    2453981.851           13.1            3.8
    2453985.899            3.2            4.0
    2454055.755           -8.4            3.9
    2454297.975            7.4            4.1
    2454300.974            2.8            4.0
    2454314.939            3.8            3.6
    2454318.981           -3.4            4.2
    2454344.859            0.7            4.3
    2454348.917            5.4            4.0
    2454391.887            6.4            5.4
    2454394.775            8.9            4.2
    2454418.777            1.8            4.5
    2454420.763            7.3            4.2
    2454440.653           10.0            3.4
    2454443.651           11.6            3.6
    2454481.638            2.1            3.9
    2454503.651            4.2            4.3
    2454645.984            4.3            4.5
    2454646.968            8.4            4.2
    2454668.009            0.6            3.7
    2454681.904           -5.0            3.8
     2454683.97            4.6            3.8
    2454711.893           -2.3            4.1
    2454713.873           -6.3            4.2
    2454715.882            1.0            4.6
    2454716.875            1.9            4.1
    2454753.885           16.4            3.6
     2454755.85            9.3            3.8
    2454777.733            9.8            4.1
    2454806.796            0.7            5.5
     2454808.77            7.9            4.3
    2454809.763           12.2            6.1
    2455026.973           -7.8            5.7
    2455063.965            3.3            5.0
    2455099.996           15.7            4.9
    2455116.856            8.4            6.8
    2455154.739           12.6            7.6
    2455174.788           -1.0            5.8
    2455364.972            3.3            5.0
    2455419.012            2.7            4.7
    2455446.847            4.5            3.6
    2455446.856            3.8            3.1
    2455463.833            4.8            5.2
    2455466.842           11.4            4.8
    2455569.653           -2.8            4.1
    2455571.713            5.0            4.6
    2455572.671           10.7            4.8
    2455621.621            9.2            4.6
    2455757.974            8.9            5.0
    2455803.919            5.1            4.3
    2455806.936           14.0            4.3
    2455828.781            8.4            4.2
    2455831.849            7.7            5.1
    2455861.842           14.5            4.2
    2455864.796            9.0            4.4
    2455892.745            4.8            4.9
