    2451745.994           -9.7            4.3
    2451778.895           17.8            3.7
    2451808.867           -2.2            3.6
    2451853.766           13.1            4.1
    2451856.801            1.3            4.6
    2451898.637           13.9            8.0
    2451932.609            6.3            3.9
    2452163.861           -3.4            4.9
    2452175.851           11.2            4.0
    2452307.598           14.8            4.5
    2452465.989           10.1            5.3
    2452483.985            5.1            5.0
    2452494.987           -6.5            5.0
    2452517.936            2.4            5.2
     2452528.91           -1.6            5.2
     2452530.91           -4.7            4.5
    2452541.904            4.6            4.5
    2452543.883           17.5            5.0
    2452559.914           12.9            6.4
    2452561.795           23.1            8.4
    2452571.791            4.4            5.0
     2452589.81            6.3            5.7
    2452603.782           -5.7            4.9
    2452605.724            7.2            4.8
    2452616.772           13.8            5.9
    2452665.604            2.2            4.2
    2452668.611           19.3            5.3
    2452837.972           -8.6            5.4
    2452861.963            7.1            4.1
    2452863.985           11.5            5.2
    2452879.918            9.4            4.2
    2452880.947          -10.6            5.0
    2452898.911          -10.4            4.7
    2452900.928            1.1            4.8
    2452932.839          -10.4            4.3
    2452934.804            0.9            4.6
    2452963.753           21.8            5.2
    2452965.809           15.4            5.4
     2453022.63           17.3            5.6
     2453208.01            1.5            3.8
    2453209.978           -6.6            3.7
    2453214.961            2.4            4.2
    2453231.961            9.0            4.0
    2453233.909           18.7            3.9
     2453235.96           13.5            4.2
    2453265.899           10.1            3.8
    2453268.919           -0.1            4.0
     2453269.81           14.2            3.5
    2453286.828            2.4            3.8
    2453324.713           11.1            5.5
    2453354.654            9.2            3.8
    2453400.642            1.6            7.5
    2453550.983           -0.8            4.4
    2453578.964            9.3            4.6
    2453613.923          -10.2            4.2
    2453654.771           -4.7            4.1
    2453701.724           10.4            4.6
    2453740.745            4.5            4.7
    2453911.993            4.0            3.6
    2453917.013           11.6            3.9
    2453934.974            6.8            3.9
    2453968.925            6.1            3.2
    2453981.851           -7.3            3.8
    2453985.899            0.5            4.0
    2454055.755           14.8            3.9
    2454297.975           12.3            4.1
    2454300.974           10.2            4.0
    2454314.939            8.5            3.6
    2454318.981            9.5            4.2
    2454344.859           -8.7            4.3
    2454348.917           10.6            4.0
    2454391.887           13.5            5.4
    2454394.775           -1.0            4.2
    2454418.777           18.1            4.5
    2454420.763           14.8            4.2
    2454440.653           -6.7            3.4
    2454443.651           14.5            3.6
    2454481.638            4.4            3.9
    2454503.651           -7.8            4.3
    2454645.984           19.0            4.5
    2454646.968           -1.0            4.2
    2454668.009           -0.0            3.7
    2454681.904           18.1            3.8
     2454683.97            7.6            3.8
    2454711.893            6.3            4.1
    2454713.873           13.4            4.2
    2454715.882           16.9            4.6
    2454716.875            4.2            4.1
    2454753.885           -6.2            3.6
     2454755.85          -12.5            3.8
    2454777.733           16.3            4.1
    2454806.796           10.9            5.5
     2454808.77            2.5            4.3
    2454809.763            5.1            6.1
    2455026.973           11.4            5.7
    2455063.965            9.5            5.0
    2455099.996           19.5            4.9
    2455116.856            0.6            6.8
    2455154.739            8.7            7.6
    2455174.788           11.2            5.8
    2455364.972            5.5            5.0
    2455419.012           -7.8            4.7
    2455446.847           12.0            3.6
    2455446.856           11.7            3.1
    2455463.833           -3.9            5.2
    2455466.842            5.8            4.8
    2455569.653           17.9            4.1
    2455571.713           17.6            4.6
    2455572.671            1.9            4.8
    2455621.621           15.6            4.6
    2455757.974            9.8            5.0
    2455803.919            6.3            4.3
    2455806.936           -2.5            4.3
    2455828.781            6.7            4.2
    2455831.849           -0.6            5.1
    2455861.842           -2.5            4.2
    2455864.796           13.8            4.4
    2455892.745            4.8            4.9
