    2451745.994            8.3            4.3
    2451778.895           -1.3            3.7
    2451808.867           11.0            3.6
    2451853.766            1.7            4.1
    2451856.801           11.5            4.6
    2451898.637            4.8            8.0
    2451932.609           13.2            3.9
    2452163.861            4.8            4.9
    2452175.851           -6.4            4.0
    2452307.598            3.7            4.5
    2452465.989           13.4            5.3
    2452483.985           13.2            5.0
    2452494.987           -1.9            5.0
    2452517.936           -0.4            5.2
     2452528.91            4.2            5.2
     2452530.91           12.1            4.5
    2452541.904            8.5            4.5
    2452543.883            6.1            5.0
    2452559.914            4.8            6.4
    2452561.795            7.3            8.4
    2452571.791            4.4            5.0
     2452589.81            4.7            5.7
    2452603.782            3.0            4.9
    2452605.724           16.2            4.8
    2452616.772           11.3            5.9
    2452665.604           -2.0            4.2
    2452668.611           -4.3            5.3
    2452837.972           -0.0            5.4
    2452861.963           12.0            4.1
    2452863.985            4.2            5.2
    2452879.918            8.3            4.2
    2452880.947           16.9            5.0
    2452898.911            4.2            4.7
    2452900.928            4.0            4.8
    2452932.839           -6.2            4.3
    2452934.804           -4.8            4.6
    2452963.753            1.1            5.2
    2452965.809            7.5            5.4
     2453022.63           14.5            5.6
     2453208.01           -9.5            3.8
    2453209.978           -1.9            3.7
    2453214.961            2.3            4.2
    2453231.961           14.5            4.0
    2453233.909            9.4            3.9
     2453235.96           -2.6            4.2
    2453265.899            2.9            3.8
    2453268.919           11.2            4.0
     2453269.81            6.0            3.5
    2453286.828            6.2            3.8
    2453324.713           10.2            5.5
    2453354.654            6.9            3.8
    2453400.642           11.3            7.5
    2453550.983           -1.4            4.4
    2453578.964            4.4            4.6
    2453613.923            1.9            4.2
    2453654.771           -6.1            4.1
    2453701.724           -1.4            4.6
    2453740.745            6.9            4.7
    2453911.993            5.1            3.6
    2453917.013           10.2            3.9
    2453934.974            6.7            3.9
    2453968.925            1.7            3.2
    2453981.851           15.2            3.8
    2453985.899           -1.5            4.0
    2454055.755           17.8            3.9
    2454297.975            2.4            4.1
    2454300.974            5.5            4.0
    2454314.939           -1.7            3.6
    2454318.981            0.9            4.2
    2454344.859           -3.1            4.3
    2454348.917            2.3            4.0
    2454391.887            2.7            5.4
    2454394.775            4.8            4.2
    2454418.777            8.8            4.5
    2454420.763           -3.1            4.2
    2454440.653           -2.8            3.4
    2454443.651            3.8            3.6
    2454481.638            0.8            3.9
    2454503.651            8.6            4.3
    2454645.984            8.8            4.5
    2454646.968            3.5            4.2
    2454668.009           -1.0            3.7
    2454681.904            8.1            3.8
     2454683.97           -0.6            3.8
    2454711.893           10.7            4.1
    2454713.873            4.4            4.2
    2454715.882            0.1            4.6
    2454716.875           -0.3            4.1
    2454753.885           -3.7            3.6
     2454755.85           -1.3            3.8
    2454777.733           13.5            4.1
    2454806.796           15.3            5.5
     2454808.77            8.0            4.3
    2454809.763            7.8            6.1
    2455026.973            3.0            5.7
    2455063.965            2.3            5.0
    2455099.996            6.8            4.9
    2455116.856           12.7            6.8
    2455154.739           11.2            7.6
    2455174.788           13.1            5.8
    2455364.972           13.1            5.0
    2455419.012           -0.0            4.7
    2455446.847           -4.8            3.6
    2455446.856           -5.1            3.1
    2455463.833            8.2            5.2
    2455466.842           12.0            4.8
    2455569.653            0.6            4.1
    2455571.713            9.7            4.6
    2455572.671            8.7            4.8
    2455621.621           11.7            4.6
    2455757.974            0.8            5.0
    2455803.919            8.3            4.3
    2455806.936            4.1            4.3
    2455828.781            9.9            4.2
    2455831.849            7.3            5.1
    2455861.842           -5.1            4.2
    2455864.796            1.3            4.4
    2455892.745           -7.1            4.9
