    2451745.994            0.1            4.3
    2451778.895           15.5            3.7
    2451808.867            9.4            3.6
    2451853.766           15.8            4.1
    2451856.801           -6.2            4.6
    2451898.637            8.2            8.0
    2451932.609            7.6            3.9
    2452163.861           -4.4            4.9
    2452175.851            4.4            4.0
    2452307.598            9.5            4.5
    2452465.989            8.5            5.3
    2452483.985          -13.1            5.0
    2452494.987            9.9            5.0
    2452517.936            4.2            5.2
     2452528.91           -8.1            5.2
     2452530.91          -11.9            4.5
    2452541.904           -3.1            4.5
    2452543.883            3.9            5.0
    2452559.914           -9.2            6.4
    2452561.795           19.1            8.4
    2452571.791           -1.7            5.0
     2452589.81           -5.5            5.7
    2452603.782            8.1            4.9
    2452605.724            0.6            4.8
    2452616.772           -2.0            5.9
    2452665.604           17.9            4.2
    2452668.611           20.3            5.3
    2452837.972           -0.3            5.4
    2452861.963            5.2            4.1
    2452863.985            4.8            5.2
    2452879.918           -0.9            4.2
    2452880.947            5.4            5.0
    2452898.911           -0.1            4.7
    2452900.928           -7.6            4.8
    2452932.839           18.1            4.3
    2452934.804           19.7            4.6
    2452963.753            8.6            5.2
    2452965.809           11.4            5.4
     2453022.63           11.4            5.6
     2453208.01            3.7            3.8
    2453209.978            5.4            3.7
    2453214.961            8.0            4.2
    2453231.961           12.4            4.0
    2453233.909            5.5            3.9
     2453235.96           16.5            4.2
    2453265.899            4.2            3.8
    2453268.919            0.1            4.0
     2453269.81           -7.6            3.5
    2453286.828           -4.7            3.8
    2453324.713           -1.8            5.5
    2453354.654            2.5            3.8
    2453400.642            2.6            7.5
    2453550.983            1.5            4.4
    2453578.964           -6.6            4.6
    2453613.923           13.1            4.2
    2453654.771            4.5            4.1
    2453701.724            8.3            4.6
    2453740.745           -5.4            4.7
    2453911.993           -3.9            3.6
    2453917.013            2.7            3.9
    2453934.974            6.8            3.9
    2453968.925           -2.4            3.2
    2453981.851           -7.7            3.8
    2453985.899           17.0            4.0
    2454055.755           -4.1            3.9
    2454297.975           14.9            4.1
    2454300.974           13.4            4.0
    2454314.939            4.7            3.6
    2454318.981           -6.1            4.2
    2454344.859            9.7            4.3
    2454348.917           -0.4            4.0
    2454391.887            8.4            5.4
    2454394.775           -7.6            4.2
    2454418.777            3.3            4.5
    2454420.763           14.2            4.2
    2454440.653            1.7            3.4
    2454443.651           -1.9            3.6
    2454481.638          -15.9            3.9
    2454503.651           12.8            4.3
    2454645.984           -2.6            4.5
    2454646.968           -8.1            4.2
    2454668.009           12.4            3.7
    2454681.904            6.9            3.8
     2454683.97           12.3            3.8
    2454711.893           14.6            4.1
    2454713.873           11.1            4.2
    2454715.882           22.1            4.6
    2454716.875           19.7            4.1
    2454753.885            7.4            3.6
     2454755.85           -3.8            3.8
    2454777.733            2.0            4.1
    2454806.796           -4.8            5.5
     2454808.77           -0.2            4.3
    2454809.763           -4.4            6.1
    2455026.973           -0.3            5.7
    2455063.965          -12.4            5.0
    2455099.996           13.4            4.9
    2455116.856           -1.4            6.8
    2455154.739            9.9            7.6
    2455174.788            3.7            5.8
    2455364.972           12.6            5.0
    2455419.012           11.6            4.7
    2455446.847           -9.3            3.6
    2455446.856           -9.7            3.1
    2455463.833           11.0            5.2
    2455466.842           14.6            4.8
    2455569.653           16.1            4.1
    2455571.713            4.9            4.6
    2455572.671           13.8            4.8
    2455621.621           -1.4            4.6
    2455757.974           -6.9            5.0
    2455803.919           -8.9            4.3
    2455806.936           12.0            4.3
    2455828.781           -1.5            4.2
    2455831.849           11.6            5.1
    2455861.842           -4.2            4.2
    2455864.796            6.9            4.4
    2455892.745            9.5            4.9
