    2451745.994           15.5            4.3
    2451778.895            0.7            3.7
    2451808.867            4.0            3.6
    2451853.766           11.7            4.1
    2451856.801            3.2            4.6
    2451898.637           14.6            8.0
    2451932.609            0.6            3.9
    2452163.861           10.2            4.9
    2452175.851            6.4            4.0
    2452307.598           13.3            4.5
    2452465.989            8.2            5.3
    2452483.985           13.9            5.0
    2452494.987            3.7            5.0
    2452517.936           -0.2            5.2
     2452528.91            4.4            5.2
     2452530.91           -1.5            4.5
    2452541.904            1.6            4.5
    2452543.883            3.3            5.0
    2452559.914           -1.4            6.4
    2452561.795            1.2            8.4
    2452571.791           12.9            5.0
     2452589.81            5.7            5.7
    2452603.782           -2.1            4.9
    2452605.724           -3.1            4.8
    2452616.772           10.7            5.9
    2452665.604            0.5            4.2
    2452668.611            2.8            5.3
    2452837.972           13.2            5.4
    2452861.963           -8.2            4.1
    2452863.985           -3.2            5.2
    2452879.918            6.5            4.2
    2452880.947            1.7            5.0
    2452898.911           -0.9            4.7
    2452900.928           -1.5            4.8
    2452932.839            4.8            4.3
    2452934.804           -0.4            4.6
    2452963.753           -1.8            5.2
    2452965.809           -4.7            5.4
     2453022.63            9.1            5.6
     2453208.01            6.2            3.8
    2453209.978           11.0            3.7
    2453214.961            4.3            4.2
    2453231.961           -2.9            4.0
    2453233.909            1.1            3.9
     2453235.96           -1.6            4.2
    2453265.899           -0.6            3.8
    2453268.919            5.9            4.0
     2453269.81            1.4            3.5
    2453286.828            1.6            3.8
    2453324.713           12.4            5.5
    2453354.654           -6.9            3.8
    2453400.642            3.3            7.5
    2453550.983            1.9            4.4
    2453578.964            2.1            4.6
    2453613.923           13.8            4.2
    2453654.771           -0.6            4.1
    2453701.724            6.0            4.6
    2453740.745           11.1            4.7
    2453911.993            3.1            3.6
    2453917.013            4.0            3.9
    2453934.974            2.4            3.9
    2453968.925           -3.0            3.2
    2453981.851            8.7            3.8
    2453985.899            6.6            4.0
    2454055.755           -5.1            3.9
    2454297.975           12.1            4.1
    2454300.974            3.0            4.0
    2454314.939            6.4            3.6
    2454318.981           13.7            4.2
    2454344.859            0.1            4.3
    2454348.917           -5.0            4.0
    2454391.887           12.2            5.4
    2454394.775          -12.1            4.2
    2454418.777           10.5            4.5
    2454420.763            9.1            4.2
    2454440.653           -4.5            3.4
    2454443.651           10.5            3.6
    2454481.638           -1.5            3.9
    2454503.651           -0.5            4.3
    2454645.984           13.5            4.5
    2454646.968           14.2            4.2
    2454668.009           16.5            3.7
    2454681.904           -2.2            3.8
     2454683.97            0.3            3.8
    2454711.893           12.4            4.1
    2454713.873           15.1            4.2
    2454715.882            6.0            4.6
    2454716.875           -5.3            4.1
    2454753.885            6.5            3.6
     2454755.85           12.8            3.8
    2454777.733            2.0            4.1
    2454806.796           -3.9            5.5
     2454808.77           -0.1            4.3
    2454809.763           12.8            6.1
    2455026.973           -1.5            5.7
    2455063.965            5.1            5.0
    2455099.996            2.0            4.9
    2455116.856            3.6            6.8
    2455154.739           11.1            7.6
    2455174.788            1.7            5.8
    2455364.972           14.1            5.0
    2455419.012           11.9            4.7
    2455446.847            9.0            3.6
    2455446.856            8.4            3.1
    2455463.833           -5.2            5.2
    2455466.842           11.6            4.8
    2455569.653            2.9            4.1
    2455571.713            5.2            4.6
    2455572.671           10.3            4.8
    2455621.621            8.2            4.6
    2455757.974            3.3            5.0
    2455803.919            7.6            4.3
    2455806.936           -4.6            4.3
    2455828.781            8.5            4.2
    2455831.849           -3.8            5.1
    2455861.842            4.4            4.2
    2455864.796            6.0            4.4
    2455892.745            1.6            4.9
