    2451745.994           18.6            4.3
    2451778.895            0.4            3.7
    2451808.867           14.2            3.6
    2451853.766           11.4            4.1
    2451856.801           -7.7            4.6
    2451898.637            5.6            8.0
    2451932.609            1.2            3.9
    2452163.861           -4.7            4.9
    2452175.851           21.8            4.0
    2452307.598            8.9            4.5
    2452465.989           13.3            5.3
    2452483.985           -3.5            5.0
    2452494.987           -7.3            5.0
    2452517.936           15.7            5.2
     2452528.91            5.2            5.2
     2452530.91           12.8            4.5
    2452541.904           10.2            4.5
    2452543.883          -11.7            5.0
    2452559.914            8.2            6.4
    2452561.795            3.8            8.4
    2452571.791           -8.7            5.0
     2452589.81            3.9            5.7
    2452603.782            7.1            4.9
    2452605.724           -4.5            4.8
    2452616.772           -9.0            5.9
    2452665.604           -4.9            4.2
    2452668.611          -10.4            5.3
    2452837.972           17.5            5.4
    2452861.963            6.1            4.1
    2452863.985            3.4            5.2
    2452879.918           18.8            4.2
    2452880.947           19.0            5.0
    2452898.911            8.7            4.7
    2452900.928           20.7            4.8
    2452932.839           18.1            4.3
    2452934.804            2.5            4.6
    2452963.753           17.5            5.2
    2452965.809          -17.5            5.4
     2453022.63            2.6            5.6
     2453208.01           13.4            3.8
    2453209.978          -19.2            3.7
    2453214.961           20.3            4.2
    2453231.961           11.6            4.0
    2453233.909            8.6            3.9
     2453235.96           15.6            4.2
    2453265.899          -15.6            3.8
    2453268.919            5.0            4.0
     2453269.81            0.9            3.5
    2453286.828           -1.9            3.8
    2453324.713            7.6            5.5
    2453354.654            5.6            3.8
    2453400.642            9.4            7.5
    2453550.983           13.8            4.4
    2453578.964            9.0            4.6
    2453613.923           16.7            4.2
    2453654.771           14.0            4.1
    2453701.724            2.8            4.6
    2453740.745           -9.0            4.7
    2453911.993           -2.4            3.6
    2453917.013           15.1            3.9
    2453934.974            5.9            3.9
    2453968.925            5.4            3.2
    2453981.851           -2.9            3.8
    2453985.899            1.7            4.0
    2454055.755           15.7            3.9
    2454297.975           15.5            4.1
    2454300.974           17.2            4.0
    2454314.939           15.4            3.6
    2454318.981            6.5            4.2
    2454344.859            1.8            4.3
    2454348.917           -0.2            4.0
    2454391.887           15.3            5.4
    2454394.775           11.9            4.2
    2454418.777            8.2            4.5
    2454420.763          -12.7            4.2
    2454440.653           15.0            3.4
    2454443.651           23.9            3.6
    2454481.638           13.6            3.9
    2454503.651            7.2            4.3
    2454645.984            6.1            4.5
    2454646.968           -1.6            4.2
    2454668.009           14.6            3.7
    2454681.904            2.0            3.8
     2454683.97            3.6            3.8
    2454711.893            9.8            4.1
    2454713.873            4.6            4.2
    2454715.882           23.8            4.6
    2454716.875            7.4            4.1
    2454753.885            3.6            3.6
     2454755.85          -13.1            3.8
    2454777.733            4.9            4.1
    2454806.796           20.9            5.5
     2454808.77          -14.0            4.3
    2454809.763            9.8            6.1
    2455026.973           10.3            5.7
    2455063.965           -0.1            5.0
    2455099.996           20.6            4.9
    2455116.856            7.2            6.8
    2455154.739            6.9            7.6
    2455174.788           -2.9            5.8
    2455364.972           21.5            5.0
    2455419.012           -3.5            4.7
    2455446.847            0.4            3.6
    2455446.856           -0.3            3.1
    2455463.833            9.1            5.2
    2455466.842            8.0            4.8
    2455569.653          -10.5            4.1
    2455571.713           18.6            4.6
    2455572.671           -1.4            4.8
    2455621.621          -16.2            4.6
    2455757.974          -17.8            5.0
    2455803.919           -6.7            4.3
    2455806.936           -3.7            4.3
    2455828.781            6.8            4.2
    2455831.849            4.1            5.1
    2455861.842            6.9            4.2
    2455864.796            8.4            4.4
    2455892.745            2.7            4.9
