    2451745.994           -3.7            4.3
    2451778.895          -12.7            3.7
    2451808.867           -8.9            3.6
    2451853.766           11.1            4.1
    2451856.801            2.7            4.6
    2451898.637           21.4            8.0
    2451932.609           -1.6            3.9
    2452163.861           -8.9            4.9
    2452175.851           -3.2            4.0
    2452307.598           -6.2            4.5
    2452465.989           14.3            5.3
    2452483.985            1.1            5.0
    2452494.987            4.1            5.0
    2452517.936           15.3            5.2
     2452528.91           12.9            5.2
     2452530.91           -7.8            4.5
    2452541.904          -10.9            4.5
    2452543.883           12.6            5.0
    2452559.914           -0.3            6.4
    2452561.795           22.0            8.4
    2452571.791           -2.2            5.0
     2452589.81           -2.1            5.7
    2452603.782            2.3            4.9
    2452605.724           18.3            4.8
    2452616.772           15.3            5.9
    2452665.604            7.7            4.2
    2452668.611           12.9            5.3
    2452837.972           -2.1            5.4
    2452861.963            7.4            4.1
    2452863.985           -3.1            5.2
    2452879.918           -2.0            4.2
    2452880.947            9.1            5.0
    2452898.911           11.6            4.7
    2452900.928            1.2            4.8
    2452932.839           16.3            4.3
    2452934.804            0.9            4.6
    2452963.753           -5.1            5.2
    2452965.809           12.5            5.4
     2453022.63           -7.9            5.6
     2453208.01            1.4            3.8
    2453209.978            5.3            3.7
    2453214.961            7.4            4.2
    2453231.961           -0.9            4.0
    2453233.909           -4.3            3.9
     2453235.96            2.5            4.2
    2453265.899           10.7            3.8
    2453268.919            8.9            4.0
     2453269.81           10.1            3.5
    2453286.828            2.6            3.8
    2453324.713           13.5            5.5
    2453354.654            8.6            3.8
    2453400.642           -1.0            7.5
    2453550.983            9.8            4.4
    2453578.964            3.3            4.6
    2453613.923            4.6            4.2
    2453654.771            3.8            4.1
    2453701.724            5.8            4.6
    2453740.745           -4.1            4.7
    2453911.993           -8.8            3.6
    2453917.013           10.1            3.9
    2453934.974            5.2            3.9
    2453968.925            6.5            3.2
    2453981.851           -5.6            3.8
    2453985.899            1.8            4.0
    2454055.755           -0.1            3.9
    2454297.975            7.9            4.1
    2454300.974           -3.0            4.0
    2454314.939           -2.0            3.6
    2454318.981           -7.4            4.2
    2454344.859           -2.9            4.3
    2454348.917           -3.5            4.0
    2454391.887            3.3            5.4
    2454394.775           12.6            4.2
    2454418.777           -5.7            4.5
    2454420.763            3.8            4.2
    2454440.653            0.0            3.4
    2454443.651           -6.6            3.6
    2454481.638            6.2            3.9
    2454503.651           -2.4            4.3
    2454645.984           -4.1            4.5
    2454646.968           11.3            4.2
    2454668.009           -0.0            3.7
    2454681.904           -5.8            3.8
     2454683.97           14.4            3.8
    2454711.893           -1.8            4.1
    2454713.873            8.9            4.2
    2454715.882            1.4            4.6
    2454716.875           15.4            4.1
    2454753.885           15.3            3.6
     2454755.85           -6.8            3.8
    2454777.733           -3.4            4.1
    2454806.796            1.3            5.5
     2454808.77           15.3            4.3
    2454809.763            8.3            6.1
    2455026.973           -8.2            5.7
    2455063.965           -1.8            5.0
    2455099.996           -0.3            4.9
    2455116.856           22.8            6.8
    2455154.739           -3.3            7.6
    2455174.788            8.1            5.8
    2455364.972            3.3            5.0
    2455419.012           -7.2            4.7
    2455446.847           13.7            3.6
    2455446.856           13.5            3.1
    2455463.833           -2.1            5.2
    2455466.842           -5.3            4.8
    2455569.653           -4.9            4.1
    2455571.713           17.1            4.6
    2455572.671            2.6            4.8
    2455621.621           -4.7            4.6
    2455757.974           10.7            5.0
    2455803.919           -3.9            4.3
    2455806.936           10.5            4.3
    2455828.781            1.0            4.2
    2455831.849           11.1            5.1
    2455861.842            9.2            4.2
    2455864.796           16.1            4.4
    2455892.745           -2.2            4.9
