    2451745.994            5.7            4.3
    2451778.895           11.6            3.7
    2451808.867            9.3            3.6
    2451853.766           -7.7            4.1
    2451856.801            5.8            4.6
    2451898.637           12.0            8.0
    2451932.609            6.7            3.9
    2452163.861           -3.8            4.9
    2452175.851            9.6            4.0
    2452307.598            0.8            4.5
    2452465.989            3.5            5.3
    2452483.985           15.7            5.0
    2452494.987            6.0            5.0
    2452517.936           10.6            5.2
     2452528.91            2.3            5.2
     2452530.91           -3.9            4.5
    2452541.904            9.8            4.5
    2452543.883           -1.6            5.0
    2452559.914           -0.4            6.4
    2452561.795           15.2            8.4
    2452571.791           12.2            5.0
     2452589.81           14.6            5.7
    2452603.782            7.1            4.9
    2452605.724           12.6            4.8
    2452616.772           -2.3            5.9
    2452665.604           -3.8            4.2
    2452668.611           13.1            5.3
    2452837.972            5.0            5.4
    2452861.963            6.5            4.1
    2452863.985            2.4            5.2
    2452879.918           10.1            4.2
    2452880.947           15.2            5.0
    2452898.911           11.1            4.7
    2452900.928            2.5            4.8
    2452932.839            9.8            4.3
    2452934.804            0.2            4.6
    2452963.753            6.2            5.2
    2452965.809            5.6            5.4
     2453022.63           -2.9            5.6
     2453208.01            5.1            3.8
    2453209.978            0.8            3.7
    2453214.961           -1.3            4.2
    2453231.961            4.7            4.0
    2453233.909            3.1            3.9
     2453235.96           -2.1            4.2
    2453265.899           13.7            3.8
    2453268.919            0.6            4.0
     2453269.81            5.5            3.5
    2453286.828           13.9            3.8
    2453324.713            8.9            5.5
    2453354.654            7.7            3.8
    2453400.642            5.7            7.5
    2453550.983           15.3            4.4
    2453578.964           -0.7            4.6
    2453613.923            6.6            4.2
    2453654.771            3.7            4.1
    2453701.724            9.7            4.6
    2453740.745            7.0            4.7
    2453911.993           -5.8            3.6
    2453917.013            0.0            3.9
    2453934.974            1.0            3.9
    2453968.925            3.0            3.2
    2453981.851           13.7            3.8
    2453985.899           10.5            4.0
    2454055.755            0.1            3.9
    2454297.975           -6.5            4.1
    2454300.974            8.6            4.0
    2454314.939            9.2            3.6
    2454318.981            5.5            4.2
    2454344.859           11.7            4.3
    2454348.917           17.2            4.0
    2454391.887            7.8            5.4
    2454394.775           -2.9            4.2
    2454418.777           -6.9            4.5
    2454420.763           10.8            4.2
    2454440.653           12.8            3.4
    2454443.651            4.5            3.6
    2454481.638           -4.7            3.9
    2454503.651            7.9            4.3
    2454645.984            3.0            4.5
    2454646.968           11.3            4.2
    2454668.009           10.0            3.7
    2454681.904           10.4            3.8
     2454683.97           -4.7            3.8
    2454711.893            4.8            4.1
    2454713.873           -0.5            4.2
    2454715.882           13.2            4.6
    2454716.875            3.1            4.1
    2454753.885           10.4            3.6
     2454755.85           -1.1            3.8
    2454777.733            8.0            4.1
    2454806.796            7.8            5.5
     2454808.77            5.8            4.3
    2454809.763           -1.1            6.1
    2455026.973            2.9            5.7
    2455063.965           10.6            5.0
    2455099.996           -5.1            4.9
    2455116.856           15.2            6.8
    2455154.739           16.0            7.6
    2455174.788           12.0            5.8
    2455364.972           -8.2            5.0
    2455419.012            1.3            4.7
    2455446.847           -4.3            3.6
    2455446.856           -4.8            3.1
    2455463.833            7.6            5.2
    2455466.842           -7.7            4.8
    2455569.653            2.0            4.1
    2455571.713            4.5            4.6
    2455572.671           -0.8            4.8
    2455621.621            0.4            4.6
    2455757.974            4.8            5.0
    2455803.919            2.7            4.3
    2455806.936           15.2            4.3
    2455828.781           -2.8            4.2
    2455831.849           13.9            5.1
    2455861.842           -0.0            4.2
    2455864.796            3.4            4.4
    2455892.745            5.4            4.9
