    2451745.994            8.4            4.3
    2451778.895            5.7            3.7
    2451808.867           -8.4            3.6
    2451853.766            5.6            4.1
    2451856.801           17.0            4.6
    2451898.637            8.4            8.0
    2451932.609            9.2            3.9
    2452163.861           12.5            4.9
    2452175.851            2.3            4.0
    2452307.598           -3.4            4.5
    2452465.989            8.7            5.3
    2452483.985           -7.0            5.0
    2452494.987            4.7            5.0
    2452517.936           -8.7            5.2
     2452528.91            7.3            5.2
     2452530.91            4.6            4.5
    2452541.904           -1.6            4.5
    2452543.883            0.9            5.0
    2452559.914            2.3            6.4
    2452561.795           11.2            8.4
    2452571.791            9.1            5.0
     2452589.81           13.1            5.7
    2452603.782           12.2            4.9
    2452605.724           11.1            4.8
    2452616.772            4.0            5.9
    2452665.604           12.5            4.2
    2452668.611            6.5            5.3
    2452837.972           11.2            5.4
    2452861.963            8.9            4.1
    2452863.985            5.3            5.2
    2452879.918            0.5            4.2
    2452880.947           10.2            5.0
    2452898.911            4.6            4.7
    2452900.928            1.7            4.8
    2452932.839           11.8            4.3
    2452934.804           14.9            4.6
    2452963.753           -0.9            5.2
    2452965.809            1.2            5.4
     2453022.63           -6.1            5.6
     2453208.01           -2.3            3.8
    2453209.978           -5.4            3.7
    2453214.961           -1.3            4.2
    2453231.961           -4.3            4.0
    2453233.909           -5.7            3.9
     2453235.96           -2.0            4.2
    2453265.899           -1.3            3.8
    2453268.919            3.2            4.0
     2453269.81          -10.7            3.5
    2453286.828           -8.3            3.8
    2453324.713            1.0            5.5
    2453354.654            7.4            3.8
    2453400.642           12.7            7.5
    2453550.983            5.6            4.4
    2453578.964           -7.4            4.6
    2453613.923            4.8            4.2
    2453654.771           -2.5            4.1
    2453701.724           12.7            4.6
    2453740.745            6.3            4.7
    2453911.993           14.3            3.6
    2453917.013            6.2            3.9
    2453934.974           10.4            3.9
    2453968.925            3.3            3.2
    2453981.851           -3.2            3.8
    2453985.899           -1.8            4.0
    2454055.755           -5.6            3.9
    2454297.975           13.3            4.1
    2454300.974            5.5            4.0
    2454314.939           10.3            3.6
    2454318.981           19.0            4.2
    2454344.859            3.3            4.3
    2454348.917            3.3            4.0
    2454391.887            6.2            5.4
    2454394.775            6.3            4.2
    2454418.777           11.2            4.5
    2454420.763            3.9            4.2
    2454440.653            2.2            3.4
    2454443.651          -10.7            3.6
    2454481.638           -8.1            3.9
    2454503.651           -1.0            4.3
    2454645.984            7.3            4.5
    2454646.968           19.1            4.2
    2454668.009           15.1            3.7
    2454681.904            3.8            3.8
     2454683.97            6.8            3.8
    2454711.893          -10.1            4.1
    2454713.873          -10.3            4.2
    2454715.882           -6.3            4.6
    2454716.875            3.9            4.1
    2454753.885           -2.2            3.6
     2454755.85            5.1            3.8
    2454777.733            2.9            4.1
    2454806.796            7.7            5.5
     2454808.77            4.4            4.3
    2454809.763           -6.9            6.1
    2455026.973            1.7            5.7
    2455063.965            4.8            5.0
    2455099.996           -2.6            4.9
    2455116.856           -4.4            6.8
    2455154.739           -4.4            7.6
    2455174.788            1.2            5.8
    2455364.972            3.4            5.0
    2455419.012            1.9            4.7
    2455446.847           -6.8            3.6
    2455446.856           -7.2            3.1
    2455463.833           -7.9            5.2
    2455466.842            8.0            4.8
    2455569.653           13.2            4.1
    2455571.713           13.1            4.6
    2455572.671            4.2            4.8
    2455621.621           -1.2            4.6
    2455757.974            3.6            5.0
    2455803.919            9.9            4.3
    2455806.936           -4.7            4.3
    2455828.781            0.3            4.2
    2455831.849           -3.3            5.1
    2455861.842            0.6            4.2
    2455864.796           -0.0            4.4
    2455892.745           12.9            4.9
