    2451745.994           11.1            4.3
    2451778.895           -1.8            3.7
    2451808.867           -4.6            3.6
    2451853.766            5.4            4.1
    2451856.801            5.1            4.6
    2451898.637           13.6            8.0
    2451932.609            8.9            3.9
    2452163.861           11.8            4.9
    2452175.851            9.3            4.0
    2452307.598           -1.0            4.5
    2452465.989           -4.9            5.3
    2452483.985           -0.1            5.0
    2452494.987           10.0            5.0
    2452517.936            5.5            5.2
     2452528.91            4.3            5.2
     2452530.91            6.2            4.5
    2452541.904            6.3            4.5
    2452543.883           10.7            5.0
    2452559.914           12.6            6.4
    2452561.795           11.5            8.4
    2452571.791           14.3            5.0
     2452589.81           13.1            5.7
    2452603.782           12.6            4.9
    2452605.724           14.8            4.8
    2452616.772           -0.4            5.9
    2452665.604            4.1            4.2
    2452668.611            6.9            5.3
    2452837.972           -1.0            5.4
    2452861.963           -1.6            4.1
    2452863.985           -2.2            5.2
    2452879.918           -6.0            4.2
    2452880.947           12.1            5.0
    2452898.911            8.6            4.7
    2452900.928            8.5            4.8
    2452932.839            1.8            4.3
    2452934.804            3.2            4.6
    2452963.753           13.3            5.2
    2452965.809           12.3            5.4
     2453022.63           -2.2            5.6
     2453208.01            7.0            3.8
    2453209.978            3.6            3.7
    2453214.961            6.5            4.2
    2453231.961           -2.4            4.0
    2453233.909            2.1            3.9
     2453235.96            0.8            4.2
    2453265.899           -6.4            3.8
    2453268.919           14.6            4.0
     2453269.81           -2.7            3.5
    2453286.828           10.3            3.8
    2453324.713            8.8            5.5
    2453354.654            0.4            3.8
    2453400.642           -3.0            7.5
    2453550.983           -4.3            4.4
    2453578.964           -1.2            4.6
    2453613.923            7.1            4.2
    2453654.771           12.3            4.1
    2453701.724            0.2            4.6
    2453740.745            1.9            4.7
    2453911.993            7.8            3.6
    2453917.013            0.6            3.9
    2453934.974           -4.5            3.9
    2453968.925           -6.9            3.2
    2453981.851            9.9            3.8
    2453985.899           12.5            4.0
    2454055.755           -2.3            3.9
    2454297.975            5.3            4.1
    2454300.974            2.1            4.0
    2454314.939           -1.0            3.6
    2454318.981            1.9            4.2
    2454344.859            0.1            4.3
    2454348.917           -6.1            4.0
    2454391.887           12.0            5.4
    2454394.775           -3.1            4.2
    2454418.777            5.5            4.5
    2454420.763            4.9            4.2
    2454440.653            7.2            3.4
    2454443.651           -1.2            3.6
    2454481.638           -2.7            3.9
    2454503.651           -4.3            4.3
    2454645.984           -5.8            4.5
    2454646.968           10.0            4.2
    2454668.009           -3.5            3.7
    2454681.904           -2.0            3.8
     2454683.97            2.4            3.8
    2454711.893            6.6            4.1
    2454713.873            2.9            4.2
    2454715.882            6.6            4.6
    2454716.875            4.2            4.1
    2454753.885            9.9            3.6
     2454755.85           10.4            3.8
    2454777.733           14.0            4.1
    2454806.796            4.2            5.5
     2454808.77           -0.6            4.3
    2454809.763            6.6            6.1
    2455026.973           11.7            5.7
    2455063.965           -0.7            5.0
    2455099.996            4.1            4.9
    2455116.856            6.8            6.8
    2455154.739           -2.0            7.6
    2455174.788           -4.2            5.8
    2455364.972           -2.9            5.0
    2455419.012            9.5            4.7
    2455446.847           11.1            3.6
    2455446.856           10.6            3.1
    2455463.833           -2.4            5.2
    2455466.842           11.2            4.8
    2455569.653           13.8            4.1
    2455571.713           13.8            4.6
    2455572.671           -4.2            4.8
    2455621.621            3.0            4.6
    2455757.974           10.6            5.0
    2455803.919           -0.8            4.3
    2455806.936           10.2            4.3
    2455828.781           10.9            4.2
    2455831.849           -3.8            5.1
    2455861.842           -0.9            4.2
    2455864.796            9.6            4.4
    2455892.745            6.9            4.9
