    2451745.994           13.5            4.3
    2451778.895            6.4            3.7
    2451808.867           13.0            3.6
    2451853.766            5.8            4.1
    2451856.801            9.9            4.6
    2451898.637           -1.6            8.0
    2451932.609            9.5            3.9
    2452163.861           -3.3            4.9
    2452175.851           13.6            4.0
    2452307.598            8.1            4.5
    2452465.989           14.2            5.3
    2452483.985           -1.0            5.0
    2452494.987            6.6            5.0
    2452517.936            2.8            5.2
     2452528.91           12.6            5.2
     2452530.91           -1.7            4.5
    2452541.904            5.7            4.5
    2452543.883           14.3            5.0
    2452559.914           14.6            6.4
    2452561.795            4.4            8.4
    2452571.791           -3.3            5.0
     2452589.81           13.0            5.7
    2452603.782            0.9            4.9
    2452605.724           13.3            4.8
    2452616.772            0.5            5.9
    2452665.604           -3.5            4.2
    2452668.611           15.0            5.3
    2452837.972           -0.8            5.4
    2452861.963            1.1            4.1
    2452863.985           14.4            5.2
    2452879.918           13.5            4.2
    2452880.947           11.4            5.0
    2452898.911           -4.1            4.7
    2452900.928            0.5            4.8
    2452932.839            4.9            4.3
    2452934.804           14.0            4.6
    2452963.753            3.4            5.2
    2452965.809           15.1            5.4
     2453022.63            5.9            5.6
     2453208.01           12.6            3.8
    2453209.978            6.2            3.7
    2453214.961            9.0            4.2
    2453231.961           13.1            4.0
    2453233.909            2.8            3.9
     2453235.96           -5.5            4.2
    2453265.899           -2.0            3.8
    2453268.919            3.4            4.0
     2453269.81            9.3            3.5
    2453286.828           13.3            3.8
    2453324.713           12.5            5.5
    2453354.654            1.0            3.8
    2453400.642           -1.0            7.5
    2453550.983            7.5            4.4
    2453578.964           -2.8            4.6
    2453613.923           10.4            4.2
    2453654.771           12.6            4.1
    2453701.724           12.5            4.6
    2453740.745           13.0            4.7
    2453911.993           12.9            3.6
    2453917.013           -3.2            3.9
    2453934.974           12.2            3.9
    2453968.925            3.2            3.2
    2453981.851           12.0            3.8
    2453985.899           -4.3            4.0
    2454055.755           -2.4            3.9
    2454297.975           -0.3            4.1
    2454300.974            2.3            4.0
    2454314.939           -5.8            3.6
    2454318.981           13.7            4.2
    2454344.859           -0.4            4.3
    2454348.917            9.2            4.0
    2454391.887            0.0            5.4
    2454394.775            1.7            4.2
    2454418.777            6.4            4.5
    2454420.763           13.6            4.2
    2454440.653           -4.7            3.4
    2454443.651           13.2            3.6
    2454481.638            8.0            3.9
    2454503.651           -2.2            4.3
    2454645.984            9.4            4.5
    2454646.968           13.5            4.2
    2454668.009           -2.0            3.7
    2454681.904           -5.1            3.8
     2454683.97            0.1            3.8
    2454711.893            3.1            4.1
    2454713.873           -5.5            4.2
    2454715.882            5.8            4.6
    2454716.875           11.6            4.1
    2454753.885           -2.5            3.6
     2454755.85           11.2            3.8
    2454777.733            0.5            4.1
    2454806.796           -2.1            5.5
     2454808.77           -1.1            4.3
    2454809.763            7.9            6.1
    2455026.973           -3.6            5.7
    2455063.965            3.0            5.0
    2455099.996           12.7            4.9
    2455116.856           16.1            6.8
    2455154.739           14.9            7.6
    2455174.788           -3.7            5.8
    2455364.972            6.4            5.0
    2455419.012            1.4            4.7
    2455446.847            4.0            3.6
    2455446.856            3.4            3.1
    2455463.833           -3.1            5.2
    2455466.842            8.0            4.8
    2455569.653           13.4            4.1
    2455571.713            7.0            4.6
    2455572.671            0.1            4.8
    2455621.621           -3.1            4.6
    2455757.974           14.6            5.0
    2455803.919           12.1            4.3
    2455806.936            1.5            4.3
    2455828.781           12.0            4.2
    2455831.849           -4.7            5.1
    2455861.842            0.2            4.2
    2455864.796            1.0            4.4
    2455892.745            4.1            4.9
