    2451745.994           10.8            4.3
    2451778.895           12.2            3.7
    2451808.867           18.5            3.6
    2451853.766           17.8            4.1
    2451856.801           14.5            4.6
    2451898.637           14.0            8.0
    2451932.609           -2.4            3.9
    2452163.861           21.0            4.9
    2452175.851            0.2            4.0
    2452307.598           -3.2            4.5
    2452465.989            7.0            5.3
    2452483.985           15.4            5.0
    2452494.987           -5.6            5.0
    2452517.936            0.0            5.2
     2452528.91           16.4            5.2
     2452530.91            4.4            4.5
    2452541.904           11.6            4.5
    2452543.883           17.4            5.0
    2452559.914           -2.9            6.4
    2452561.795           16.9            8.4
    2452571.791           10.1            5.0
     2452589.81            2.0            5.7
    2452603.782           18.5            4.9
    2452605.724            4.5            4.8
    2452616.772            8.6            5.9
    2452665.604            3.1            4.2
    2452668.611           18.5            5.3
    2452837.972           -4.1            5.4
    2452861.963            8.7            4.1
    2452863.985           16.1            5.2
    2452879.918            1.7            4.2
    2452880.947           12.7            5.0
    2452898.911           19.1            4.7
    2452900.928            8.5            4.8
    2452932.839           -8.7            4.3
    2452934.804           -0.7            4.6
    2452963.753           17.8            5.2
    2452965.809            4.7            5.4
     2453022.63            0.5            5.6
     2453208.01           -6.2            3.8
    2453209.978           -5.2            3.7
    2453214.961           -4.0            4.2
    2453231.961           14.0            4.0
    2453233.909           21.7            3.9
     2453235.96           12.8            4.2
    2453265.899            0.7            3.8
    2453268.919           12.7            4.0
     2453269.81           -4.3            3.5
    2453286.828            6.9            3.8
    2453324.713            0.3            5.5
    2453354.654            0.8            3.8
    2453400.642            5.3            7.5
    2453550.983            7.4            4.4
    2453578.964           12.2            4.6
    2453613.923           17.8            4.2
    2453654.771            1.7            4.1
    2453701.724            8.2            4.6
    2453740.745            3.6            4.7
    2453911.993            1.4            3.6
    2453917.013            2.4            3.9
    2453934.974          -10.8            3.9
    2453968.925           18.3            3.2
    2453981.851           11.0            3.8
    2453985.899            7.4            4.0
    2454055.755           -1.7            3.9
    2454297.975           -4.2            4.1
    2454300.974            9.7            4.0
    2454314.939           -3.7            3.6
    2454318.981           21.1            4.2
    2454344.859           -2.1            4.3
    2454348.917           11.5            4.0
    2454391.887           12.0            5.4
    2454394.775           -0.6            4.2
    2454418.777           11.8            4.5
    2454420.763            0.4            4.2
    2454440.653           -4.2            3.4
    2454443.651           12.9            3.6
    2454481.638           13.1            3.9
    2454503.651            8.8            4.3
    2454645.984            1.8            4.5
    2454646.968            1.8            4.2
    2454668.009           -7.3            3.7
    2454681.904           11.4            3.8
     2454683.97           15.5            3.8
    2454711.893            6.0            4.1
    2454713.873           13.4            4.2
    2454715.882            5.2            4.6
    2454716.875           10.4            4.1
    2454753.885           17.3            3.6
     2454755.85            8.2            3.8
    2454777.733           -6.5            4.1
    2454806.796           13.7            5.5
     2454808.77           13.1            4.3
    2454809.763           -0.4            6.1
    2455026.973            9.6            5.7
    2455063.965           11.9            5.0
    2455099.996           -3.9            4.9
    2455116.856           19.8            6.8
    2455154.739            3.6            7.6
    2455174.788            3.7            5.8
    2455364.972           -4.0            5.0
    2455419.012           12.9            4.7
    2455446.847            9.2            3.6
    2455446.856            8.5            3.1
    2455463.833           15.2            5.2
    2455466.842           14.4            4.8
    2455569.653            0.5            4.1
    2455571.713           13.6            4.6
    2455572.671           -6.5            4.8
    2455621.621           19.1            4.6
    2455757.974           -2.9            5.0
    2455803.919           15.1            4.3
    2455806.936            9.2            4.3
    2455828.781           19.2            4.2
    2455831.849           14.6            5.1
    2455861.842            7.8            4.2
    2455864.796           -2.0            4.4
    2455892.745           -3.4            4.9
