    2451745.994           13.0            4.3
    2451778.895           -2.4            3.7
    2451808.867           -2.6            3.6
    2451853.766            6.0            4.1
    2451856.801           -7.4            4.6
    2451898.637            5.6            8.0
    2451932.609           11.0            3.9
    2452163.861            7.7            4.9
    2452175.851           -2.4            4.0
    2452307.598            4.2            4.5
    2452465.989            0.1            5.3
    2452483.985            4.2            5.0
    2452494.987            8.9            5.0
    2452517.936           15.0            5.2
     2452528.91           13.8            5.2
     2452530.91           14.4            4.5
    2452541.904            3.0            4.5
    2452543.883           -0.2            5.0
    2452559.914           11.7            6.4
    2452561.795           16.7            8.4
    2452571.791           17.9            5.0
     2452589.81           -7.2            5.7
    2452603.782           -3.0            4.9
    2452605.724            9.5            4.8
    2452616.772            0.5            5.9
    2452665.604            3.6            4.2
    2452668.611           -0.8            5.3
    2452837.972            2.2            5.4
    2452861.963           20.2            4.1
    2452863.985           13.1            5.2
    2452879.918           -3.3            4.2
    2452880.947            2.6            5.0
    2452898.911           12.8            4.7
    2452900.928            5.8            4.8
    2452932.839            7.4            4.3
    2452934.804            4.2            4.6
    2452963.753           17.9            5.2
    2452965.809           12.3            5.4
     2453022.63            0.1            5.6
     2453208.01            2.7            3.8
    2453209.978            7.5            3.7
    2453214.961            2.7            4.2
    2453231.961            2.4            4.0
    2453233.909           -7.4            3.9
     2453235.96           -3.1            4.2
    2453265.899           17.3            3.8
    2453268.919            2.3            4.0
     2453269.81           17.4            3.5
    2453286.828            2.8            3.8
    2453324.713           -4.8            5.5
    2453354.654           17.8            3.8
    2453400.642            5.6            7.5
    2453550.983           -1.8            4.4
    2453578.964           -1.9            4.6
    2453613.923            6.3            4.2
    2453654.771           11.9            4.1
    2453701.724           -1.4            4.6
    2453740.745          -10.5            4.7
    2453911.993            5.9            3.6
    2453917.013            1.5            3.9
    2453934.974           -4.1            3.9
    2453968.925           -3.4            3.2
    2453981.851            3.6            3.8
    2453985.899            7.5            4.0
    2454055.755           -0.2            3.9
    2454297.975            3.1            4.1
    2454300.974           14.7            4.0
    2454314.939           17.0            3.6
    2454318.981            6.2            4.2
    2454344.859            6.4            4.3
    2454348.917            0.2            4.0
    2454391.887           19.1            5.4
    2454394.775            1.4            4.2
    2454418.777           18.6            4.5
    2454420.763            5.3            4.2
    2454440.653           -1.6            3.4
    2454443.651           13.1            3.6
    2454481.638           -4.8            3.9
    2454503.651           17.6            4.3
    2454645.984           11.7            4.5
    2454646.968            4.2            4.2
    2454668.009            0.7            3.7
    2454681.904           14.0            3.8
     2454683.97            6.9            3.8
    2454711.893            5.5            4.1
    2454713.873           -8.9            4.2
    2454715.882           -3.7            4.6
    2454716.875            3.5            4.1
    2454753.885            4.4            3.6
     2454755.85           15.7            3.8
    2454777.733          -14.0            4.1
    2454806.796            3.6            5.5
     2454808.77            2.0            4.3
    2454809.763           23.2            6.1
    2455026.973            8.2            5.7
    2455063.965            5.2            5.0
    2455099.996           19.2            4.9
    2455116.856            6.1            6.8
    2455154.739            1.3            7.6
    2455174.788            3.8            5.8
    2455364.972           10.6            5.0
    2455419.012            4.1            4.7
    2455446.847            6.2            3.6
    2455446.856            5.9            3.1
    2455463.833           13.1            5.2
    2455466.842            4.7            4.8
    2455569.653            9.3            4.1
    2455571.713           11.9            4.6
    2455572.671           -9.0            4.8
    2455621.621           12.4            4.6
    2455757.974           12.9            5.0
    2455803.919            4.1            4.3
    2455806.936            4.9            4.3
    2455828.781           -0.1            4.2
    2455831.849            8.0            5.1
    2455861.842            9.1            4.2
    2455864.796           -5.2            4.4
    2455892.745            6.6            4.9
