    2451745.994           22.0            4.3
    2451778.895           -9.8            3.7
    2451808.867           -7.2            3.6
    2451853.766           -2.0            4.1
    2451856.801           12.5            4.6
    2451898.637            1.9            8.0
    2451932.609            7.8            3.9
    2452163.861            4.9            4.9
    2452175.851           -3.3            4.0
    2452307.598           13.2            4.5
    2452465.989            1.5            5.3
    2452483.985           20.3            5.0
    2452494.987           -8.5            5.0
    2452517.936           17.5            5.2
     2452528.91           -5.7            5.2
     2452530.91           -0.6            4.5
    2452541.904           13.1            4.5
    2452543.883           -7.0            5.0
    2452559.914          -12.4            6.4
    2452561.795           12.6            8.4
    2452571.791            2.1            5.0
     2452589.81            0.6            5.7
    2452603.782           -5.0            4.9
    2452605.724           -5.2            4.8
    2452616.772           19.4            5.9
    2452665.604            1.8            4.2
    2452668.611           -1.8            5.3
    2452837.972            4.7            5.4
    2452861.963            7.8            4.1
    2452863.985            0.1            5.2
    2452879.918           15.3            4.2
    2452880.947           20.2            5.0
    2452898.911            7.5            4.7
    2452900.928           -3.2            4.8
    2452932.839           18.0            4.3
    2452934.804          -14.2            4.6
    2452963.753            7.4            5.2
    2452965.809          -13.1            5.4
     2453022.63            7.2            5.6
     2453208.01          -12.4            3.8
    2453209.978            4.7            3.7
    2453214.961            4.9            4.2
    2453231.961           -2.3            4.0
    2453233.909           23.9            3.9
     2453235.96           -6.4            4.2
    2453265.899           -6.4            3.8
    2453268.919            4.6            4.0
     2453269.81            0.1            3.5
    2453286.828           15.8            3.8
    2453324.713           -2.4            5.5
    2453354.654            7.4            3.8
    2453400.642            6.1            7.5
    2453550.983            9.2            4.4
    2453578.964            8.8            4.6
    2453613.923          -10.2            4.2
    2453654.771            5.0            4.1
    2453701.724            7.7            4.6
    2453740.745           -0.7            4.7
    2453911.993            5.2            3.6
    2453917.013            2.3            3.9
    2453934.974            9.2            3.9
    2453968.925           20.1            3.2
    2453981.851           -0.8            3.8
    2453985.899           -5.1            4.0
    2454055.755           11.3            3.9
    2454297.975           -0.6            4.1
    2454300.974           15.9            4.0
    2454314.939            7.6            3.6
    2454318.981            8.4            4.2
    2454344.859            5.0            4.3
    2454348.917           -9.8            4.0
    2454391.887          -12.7            5.4
    2454394.775           -6.8            4.2
    2454418.777           16.0            4.5
    2454420.763            8.0            4.2
    2454440.653           11.2            3.4
    2454443.651           -1.6            3.6
    2454481.638          -15.9            3.9
    2454503.651          -14.1            4.3
    2454645.984           -1.1            4.5
    2454646.968           16.6            4.2
    2454668.009            0.6            3.7
    2454681.904           15.6            3.8
     2454683.97           11.2            3.8
    2454711.893            9.5            4.1
    2454713.873            0.6            4.2
    2454715.882            9.8            4.6
    2454716.875          -11.7            4.1
    2454753.885           -7.7            3.6
     2454755.85           18.8            3.8
    2454777.733           19.1            4.1
    2454806.796           -2.5            5.5
     2454808.77           24.9            4.3
    2454809.763            5.5            6.1
    2455026.973           -8.1            5.7
    2455063.965           -3.3            5.0
    2455099.996            9.2            4.9
    2455116.856            3.7            6.8
    2455154.739            6.5            7.6
    2455174.788           16.7            5.8
    2455364.972          -13.1            5.0
    2455419.012           19.5            4.7
    2455446.847            7.7            3.6
    2455446.856            7.4            3.1
    2455463.833            8.7            5.2
    2455466.842           -5.4            4.8
    2455569.653          -14.0            4.1
    2455571.713           10.2            4.6
    2455572.671           -2.8            4.8
    2455621.621           -1.1            4.6
    2455757.974           16.6            5.0
    2455803.919           17.7            4.3
    2455806.936           11.2            4.3
    2455828.781            9.6            4.2
    2455831.849           25.5            5.1
    2455861.842            8.1            4.2
    2455864.796          -10.2            4.4
    2455892.745           -2.7            4.9
