    2451745.994            6.0            4.3
    2451778.895            3.3            3.7
    2451808.867            4.8            3.6
    2451853.766            5.2            4.1
    2451856.801            5.1            4.6
    2451898.637            8.7            8.0
    2451932.609           -2.7            3.9
    2452163.861            8.6            4.9
    2452175.851            8.3            4.0
    2452307.598            3.9            4.5
    2452465.989            1.6            5.3
    2452483.985            5.1            5.0
    2452494.987           10.2            5.0
    2452517.936            8.9            5.2
     2452528.91           -0.6            5.2
     2452530.91            2.6            4.5
    2452541.904            8.2            4.5
    2452543.883            1.8            5.0
    2452559.914            6.2            6.4
    2452561.795           16.6            8.4
    2452571.791            0.0            5.0
     2452589.81            0.1            5.7
    2452603.782           10.9            4.9
    2452605.724            5.0            4.8
    2452616.772            8.0            5.9
    2452665.604            5.6            4.2
    2452668.611            7.0            5.3
    2452837.972            8.1            5.4
    2452861.963            4.5            4.1
    2452863.985            5.4            5.2
    2452879.918            3.3            4.2
    2452880.947           10.2            5.0
    2452898.911           -6.3            4.7
    2452900.928            3.0            4.8
    2452932.839            8.6            4.3
    2452934.804            5.2            4.6
    2452963.753            4.0            5.2
    2452965.809            6.3            5.4
     2453022.63            2.8            5.6
     2453208.01            0.3            3.8
    2453209.978            6.0            3.7
    2453214.961            3.1            4.2
    2453231.961            5.6            4.0
    2453233.909           -1.4            3.9
     2453235.96            6.3            4.2
    2453265.899           -3.5            3.8
    2453268.919            1.7            4.0
     2453269.81           -0.1            3.5
    2453286.828            1.7            3.8
    2453324.713            0.3            5.5
    2453354.654            7.5            3.8
    2453400.642           10.1            7.5
    2453550.983           -0.8            4.4
    2453578.964            7.9            4.6
    2453613.923            3.5            4.2
    2453654.771           -2.7            4.1
    2453701.724            0.2            4.6
    2453740.745            1.2            4.7
    2453911.993            7.0            3.6
    2453917.013           -0.8            3.9
    2453934.974            7.9            3.9
    2453968.925            3.4            3.2
    2453981.851            4.7            3.8
    2453985.899            2.2            4.0
    2454055.755           11.2            3.9
    2454297.975            3.5            4.1
    2454300.974           11.0            4.0
    2454314.939           -1.4            3.6
    2454318.981            4.4            4.2
    2454344.859            6.5            4.3
    2454348.917            2.7            4.0
    2454391.887            4.9            5.4
    2454394.775            1.8            4.2
    2454418.777            5.7            4.5
    2454420.763            0.8            4.2
    2454440.653            8.8            3.4
    2454443.651            6.4            3.6
    2454481.638            8.5            3.9
    2454503.651           12.0            4.3
    2454645.984            7.1            4.5
    2454646.968           11.0            4.2
    2454668.009           10.0            3.7
    2454681.904           -5.8            3.8
     2454683.97            3.2            3.8
    2454711.893            6.5            4.1
    2454713.873            5.7            4.2
    2454715.882            5.0            4.6
    2454716.875            2.5            4.1
    2454753.885           12.2            3.6
     2454755.85            2.5            3.8
    2454777.733            1.9            4.1
    2454806.796            8.8            5.5
     2454808.77            7.6            4.3
    2454809.763            6.2            6.1
    2455026.973            5.1            5.7
    2455063.965           -1.3            5.0
    2455099.996           10.3            4.9
    2455116.856            7.9            6.8
    2455154.739            5.1            7.6
    2455174.788            6.4            5.8
    2455364.972            8.6            5.0
    2455419.012            2.7            4.7
    2455446.847            7.3            3.6
    2455446.856            6.8            3.1
    2455463.833            8.1            5.2
    2455466.842           14.1            4.8
    2455569.653            5.5            4.1
    2455571.713           11.1            4.6
    2455572.671           14.3            4.8
    2455621.621            4.9            4.6
    2455757.974            4.0            5.0
    2455803.919           -2.6            4.3
    2455806.936            4.5            4.3
    2455828.781            4.7            4.2
    2455831.849            2.8            5.1
    2455861.842            0.9            4.2
    2455864.796            4.4            4.4
    2455892.745            8.8            4.9
