    2451745.994           20.2            4.3
    2451778.895           24.9            3.7
    2451808.867            5.7            3.6
    2451853.766           -8.9            4.1
    2451856.801            9.5            4.6
    2451898.637            1.7            8.0
    2451932.609            5.1            3.9
    2452163.861           21.3            4.9
    2452175.851            8.6            4.0
    2452307.598            7.4            4.5
    2452465.989            4.9            5.3
    2452483.985          -13.3            5.0
    2452494.987            6.4            5.0
    2452517.936            9.5            5.2
     2452528.91           11.3            5.2
     2452530.91            0.2            4.5
    2452541.904           -3.8            4.5
    2452543.883          -13.3            5.0
    2452559.914            1.4            6.4
    2452561.795           12.0            8.4
    2452571.791           18.2            5.0
     2452589.81            4.6            5.7
    2452603.782           -4.2            4.9
    2452605.724          -14.8            4.8
    2452616.772           18.3            5.9
    2452665.604          -18.8            4.2
    2452668.611           22.6            5.3
    2452837.972            2.3            5.4
    2452861.963           10.4            4.1
    2452863.985           20.5            5.2
    2452879.918           -5.5            4.2
    2452880.947           28.3            5.0
    2452898.911           11.1            4.7
    2452900.928           13.7            4.8
    2452932.839          -10.5            4.3
    2452934.804            6.7            4.6
    2452963.753           -7.1            5.2
    2452965.809           -3.9            5.4
     2453022.63           16.2            5.6
     2453208.01           18.7            3.8
    2453209.978           -1.3            3.7
    2453214.961            7.6            4.2
    2453231.961          -15.5            4.0
    2453233.909          -10.3            3.9
     2453235.96          -10.2            4.2
    2453265.899           21.3            3.8
    2453268.919          -13.0            4.0
     2453269.81           20.5            3.5
    2453286.828            9.9            3.8
    2453324.713           -5.7            5.5
    2453354.654           24.6            3.8
    2453400.642            2.2            7.5
    2453550.983           -0.6            4.4
    2453578.964           10.2            4.6
    2453613.923           26.4            4.2
    2453654.771           -5.9            4.1
    2453701.724           -7.4            4.6
    2453740.745           -1.7            4.7
    2453911.993           -9.5            3.6
    2453917.013           19.3            3.9
    2453934.974           -4.4            3.9
    2453968.925           -3.6            3.2
    2453981.851           -9.3            3.8
    2453985.899           -7.9            4.0
    2454055.755          -16.3            3.9
    2454297.975           28.3            4.1
    2454300.974           -6.9            4.0
    2454314.939            4.1            3.6
    2454318.981           18.9            4.2
    2454344.859            0.6            4.3
    2454348.917           -4.4            4.0
    2454391.887          -21.9            5.4
    2454394.775           15.7            4.2
    2454418.777            6.9            4.5
    2454420.763          -10.0            4.2
    2454440.653            9.7            3.4
    2454443.651            8.1            3.6
    2454481.638           16.3            3.9
    2454503.651            5.1            4.3
    2454645.984           18.7            4.5
    2454646.968          -17.4            4.2
    2454668.009          -17.4            3.7
    2454681.904           -6.6            3.8
     2454683.97           -5.5            3.8
    2454711.893           24.1            4.1
    2454713.873            3.2            4.2
    2454715.882           13.3            4.6
    2454716.875           -2.6            4.1
    2454753.885            7.3            3.6
     2454755.85           -4.9            3.8
    2454777.733           15.4            4.1
    2454806.796           12.6            5.5
     2454808.77           28.8            4.3
    2454809.763           -4.7            6.1
    2455026.973           13.7            5.7
    2455063.965           21.2            5.0
    2455099.996           -2.7            4.9
    2455116.856          -23.6            6.8
    2455154.739           18.0            7.6
    2455174.788           -9.8            5.8
    2455364.972           23.1            5.0
    2455419.012            8.3            4.7
    2455446.847           -1.6            3.6
    2455446.856           -1.8            3.1
    2455463.833            8.1            5.2
    2455466.842           -0.3            4.8
    2455569.653           -4.4            4.1
    2455571.713           -0.1            4.6
    2455572.671           -5.0            4.8
    2455621.621           -1.6            4.6
    2455757.974            3.3            5.0
    2455803.919           16.7            4.3
    2455806.936          -14.3            4.3
    2455828.781            1.5            4.2
    2455831.849          -14.4            5.1
    2455861.842            6.1            4.2
    2455864.796           -5.8            4.4
    2455892.745           22.1            4.9
