    2451745.994           -3.7            4.3
    2451778.895           10.3            3.7
    2451808.867           12.3            3.6
    2451853.766            7.7            4.1
    2451856.801           24.0            4.6
    2451898.637           23.2            8.0
    2451932.609           -8.8            3.9
    2452163.861           -8.4            4.9
    2452175.851          -10.5            4.0
    2452307.598            7.6            4.5
    2452465.989            9.1            5.3
    2452483.985            6.0            5.0
    2452494.987           12.8            5.0
    2452517.936           -0.4            5.2
     2452528.91           -2.9            5.2
     2452530.91           21.7            4.5
    2452541.904          -19.5            4.5
    2452543.883           -2.0            5.0
    2452559.914            0.1            6.4
    2452561.795           -5.3            8.4
    2452571.791           23.6            5.0
     2452589.81            7.9            5.7
    2452603.782          -18.5            4.9
    2452605.724            6.5            4.8
    2452616.772           10.5            5.9
    2452665.604          -12.3            4.2
    2452668.611            9.5            5.3
    2452837.972          -20.2            5.4
    2452861.963           -2.1            4.1
    2452863.985           20.6            5.2
    2452879.918          -21.5            4.2
    2452880.947           13.7            5.0
    2452898.911            1.5            4.7
    2452900.928           -2.9            4.8
    2452932.839          -14.4            4.3
    2452934.804            7.5            4.6
    2452963.753            4.8            5.2
    2452965.809            0.9            5.4
     2453022.63           -4.7            5.6
     2453208.01           26.7            3.8
    2453209.978          -10.3            3.7
    2453214.961           -6.1            4.2
    2453231.961           14.9            4.0
    2453233.909            1.5            3.9
     2453235.96          -12.2            4.2
    2453265.899          -14.4            3.8
    2453268.919            1.0            4.0
     2453269.81            2.9            3.5
    2453286.828          -11.7            3.8
    2453324.713            2.4            5.5
    2453354.654          -21.3            3.8
    2453400.642            4.3            7.5
    2453550.983            6.9            4.4
    2453578.964           23.8            4.6
    2453613.923           -5.9            4.2
    2453654.771           -3.0            4.1
    2453701.724            6.9            4.6
    2453740.745          -19.2            4.7
    2453911.993            3.4            3.6
    2453917.013           -0.2            3.9
    2453934.974           10.3            3.9
    2453968.925           12.9            3.2
    2453981.851          -16.4            3.8
    2453985.899           12.3            4.0
    2454055.755          -15.9            3.9
    2454297.975           15.5            4.1
    2454300.974           18.6            4.0
    2454314.939           -7.8            3.6
    2454318.981           -0.6            4.2
    2454344.859           14.9            4.3
    2454348.917           29.2            4.0
    2454391.887            7.7            5.4
    2454394.775          -15.5            4.2
    2454418.777            1.4            4.5
    2454420.763          -10.5            4.2
    2454440.653            8.8            3.4
    2454443.651           14.4            3.6
    2454481.638            4.3            3.9
    2454503.651            7.2            4.3
    2454645.984           22.5            4.5
    2454646.968           -5.1            4.2
    2454668.009          -19.6            3.7
    2454681.904            2.4            3.8
     2454683.97           20.4            3.8
    2454711.893           -9.8            4.1
    2454713.873           15.8            4.2
    2454715.882            1.6            4.6
    2454716.875           17.8            4.1
    2454753.885           -2.6            3.6
     2454755.85           24.0            3.8
    2454777.733           -4.0            4.1
    2454806.796            2.0            5.5
     2454808.77           14.6            4.3
    2454809.763           11.4            6.1
    2455026.973           -5.1            5.7
    2455063.965            6.5            5.0
    2455099.996           25.2            4.9
    2455116.856           -0.8            6.8
    2455154.739            2.4            7.6
    2455174.788           -3.1            5.8
    2455364.972            0.9            5.0
    2455419.012           -6.1            4.7
    2455446.847            5.8            3.6
    2455446.856            5.8            3.1
    2455463.833          -12.3            5.2
    2455466.842          -16.2            4.8
    2455569.653            7.4            4.1
    2455571.713            5.5            4.6
    2455572.671           -1.2            4.8
    2455621.621          -21.3            4.6
    2455757.974          -22.6            5.0
    2455803.919           19.6            4.3
    2455806.936           -1.4            4.3
    2455828.781          -13.0            4.2
    2455831.849            5.5            5.1
    2455861.842          -30.7            4.2
    2455864.796           -4.1            4.4
    2455892.745           40.0            4.9
