    2451745.994            2.1            4.3
    2451778.895            4.7            3.7
    2451808.867            4.0            3.6
    2451853.766            3.0            4.1
    2451856.801            6.0            4.6
    2451898.637            9.9            8.0
    2451932.609            3.9            3.9
    2452163.861            5.3            4.9
    2452175.851            1.8            4.0
    2452307.598            9.8            4.5
    2452465.989            8.5            5.3
    2452483.985            7.1            5.0
    2452494.987            6.4            5.0
    2452517.936            2.5            5.2
     2452528.91            2.0            5.2
     2452530.91            1.8            4.5
    2452541.904           -0.5            4.5
    2452543.883            1.8            5.0
    2452559.914            1.1            6.4
    2452561.795            9.2            8.4
    2452571.791            6.8            5.0
     2452589.81            1.7            5.7
    2452603.782            4.2            4.9
    2452605.724           10.4            4.8
    2452616.772            2.1            5.9
    2452665.604           11.7            4.2
    2452668.611            7.4            5.3
    2452837.972            5.7            5.4
    2452861.963            1.9            4.1
    2452863.985            9.4            5.2
    2452879.918            4.9            4.2
    2452880.947           10.9            5.0
    2452898.911            3.0            4.7
    2452900.928           -1.5            4.8
    2452932.839            7.0            4.3
    2452934.804            2.2            4.6
    2452963.753           12.0            5.2
    2452965.809            7.9            5.4
     2453022.63            8.4            5.6
     2453208.01            0.6            3.8
    2453209.978           -1.4            3.7
    2453214.961            0.4            4.2
    2453231.961           -1.7            4.0
    2453233.909            3.6            3.9
     2453235.96            0.9            4.2
    2453265.899            6.0            3.8
    2453268.919           11.0            4.0
     2453269.81            8.7            3.5
    2453286.828            2.4            3.8
    2453324.713            8.8            5.5
    2453354.654            9.9            3.8
    2453400.642            0.1            7.5
    2453550.983            7.7            4.4
    2453578.964           10.9            4.6
    2453613.923            5.3            4.2
    2453654.771            0.4            4.1
    2453701.724           -2.7            4.6
    2453740.745            4.4            4.7
    2453911.993            7.7            3.6
    2453917.013            2.1            3.9
    2453934.974            0.6            3.9
    2453968.925            1.4            3.2
    2453981.851           -3.4            3.8
    2453985.899           -3.4            4.0
    2454055.755            4.1            3.9
    2454297.975            2.9            4.1
    2454300.974            2.2            4.0
    2454314.939           -0.0            3.6
    2454318.981            0.6            4.2
    2454344.859            2.0            4.3
    2454348.917            0.8            4.0
    2454391.887           -0.8            5.4
    2454394.775            3.0            4.2
    2454418.777            6.5            4.5
    2454420.763            6.4            4.2
    2454440.653            9.7            3.4
    2454443.651            3.1            3.6
    2454481.638           -1.6            3.9
    2454503.651            0.8            4.3
    2454645.984            2.4            4.5
    2454646.968            3.9            4.2
    2454668.009            1.0            3.7
    2454681.904            1.5            3.8
     2454683.97           -1.1            3.8
    2454711.893            3.9            4.1
    2454713.873            6.3            4.2
    2454715.882            6.3            4.6
    2454716.875           10.5            4.1
    2454753.885           -1.6            3.6
     2454755.85            6.4            3.8
    2454777.733            8.1            4.1
    2454806.796           10.6            5.5
     2454808.77            8.8            4.3
    2454809.763            6.0            6.1
    2455026.973           13.0            5.7
    2455063.965           -4.9            5.0
    2455099.996            6.1            4.9
    2455116.856            9.0            6.8
    2455154.739            1.2            7.6
    2455174.788            2.5            5.8
    2455364.972            0.8            5.0
    2455419.012           11.8            4.7
    2455446.847            5.0            3.6
    2455446.856            4.4            3.1
    2455463.833            3.8            5.2
    2455466.842            8.5            4.8
    2455569.653            2.0            4.1
    2455571.713            0.7            4.6
    2455572.671           -2.6            4.8
    2455621.621            7.0            4.6
    2455757.974           -0.5            5.0
    2455803.919           11.2            4.3
    2455806.936            9.9            4.3
    2455828.781            9.0            4.2
    2455831.849            2.8            5.1
    2455861.842            2.4            4.2
    2455864.796            3.6            4.4
    2455892.745            8.8            4.9
