    2451745.994           14.0            4.3
    2451778.895           -3.4            3.7
    2451808.867          -15.3            3.6
    2451853.766           -9.9            4.1
    2451856.801           11.2            4.6
    2451898.637           -1.2            8.0
    2451932.609           12.3            3.9
    2452163.861           14.7            4.9
    2452175.851           -9.9            4.0
    2452307.598            8.1            4.5
    2452465.989            9.7            5.3
    2452483.985          -13.8            5.0
    2452494.987           17.1            5.0
    2452517.936            9.1            5.2
     2452528.91           -4.9            5.2
     2452530.91           15.5            4.5
    2452541.904          -14.6            4.5
    2452543.883            0.8            5.0
    2452559.914           11.0            6.4
    2452561.795           25.1            8.4
    2452571.791           -0.2            5.0
     2452589.81           12.5            5.7
    2452603.782            9.0            4.9
    2452605.724           23.3            4.8
    2452616.772            2.7            5.9
    2452665.604           20.5            4.2
    2452668.611           -1.4            5.3
    2452837.972           12.3            5.4
    2452861.963           16.2            4.1
    2452863.985          -14.2            5.2
    2452879.918           -0.3            4.2
    2452880.947           -0.9            5.0
    2452898.911           10.9            4.7
    2452900.928            2.2            4.8
    2452932.839           -8.3            4.3
    2452934.804           11.4            4.6
    2452963.753            1.1            5.2
    2452965.809           14.7            5.4
     2453022.63           -2.6            5.6
     2453208.01           -0.4            3.8
    2453209.978           -9.2            3.7
    2453214.961            7.8            4.2
    2453231.961           -3.5            4.0
    2453233.909            3.9            3.9
     2453235.96           18.4            4.2
    2453265.899            6.8            3.8
    2453268.919           -9.1            4.0
     2453269.81           -3.3            3.5
    2453286.828            5.4            3.8
    2453324.713           11.1            5.5
    2453354.654           12.8            3.8
    2453400.642            0.9            7.5
    2453550.983           19.7            4.4
    2453578.964           16.4            4.6
    2453613.923           -4.4            4.2
    2453654.771           20.3            4.1
    2453701.724           -4.2            4.6
    2453740.745            5.6            4.7
    2453911.993           -4.5            3.6
    2453917.013           21.6            3.9
    2453934.974           -5.0            3.9
    2453968.925           15.7            3.2
    2453981.851           -6.9            3.8
    2453985.899            3.4            4.0
    2454055.755           10.2            3.9
    2454297.975           21.3            4.1
    2454300.974            2.2            4.0
    2454314.939            3.8            3.6
    2454318.981           10.6            4.2
    2454344.859           -2.8            4.3
    2454348.917            4.7            4.0
    2454391.887            1.4            5.4
    2454394.775           16.5            4.2
    2454418.777            8.1            4.5
    2454420.763          -11.6            4.2
    2454440.653           20.1            3.4
    2454443.651           -4.2            3.6
    2454481.638            5.0            3.9
    2454503.651           -8.3            4.3
    2454645.984          -10.0            4.5
    2454646.968           -6.5            4.2
    2454668.009           -7.4            3.7
    2454681.904           10.8            3.8
     2454683.97           -9.8            3.8
    2454711.893           -5.8            4.1
    2454713.873           -4.5            4.2
    2454715.882            3.8            4.6
    2454716.875           15.5            4.1
    2454753.885           11.4            3.6
     2454755.85           -0.4            3.8
    2454777.733            6.2            4.1
    2454806.796           17.5            5.5
     2454808.77           -8.0            4.3
    2454809.763           -1.7            6.1
    2455026.973           -6.0            5.7
    2455063.965           -4.9            5.0
    2455099.996           -4.5            4.9
    2455116.856           -3.9            6.8
    2455154.739           -4.3            7.6
    2455174.788            0.8            5.8
    2455364.972           -8.1            5.0
    2455419.012           13.6            4.7
    2455446.847           -3.9            3.6
    2455446.856           -4.4            3.1
    2455463.833            8.1            5.2
    2455466.842           13.2            4.8
    2455569.653            9.7            4.1
    2455571.713            1.3            4.6
    2455572.671           -7.4            4.8
    2455621.621           10.6            4.6
    2455757.974           15.8            5.0
    2455803.919            4.3            4.3
    2455806.936            3.7            4.3
    2455828.781           -8.1            4.2
    2455831.849           18.1            5.1
    2455861.842           20.4            4.2
    2455864.796           -4.6            4.4
    2455892.745           13.7            4.9
