    2451745.994            8.3            4.3
    2451778.895            1.9            3.7
    2451808.867            4.2            3.6
    2451853.766            9.3            4.1
    2451856.801            8.1            4.6
    2451898.637           13.1            8.0
    2451932.609            1.5            3.9
    2452163.861            3.2            4.9
    2452175.851            0.8            4.0
    2452307.598            2.4            4.5
    2452465.989            2.1            5.3
    2452483.985           10.3            5.0
    2452494.987            9.2            5.0
    2452517.936            4.4            5.2
     2452528.91            9.8            5.2
     2452530.91           10.7            4.5
    2452541.904            7.4            4.5
    2452543.883            8.1            5.0
    2452559.914            6.5            6.4
    2452561.795            8.3            8.4
    2452571.791           11.5            5.0
     2452589.81            6.9            5.7
    2452603.782            2.0            4.9
    2452605.724            3.3            4.8
    2452616.772            6.2            5.9
    2452665.604            0.8            4.2
    2452668.611            5.0            5.3
    2452837.972            0.3            5.4
    2452861.963            4.4            4.1
    2452863.985           10.4            5.2
    2452879.918           -0.1            4.2
    2452880.947            4.8            5.0
    2452898.911            7.0            4.7
    2452900.928            4.7            4.8
    2452932.839           -0.1            4.3
    2452934.804            4.1            4.6
    2452963.753            4.0            5.2
    2452965.809            4.3            5.4
     2453022.63            4.2            5.6
     2453208.01            7.2            3.8
    2453209.978            6.7            3.7
    2453214.961            9.7            4.2
    2453231.961            4.6            4.0
    2453233.909            6.6            3.9
     2453235.96            5.9            4.2
    2453265.899           -3.4            3.8
    2453268.919            1.5            4.0
     2453269.81            0.0            3.5
    2453286.828            8.1            3.8
    2453324.713            9.7            5.5
    2453354.654           -1.8            3.8
    2453400.642            5.8            7.5
    2453550.983            0.4            4.4
    2453578.964           12.3            4.6
    2453613.923            4.5            4.2
    2453654.771            6.4            4.1
    2453701.724            6.4            4.6
    2453740.745            4.5            4.7
    2453911.993           11.3            3.6
    2453917.013            8.5            3.9
    2453934.974            3.3            3.9
    2453968.925            1.1            3.2
    2453981.851           -0.5            3.8
    2453985.899           -2.8            4.0
    2454055.755            5.4            3.9
    2454297.975           13.2            4.1
    2454300.974            4.9            4.0
    2454314.939            1.2            3.6
    2454318.981            0.3            4.2
    2454344.859            5.8            4.3
    2454348.917           -2.1            4.0
    2454391.887            4.0            5.4
    2454394.775            0.7            4.2
    2454418.777            4.9            4.5
    2454420.763            5.3            4.2
    2454440.653            0.6            3.4
    2454443.651           -3.4            3.6
    2454481.638            1.7            3.9
    2454503.651            3.7            4.3
    2454645.984            1.3            4.5
    2454646.968            1.1            4.2
    2454668.009            8.8            3.7
    2454681.904            0.3            3.8
     2454683.97            6.0            3.8
    2454711.893            4.2            4.1
    2454713.873           10.5            4.2
    2454715.882            6.9            4.6
    2454716.875            5.0            4.1
    2454753.885            7.1            3.6
     2454755.85           10.4            3.8
    2454777.733           -1.5            4.1
    2454806.796            0.5            5.5
     2454808.77            5.7            4.3
    2454809.763            7.3            6.1
    2455026.973           -1.5            5.7
    2455063.965            0.4            5.0
    2455099.996            9.1            4.9
    2455116.856            2.8            6.8
    2455154.739            6.7            7.6
    2455174.788            5.5            5.8
    2455364.972           -1.8            5.0
    2455419.012            4.2            4.7
    2455446.847            3.3            3.6
    2455446.856            2.7            3.1
    2455463.833           12.4            5.2
    2455466.842            7.0            4.8
    2455569.653            3.0            4.1
    2455571.713            6.4            4.6
    2455572.671            4.2            4.8
    2455621.621           -3.4            4.6
    2455757.974            3.9            5.0
    2455803.919           10.6            4.3
    2455806.936            7.2            4.3
    2455828.781            0.6            4.2
    2455831.849            2.8            5.1
    2455861.842            2.3            4.2
    2455864.796           -0.6            4.4
    2455892.745           13.4            4.9
