    2451745.994            7.9            4.3
    2451778.895           -1.6            3.7
    2451808.867            1.0            3.6
    2451853.766           21.1            4.1
    2451856.801           -3.9            4.6
    2451898.637           13.0            8.0
    2451932.609            0.5            3.9
    2452163.861           -4.7            4.9
    2452175.851           17.0            4.0
    2452307.598            5.3            4.5
    2452465.989           10.0            5.3
    2452483.985            3.1            5.0
    2452494.987            2.9            5.0
    2452517.936            9.7            5.2
     2452528.91           20.2            5.2
     2452530.91           21.2            4.5
    2452541.904            8.4            4.5
    2452543.883           10.9            5.0
    2452559.914            1.7            6.4
    2452561.795            8.9            8.4
    2452571.791           12.6            5.0
     2452589.81            4.9            5.7
    2452603.782            6.0            4.9
    2452605.724           -0.0            4.8
    2452616.772           21.7            5.9
    2452665.604           -7.6            4.2
    2452668.611           11.2            5.3
    2452837.972            3.9            5.4
    2452861.963           18.8            4.1
    2452863.985           15.0            5.2
    2452879.918            2.1            4.2
    2452880.947           14.1            5.0
    2452898.911            5.0            4.7
    2452900.928            7.7            4.8
    2452932.839            7.5            4.3
    2452934.804            7.7            4.6
    2452963.753           -3.5            5.2
    2452965.809            2.9            5.4
     2453022.63           -0.9            5.6
     2453208.01           21.0            3.8
    2453209.978           17.9            3.7
    2453214.961           13.5            4.2
    2453231.961           11.1            4.0
    2453233.909           15.8            3.9
     2453235.96           19.7            4.2
    2453265.899           16.4            3.8
    2453268.919            8.7            4.0
     2453269.81            4.1            3.5
    2453286.828          -12.5            3.8
    2453324.713           11.4            5.5
    2453354.654           14.6            3.8
    2453400.642          -11.1            7.5
    2453550.983          -14.4            4.4
    2453578.964          -14.4            4.6
    2453613.923           -1.8            4.2
    2453654.771            8.6            4.1
    2453701.724          -11.2            4.6
    2453740.745            9.7            4.7
    2453911.993           -3.2            3.6
    2453917.013            5.8            3.9
    2453934.974            6.2            3.9
    2453968.925            6.2            3.2
    2453981.851           15.1            3.8
    2453985.899            5.1            4.0
    2454055.755           -1.7            3.9
    2454297.975           14.1            4.1
    2454300.974            6.8            4.0
    2454314.939            1.3            3.6
    2454318.981           -9.5            4.2
    2454344.859           -5.7            4.3
    2454348.917          -11.7            4.0
    2454391.887            1.2            5.4
    2454394.775           19.5            4.2
    2454418.777           19.4            4.5
    2454420.763           20.6            4.2
    2454440.653           -2.5            3.4
    2454443.651           -2.2            3.6
    2454481.638            7.7            3.9
    2454503.651           -6.0            4.3
    2454645.984           -2.3            4.5
    2454646.968            0.8            4.2
    2454668.009           12.5            3.7
    2454681.904           -5.8            3.8
     2454683.97           -2.2            3.8
    2454711.893           -3.6            4.1
    2454713.873            4.4            4.2
    2454715.882           11.5            4.6
    2454716.875           10.6            4.1
    2454753.885           15.6            3.6
     2454755.85            7.9            3.8
    2454777.733           20.6            4.1
    2454806.796            1.8            5.5
     2454808.77            0.5            4.3
    2454809.763           22.3            6.1
    2455026.973            9.3            5.7
    2455063.965           10.3            5.0
    2455099.996           22.8            4.9
    2455116.856            2.1            6.8
    2455154.739            3.0            7.6
    2455174.788           -2.4            5.8
    2455364.972           15.6            5.0
    2455419.012            2.1            4.7
    2455446.847            2.3            3.6
    2455446.856            1.5            3.1
    2455463.833           11.8            5.2
    2455466.842          -10.7            4.8
    2455569.653            0.9            4.1
    2455571.713            4.2            4.6
    2455572.671           11.9            4.8
    2455621.621          -10.9            4.6
    2455757.974           15.6            5.0
    2455803.919            0.3            4.3
    2455806.936            7.4            4.3
    2455828.781            9.4            4.2
    2455831.849           -0.5            5.1
    2455861.842            1.2            4.2
    2455864.796            1.9            4.4
    2455892.745            0.1            4.9
