    2451745.994            9.7            4.3
    2451778.895            0.8            3.7
    2451808.867           -0.3            3.6
    2451853.766            5.9            4.1
    2451856.801            4.9            4.6
    2451898.637           14.4            8.0
    2451932.609            5.2            3.9
    2452163.861           -1.1            4.9
    2452175.851            9.7            4.0
    2452307.598            9.8            4.5
    2452465.989            2.2            5.3
    2452483.985            5.2            5.0
    2452494.987           10.8            5.0
    2452517.936           -0.2            5.2
     2452528.91           10.7            5.2
     2452530.91            5.7            4.5
    2452541.904            8.4            4.5
    2452543.883            5.6            5.0
    2452559.914            2.9            6.4
    2452561.795           12.1            8.4
    2452571.791           15.6            5.0
     2452589.81           -4.5            5.7
    2452603.782           14.8            4.9
    2452605.724           12.9            4.8
    2452616.772           16.9            5.9
    2452665.604           10.2            4.2
    2452668.611           -3.9            5.3
    2452837.972            8.8            5.4
    2452861.963           12.4            4.1
    2452863.985           15.3            5.2
    2452879.918           -7.0            4.2
    2452880.947           10.5            5.0
    2452898.911           -1.4            4.7
    2452900.928           -0.7            4.8
    2452932.839           -2.6            4.3
    2452934.804            2.0            4.6
    2452963.753           10.1            5.2
    2452965.809           10.4            5.4
     2453022.63            0.7            5.6
     2453208.01           -6.8            3.8
    2453209.978           -8.7            3.7
    2453214.961            9.1            4.2
    2453231.961           12.1            4.0
    2453233.909            7.6            3.9
     2453235.96            4.8            4.2
    2453265.899            9.5            3.8
    2453268.919           10.2            4.0
     2453269.81            0.5            3.5
    2453286.828           -6.0            3.8
    2453324.713           -4.3            5.5
    2453354.654           -2.2            3.8
    2453400.642           17.8            7.5
    2453550.983           -0.7            4.4
    2453578.964            2.4            4.6
    2453613.923            6.2            4.2
    2453654.771           -3.7            4.1
    2453701.724           -6.4            4.6
    2453740.745           -0.4            4.7
    2453911.993            7.0            3.6
    2453917.013           -7.2            3.9
    2453934.974           14.4            3.9
    2453968.925           11.6            3.2
    2453981.851           11.8            3.8
    2453985.899            5.8            4.0
    2454055.755           -0.7            3.9
    2454297.975            2.9            4.1
    2454300.974            7.2            4.0
    2454314.939           -0.5            3.6
    2454318.981            3.8            4.2
    2454344.859            2.5            4.3
    2454348.917            6.0            4.0
    2454391.887           -1.6            5.4
    2454394.775            5.2            4.2
    2454418.777           15.9            4.5
    2454420.763           16.4            4.2
    2454440.653           -2.3            3.4
    2454443.651           -1.7            3.6
    2454481.638           -7.1            3.9
    2454503.651           14.4            4.3
    2454645.984            0.4            4.5
    2454646.968            5.7            4.2
    2454668.009           15.1            3.7
    2454681.904           -4.1            3.8
     2454683.97           -6.4            3.8
    2454711.893            2.1            4.1
    2454713.873           -0.4            4.2
    2454715.882           -1.7            4.6
    2454716.875           16.6            4.1
    2454753.885            1.3            3.6
     2454755.85            4.5            3.8
    2454777.733           -8.1            4.1
    2454806.796            7.2            5.5
     2454808.77            8.6            4.3
    2454809.763           -3.0            6.1
    2455026.973           -5.0            5.7
    2455063.965           10.8            5.0
    2455099.996            8.6            4.9
    2455116.856            8.5            6.8
    2455154.739           -1.8            7.6
    2455174.788           16.5            5.8
    2455364.972            4.7            5.0
    2455419.012            1.7            4.7
    2455446.847            0.9            3.6
    2455446.856            0.6            3.1
    2455463.833            2.3            5.2
    2455466.842           12.1            4.8
    2455569.653           -2.2            4.1
    2455571.713            1.2            4.6
    2455572.671            8.2            4.8
    2455621.621            8.1            4.6
    2455757.974            4.8            5.0
    2455803.919           -4.1            4.3
    2455806.936            0.7            4.3
    2455828.781           17.0            4.2
    2455831.849           -1.1            5.1
    2455861.842           -2.3            4.2
    2455864.796           15.4            4.4
    2455892.745           11.5            4.9
