    2451745.994           -5.2            4.3
    2451778.895           13.1            3.7
    2451808.867            9.6            3.6
    2451853.766            6.0            4.1
    2451856.801           10.4            4.6
    2451898.637           21.0            8.0
    2451932.609            3.8            3.9
    2452163.861            8.3            4.9
    2452175.851           11.6            4.0
    2452307.598           12.7            4.5
    2452465.989            0.7            5.3
    2452483.985            3.7            5.0
    2452494.987            7.8            5.0
    2452517.936           15.7            5.2
     2452528.91           10.3            5.2
     2452530.91           17.5            4.5
    2452541.904           12.8            4.5
    2452543.883           10.2            5.0
    2452559.914            7.9            6.4
    2452561.795            7.8            8.4
    2452571.791            7.4            5.0
     2452589.81           10.1            5.7
    2452603.782           13.6            4.9
    2452605.724            6.7            4.8
    2452616.772            2.4            5.9
    2452665.604            5.1            4.2
    2452668.611           12.6            5.3
    2452837.972           10.4            5.4
    2452861.963            7.5            4.1
    2452863.985           -3.3            5.2
    2452879.918           10.7            4.2
    2452880.947            6.7            5.0
    2452898.911            5.5            4.7
    2452900.928           -2.2            4.8
    2452932.839            8.3            4.3
    2452934.804            5.5            4.6
    2452963.753           15.2            5.2
    2452965.809            3.1            5.4
     2453022.63            9.6            5.6
     2453208.01           -0.7            3.8
    2453209.978           11.4            3.7
    2453214.961            7.2            4.2
    2453231.961            0.2            4.0
    2453233.909           10.2            3.9
     2453235.96            9.2            4.2
    2453265.899            7.0            3.8
    2453268.919           -0.6            4.0
     2453269.81            8.8            3.5
    2453286.828            5.0            3.8
    2453324.713            5.5            5.5
    2453354.654            9.6            3.8
    2453400.642            0.7            7.5
    2453550.983            1.3            4.4
    2453578.964           15.3            4.6
    2453613.923            5.7            4.2
    2453654.771            4.6            4.1
    2453701.724           -2.3            4.6
    2453740.745           13.4            4.7
    2453911.993           -4.0            3.6
    2453917.013            4.0            3.9
    2453934.974            5.4            3.9
    2453968.925           10.8            3.2
    2453981.851           13.9            3.8
    2453985.899            8.4            4.0
    2454055.755            1.7            3.9
    2454297.975           -7.1            4.1
    2454300.974           12.1            4.0
    2454314.939           -2.6            3.6
    2454318.981           10.7            4.2
    2454344.859           -1.3            4.3
    2454348.917            7.5            4.0
    2454391.887            9.1            5.4
    2454394.775            6.7            4.2
    2454418.777            4.0            4.5
    2454420.763           13.9            4.2
    2454440.653           -7.2            3.4
    2454443.651            5.0            3.6
    2454481.638           10.2            3.9
    2454503.651            4.4            4.3
    2454645.984           -3.2            4.5
    2454646.968           -8.4            4.2
    2454668.009           13.8            3.7
    2454681.904            1.7            3.8
     2454683.97            7.2            3.8
    2454711.893           -0.5            4.1
    2454713.873            2.7            4.2
    2454715.882           10.6            4.6
    2454716.875            7.0            4.1
    2454753.885           -2.9            3.6
     2454755.85           -0.2            3.8
    2454777.733           -1.9            4.1
    2454806.796            9.9            5.5
     2454808.77           -3.1            4.3
    2454809.763            2.2            6.1
    2455026.973            7.7            5.7
    2455063.965            8.5            5.0
    2455099.996           14.8            4.9
    2455116.856            2.4            6.8
    2455154.739           18.4            7.6
    2455174.788            7.4            5.8
    2455364.972           11.3            5.0
    2455419.012           10.7            4.7
    2455446.847           -0.6            3.6
    2455446.856           -1.1            3.1
    2455463.833            4.8            5.2
    2455466.842            5.5            4.8
    2455569.653           11.1            4.1
    2455571.713            8.3            4.6
    2455572.671            7.2            4.8
    2455621.621           -2.7            4.6
    2455757.974           11.9            5.0
    2455803.919            2.7            4.3
    2455806.936            6.2            4.3
    2455828.781            7.6            4.2
    2455831.849           -1.5            5.1
    2455861.842            0.8            4.2
    2455864.796           14.9            4.4
    2455892.745           -0.5            4.9
