    2451745.994            9.2            4.3
    2451778.895            2.8            3.7
    2451808.867           -3.6            3.6
    2451853.766           -5.6            4.1
    2451856.801           -2.5            4.6
    2451898.637            7.8            8.0
    2451932.609           -3.2            3.9
    2452163.861           -4.9            4.9
    2452175.851            2.8            4.0
    2452307.598           15.3            4.5
    2452465.989           11.3            5.3
    2452483.985            3.1            5.0
    2452494.987            3.1            5.0
    2452517.936            6.6            5.2
     2452528.91           -1.3            5.2
     2452530.91           -4.5            4.5
    2452541.904            5.1            4.5
    2452543.883            4.6            5.0
    2452559.914           11.5            6.4
    2452561.795           13.5            8.4
    2452571.791           11.8            5.0
     2452589.81            5.6            5.7
    2452603.782            2.0            4.9
    2452605.724            4.6            4.8
    2452616.772           15.9            5.9
    2452665.604            8.3            4.2
    2452668.611            5.3            5.3
    2452837.972            0.5            5.4
    2452861.963           -3.2            4.1
    2452863.985           -5.4            5.2
    2452879.918           12.5            4.2
    2452880.947           13.3            5.0
    2452898.911            3.1            4.7
    2452900.928            9.0            4.8
    2452932.839            1.5            4.3
    2452934.804            2.4            4.6
    2452963.753            3.0            5.2
    2452965.809           -3.8            5.4
     2453022.63           -0.5            5.6
     2453208.01            0.7            3.8
    2453209.978            5.4            3.7
    2453214.961           13.3            4.2
    2453231.961           -0.7            4.0
    2453233.909            6.4            3.9
     2453235.96           13.5            4.2
    2453265.899            3.8            3.8
    2453268.919            8.5            4.0
     2453269.81            9.1            3.5
    2453286.828            3.6            3.8
    2453324.713            0.3            5.5
    2453354.654           -2.7            3.8
    2453400.642            5.7            7.5
    2453550.983            4.9            4.4
    2453578.964           10.4            4.6
    2453613.923            2.9            4.2
    2453654.771            3.3            4.1
    2453701.724            4.0            4.6
    2453740.745            5.1            4.7
    2453911.993           12.7            3.6
    2453917.013            2.3            3.9
    2453934.974           12.8            3.9
    2453968.925            6.1            3.2
    2453981.851            9.0            3.8
    2453985.899            6.2            4.0
    2454055.755           -4.9            3.9
    2454297.975            4.4            4.1
    2454300.974            9.9            4.0
    2454314.939            5.5            3.6
    2454318.981            2.3            4.2
    2454344.859            1.6            4.3
    2454348.917           14.3            4.0
    2454391.887           -0.1            5.4
    2454394.775            8.4            4.2
    2454418.777            6.4            4.5
    2454420.763            4.2            4.2
    2454440.653            3.3            3.4
    2454443.651            0.4            3.6
    2454481.638            3.5            3.9
    2454503.651            4.1            4.3
    2454645.984            3.2            4.5
    2454646.968            4.1            4.2
    2454668.009            3.5            3.7
    2454681.904           11.8            3.8
     2454683.97           10.7            3.8
    2454711.893            5.3            4.1
    2454713.873           10.2            4.2
    2454715.882           13.0            4.6
    2454716.875           11.3            4.1
    2454753.885           -1.3            3.6
     2454755.85           -3.2            3.8
    2454777.733           -4.4            4.1
    2454806.796            6.9            5.5
     2454808.77            9.1            4.3
    2454809.763           10.5            6.1
    2455026.973           12.7            5.7
    2455063.965           -1.2            5.0
    2455099.996            5.2            4.9
    2455116.856            8.4            6.8
    2455154.739           12.6            7.6
    2455174.788           15.5            5.8
    2455364.972           -0.1            5.0
    2455419.012            1.1            4.7
    2455446.847           -3.3            3.6
    2455446.856           -3.8            3.1
    2455463.833           12.4            5.2
    2455466.842            1.6            4.8
    2455569.653            2.3            4.1
    2455571.713           -0.3            4.6
    2455572.671            0.5            4.8
    2455621.621           11.4            4.6
    2455757.974            1.8            5.0
    2455803.919            6.9            4.3
    2455806.936            5.5            4.3
    2455828.781           11.3            4.2
    2455831.849            2.8            5.1
    2455861.842            2.6            4.2
    2455864.796            3.7            4.4
    2455892.745           -2.4            4.9
