    2451745.994            3.3            4.3
    2451778.895            4.2            3.7
    2451808.867            3.3            3.6
    2451853.766            4.7            4.1
    2451856.801           -3.2            4.6
    2451898.637           13.3            8.0
    2451932.609            2.3            3.9
    2452163.861           15.8            4.9
    2452175.851           13.5            4.0
    2452307.598            4.1            4.5
    2452465.989           -2.3            5.3
    2452483.985           10.4            5.0
    2452494.987          -10.3            5.0
    2452517.936           -5.9            5.2
     2452528.91           14.5            5.2
     2452530.91           -4.1            4.5
    2452541.904            6.1            4.5
    2452543.883           20.4            5.0
    2452559.914            2.8            6.4
    2452561.795            2.7            8.4
    2452571.791            4.5            5.0
     2452589.81            6.9            5.7
    2452603.782            4.3            4.9
    2452605.724            7.7            4.8
    2452616.772           17.2            5.9
    2452665.604          -12.0            4.2
    2452668.611           -0.2            5.3
    2452837.972            8.4            5.4
    2452861.963           -6.2            4.1
    2452863.985           16.9            5.2
    2452879.918           10.5            4.2
    2452880.947           19.6            5.0
    2452898.911            2.2            4.7
    2452900.928            0.7            4.8
    2452932.839            5.8            4.3
    2452934.804           14.2            4.6
    2452963.753           17.7            5.2
    2452965.809           -5.0            5.4
     2453022.63           14.8            5.6
     2453208.01           12.5            3.8
    2453209.978            5.7            3.7
    2453214.961           -3.8            4.2
    2453231.961           10.0            4.0
    2453233.909            5.2            3.9
     2453235.96          -17.8            4.2
    2453265.899           -9.6            3.8
    2453268.919           10.4            4.0
     2453269.81           19.4            3.5
    2453286.828           13.5            3.8
    2453324.713            1.8            5.5
    2453354.654           12.4            3.8
    2453400.642          -15.0            7.5
    2453550.983           -7.8            4.4
    2453578.964            0.5            4.6
    2453613.923           21.9            4.2
    2453654.771           12.5            4.1
    2453701.724           15.1            4.6
    2453740.745            6.8            4.7
    2453911.993           -8.9            3.6
    2453917.013           -4.6            3.9
    2453934.974            9.8            3.9
    2453968.925            1.6            3.2
    2453981.851           10.2            3.8
    2453985.899          -10.9            4.0
    2454055.755           -0.6            3.9
    2454297.975            1.9            4.1
    2454300.974            4.2            4.0
    2454314.939          -11.3            3.6
    2454318.981           20.1            4.2
    2454344.859            0.8            4.3
    2454348.917           13.3            4.0
    2454391.887           10.2            5.4
    2454394.775           -3.7            4.2
    2454418.777            2.5            4.5
    2454420.763            1.1            4.2
    2454440.653          -12.9            3.4
    2454443.651            3.7            3.6
    2454481.638           10.4            3.9
    2454503.651           11.1            4.3
    2454645.984           11.8            4.5
    2454646.968            4.8            4.2
    2454668.009           -4.4            3.7
    2454681.904           -4.4            3.8
     2454683.97           16.3            3.8
    2454711.893           -0.9            4.1
    2454713.873           13.7            4.2
    2454715.882           16.8            4.6
    2454716.875            5.0            4.1
    2454753.885            4.2            3.6
     2454755.85           -6.8            3.8
    2454777.733           -1.1            4.1
    2454806.796            3.4            5.5
     2454808.77           -4.5            4.3
    2454809.763           17.5            6.1
    2455026.973           -0.4            5.7
    2455063.965            7.3            5.0
    2455099.996           -9.6            4.9
    2455116.856            9.9            6.8
    2455154.739           18.0            7.6
    2455174.788            7.8            5.8
    2455364.972            3.1            5.0
    2455419.012           10.2            4.7
    2455446.847           -0.5            3.6
    2455446.856           -0.6            3.1
    2455463.833            8.7            5.2
    2455466.842           -7.7            4.8
    2455569.653           -2.5            4.1
    2455571.713           18.9            4.6
    2455572.671            8.6            4.8
    2455621.621            7.3            4.6
    2455757.974           -7.5            5.0
    2455803.919            5.9            4.3
    2455806.936           24.0            4.3
    2455828.781           -2.1            4.2
    2455831.849           -5.8            5.1
    2455861.842           -4.4            4.2
    2455864.796            2.7            4.4
    2455892.745            2.4            4.9
