    2451745.994           14.5            4.3
    2451778.895           -7.1            3.7
    2451808.867           -3.0            3.6
    2451853.766            2.1            4.1
    2451856.801            3.5            4.6
    2451898.637            7.2            8.0
    2451932.609           11.8            3.9
    2452163.861           15.0            4.9
    2452175.851            6.7            4.0
    2452307.598            7.7            4.5
    2452465.989            6.0            5.3
    2452483.985           18.5            5.0
    2452494.987           16.1            5.0
    2452517.936           20.6            5.2
     2452528.91           11.4            5.2
     2452530.91            7.3            4.5
    2452541.904           13.5            4.5
    2452543.883            8.2            5.0
    2452559.914           -6.5            6.4
    2452561.795            3.2            8.4
    2452571.791           -6.8            5.0
     2452589.81           10.1            5.7
    2452603.782            5.6            4.9
    2452605.724            1.4            4.8
    2452616.772           -1.0            5.9
    2452665.604           -2.1            4.2
    2452668.611            0.3            5.3
    2452837.972            6.5            5.4
    2452861.963           -1.1            4.1
    2452863.985            6.6            5.2
    2452879.918           -8.8            4.2
    2452880.947           -6.3            5.0
    2452898.911           15.7            4.7
    2452900.928           -0.6            4.8
    2452932.839            5.9            4.3
    2452934.804           11.9            4.6
    2452963.753           -6.1            5.2
    2452965.809            6.5            5.4
     2453022.63           -9.5            5.6
     2453208.01           16.8            3.8
    2453209.978           10.4            3.7
    2453214.961            3.6            4.2
    2453231.961            1.1            4.0
    2453233.909            5.6            3.9
     2453235.96           -6.4            4.2
    2453265.899           12.0            3.8
    2453268.919            7.1            4.0
     2453269.81            8.8            3.5
    2453286.828           -2.1            3.8
    2453324.713            5.0            5.5
    2453354.654           -3.8            3.8
    2453400.642            2.5            7.5
    2453550.983           16.0            4.4
    2453578.964            0.6            4.6
    2453613.923            9.2            4.2
    2453654.771           -3.3            4.1
    2453701.724          -11.2            4.6
    2453740.745           10.4            4.7
    2453911.993            7.0            3.6
    2453917.013           -8.3            3.9
    2453934.974            2.8            3.9
    2453968.925           14.6            3.2
    2453981.851           10.4            3.8
    2453985.899          -11.1            4.0
    2454055.755          -12.8            3.9
    2454297.975            4.7            4.1
    2454300.974           12.6            4.0
    2454314.939            4.4            3.6
    2454318.981           -3.4            4.2
    2454344.859            9.3            4.3
    2454348.917            4.3            4.0
    2454391.887            5.8            5.4
    2454394.775           15.8            4.2
    2454418.777            7.2            4.5
    2454420.763            9.7            4.2
    2454440.653           17.2            3.4
    2454443.651            4.8            3.6
    2454481.638            0.6            3.9
    2454503.651            5.9            4.3
    2454645.984            7.9            4.5
    2454646.968           13.2            4.2
    2454668.009           17.2            3.7
    2454681.904           13.3            3.8
     2454683.97            0.0            3.8
    2454711.893           -7.1            4.1
    2454713.873            9.6            4.2
    2454715.882           15.1            4.6
    2454716.875            9.3            4.1
    2454753.885            2.4            3.6
     2454755.85           -6.2            3.8
    2454777.733            1.3            4.1
    2454806.796            3.9            5.5
     2454808.77           19.8            4.3
    2454809.763           14.3            6.1
    2455026.973           10.9            5.7
    2455063.965           -0.3            5.0
    2455099.996           -7.1            4.9
    2455116.856           12.8            6.8
    2455154.739            4.7            7.6
    2455174.788           -2.9            5.8
    2455364.972           -7.5            5.0
    2455419.012           17.0            4.7
    2455446.847           -5.7            3.6
    2455446.856           -6.3            3.1
    2455463.833           17.2            5.2
    2455466.842            9.4            4.8
    2455569.653            9.7            4.1
    2455571.713            6.8            4.6
    2455572.671           -1.1            4.8
    2455621.621           -1.6            4.6
    2455757.974           -4.9            5.0
    2455803.919          -10.1            4.3
    2455806.936           14.6            4.3
    2455828.781          -12.5            4.2
    2455831.849           16.6            5.1
    2455861.842            3.4            4.2
    2455864.796            5.4            4.4
    2455892.745            5.4            4.9
