    2451745.994           -0.8            4.3
    2451778.895           15.6            3.7
    2451808.867            8.1            3.6
    2451853.766            7.2            4.1
    2451856.801           14.0            4.6
    2451898.637           -1.2            8.0
    2451932.609           -8.0            3.9
    2452163.861           10.2            4.9
    2452175.851           -7.3            4.0
    2452307.598           17.8            4.5
    2452465.989           -1.7            5.3
    2452483.985            6.6            5.0
    2452494.987            1.6            5.0
    2452517.936           -6.6            5.2
     2452528.91           14.8            5.2
     2452530.91           -7.9            4.5
    2452541.904           15.9            4.5
    2452543.883           -3.4            5.0
    2452559.914            4.4            6.4
    2452561.795            5.8            8.4
    2452571.791           14.9            5.0
     2452589.81           12.6            5.7
    2452603.782           -2.6            4.9
    2452605.724           15.4            4.8
    2452616.772           -6.7            5.9
    2452665.604            0.7            4.2
    2452668.611           -2.0            5.3
    2452837.972           -7.6            5.4
    2452861.963           17.2            4.1
    2452863.985           -3.6            5.2
    2452879.918            9.4            4.2
    2452880.947           -5.5            5.0
    2452898.911           -7.8            4.7
    2452900.928           16.0            4.8
    2452932.839           -5.7            4.3
    2452934.804            8.6            4.6
    2452963.753           -4.5            5.2
    2452965.809           19.4            5.4
     2453022.63           14.4            5.6
     2453208.01           17.4            3.8
    2453209.978           -3.9            3.7
    2453214.961           -8.9            4.2
    2453231.961           -6.4            4.0
    2453233.909           15.5            3.9
     2453235.96           -6.6            4.2
    2453265.899            0.8            3.8
    2453268.919           17.6            4.0
     2453269.81            6.4            3.5
    2453286.828           14.6            3.8
    2453324.713           16.0            5.5
    2453354.654            6.7            3.8
    2453400.642           -5.7            7.5
    2453550.983           14.0            4.4
    2453578.964           -7.5            4.6
    2453613.923            2.0            4.2
    2453654.771           12.4            4.1
    2453701.724           15.2            4.6
    2453740.745           15.7            4.7
    2453911.993           -5.6            3.6
    2453917.013           -1.1            3.9
    2453934.974           10.6            3.9
    2453968.925           -0.1            3.2
    2453981.851           -4.4            3.8
    2453985.899           -5.4            4.0
    2454055.755            3.3            3.9
    2454297.975            0.2            4.1
    2454300.974           -4.9            4.0
    2454314.939           -6.1            3.6
    2454318.981           -8.2            4.2
    2454344.859           -8.4            4.3
    2454348.917           -6.2            4.0
    2454391.887            0.0            5.4
    2454394.775           18.2            4.2
    2454418.777           -6.6            4.5
    2454420.763           13.0            4.2
    2454440.653           -5.3            3.4
    2454443.651           -3.3            3.6
    2454481.638           11.9            3.9
    2454503.651            7.3            4.3
    2454645.984           13.7            4.5
    2454646.968            0.5            4.2
    2454668.009           11.6            3.7
    2454681.904           -6.0            3.8
     2454683.97            5.4            3.8
    2454711.893            5.8            4.1
    2454713.873            4.5            4.2
    2454715.882           11.4            4.6
    2454716.875           -4.1            4.1
    2454753.885           18.2            3.6
     2454755.85           -4.2            3.8
    2454777.733           -6.8            4.1
    2454806.796            9.0            5.5
     2454808.77           -4.7            4.3
    2454809.763           15.0            6.1
    2455026.973           16.1            5.7
    2455063.965           -7.1            5.0
    2455099.996           14.9            4.9
    2455116.856           13.0            6.8
    2455154.739           -2.9            7.6
    2455174.788           14.5            5.8
    2455364.972           13.2            5.0
    2455419.012           -4.9            4.7
    2455446.847           14.1            3.6
    2455446.856           13.5            3.1
    2455463.833           13.7            5.2
    2455466.842           -6.7            4.8
    2455569.653           -6.1            4.1
    2455571.713            8.8            4.6
    2455572.671           16.1            4.8
    2455621.621           -2.1            4.6
    2455757.974           15.8            5.0
    2455803.919           -7.4            4.3
    2455806.936            8.7            4.3
    2455828.781            5.0            4.2
    2455831.849           13.6            5.1
    2455861.842           12.6            4.2
    2455864.796           -7.7            4.4
    2455892.745           15.8            4.9
