    2451745.994           13.8            4.3
    2451778.895            0.2            3.7
    2451808.867           -2.2            3.6
    2451853.766            6.1            4.1
    2451856.801           -2.3            4.6
    2451898.637            4.0            8.0
    2451932.609           10.4            3.9
    2452163.861            6.8            4.9
    2452175.851            0.2            4.0
    2452307.598           -0.4            4.5
    2452465.989           10.4            5.3
    2452483.985            7.7            5.0
    2452494.987           10.5            5.0
    2452517.936           -6.2            5.2
     2452528.91            5.3            5.2
     2452530.91            2.4            4.5
    2452541.904            1.5            4.5
    2452543.883            9.2            5.0
    2452559.914            6.2            6.4
    2452561.795            0.1            8.4
    2452571.791           11.5            5.0
     2452589.81           -1.2            5.7
    2452603.782           -3.3            4.9
    2452605.724           -1.0            4.8
    2452616.772            1.2            5.9
    2452665.604           11.4            4.2
    2452668.611            2.8            5.3
    2452837.972            2.6            5.4
    2452861.963            4.2            4.1
    2452863.985            4.6            5.2
    2452879.918            4.9            4.2
    2452880.947            4.2            5.0
    2452898.911            4.3            4.7
    2452900.928            2.8            4.8
    2452932.839            8.9            4.3
    2452934.804           10.2            4.6
    2452963.753           13.4            5.2
    2452965.809            6.6            5.4
     2453022.63            7.3            5.6
     2453208.01           -2.2            3.8
    2453209.978            4.5            3.7
    2453214.961            0.4            4.2
    2453231.961            5.1            4.0
    2453233.909            4.1            3.9
     2453235.96           -1.9            4.2
    2453265.899            1.4            3.8
    2453268.919            3.2            4.0
     2453269.81            1.3            3.5
    2453286.828           -6.0            3.8
    2453324.713           14.0            5.5
    2453354.654           -0.9            3.8
    2453400.642           -2.9            7.5
    2453550.983           10.6            4.4
    2453578.964           10.3            4.6
    2453613.923            1.5            4.2
    2453654.771           -7.4            4.1
    2453701.724           12.6            4.6
    2453740.745            5.2            4.7
    2453911.993            4.5            3.6
    2453917.013            0.8            3.9
    2453934.974           -1.0            3.9
    2453968.925            3.7            3.2
    2453981.851           -0.8            3.8
    2453985.899            9.2            4.0
    2454055.755           -0.9            3.9
    2454297.975           11.9            4.1
    2454300.974            0.6            4.0
    2454314.939            5.3            3.6
    2454318.981            8.5            4.2
    2454344.859           -2.8            4.3
    2454348.917            3.9            4.0
    2454391.887           14.5            5.4
    2454394.775           -5.5            4.2
    2454418.777           -1.5            4.5
    2454420.763            4.7            4.2
    2454440.653           -0.3            3.4
    2454443.651           -0.9            3.6
    2454481.638            2.4            3.9
    2454503.651            4.2            4.3
    2454645.984            9.5            4.5
    2454646.968            4.7            4.2
    2454668.009           11.2            3.7
    2454681.904            6.1            3.8
     2454683.97            6.0            3.8
    2454711.893            9.6            4.1
    2454713.873            4.8            4.2
    2454715.882            6.1            4.6
    2454716.875            2.1            4.1
    2454753.885            6.6            3.6
     2454755.85            9.2            3.8
    2454777.733            2.1            4.1
    2454806.796            2.2            5.5
     2454808.77           -4.7            4.3
    2454809.763            7.2            6.1
    2455026.973            1.4            5.7
    2455063.965            3.0            5.0
    2455099.996           -4.4            4.9
    2455116.856            8.3            6.8
    2455154.739            4.1            7.6
    2455174.788           12.9            5.8
    2455364.972            4.8            5.0
    2455419.012            0.5            4.7
    2455446.847            1.8            3.6
    2455446.856            1.4            3.1
    2455463.833            3.8            5.2
    2455466.842            8.8            4.8
    2455569.653            4.1            4.1
    2455571.713            9.8            4.6
    2455572.671            6.7            4.8
    2455621.621            6.0            4.6
    2455757.974            9.5            5.0
    2455803.919            7.1            4.3
    2455806.936            7.6            4.3
    2455828.781            4.6            4.2
    2455831.849           -0.2            5.1
    2455861.842           -1.2            4.2
    2455864.796            4.5            4.4
    2455892.745            8.5            4.9
