    2451745.994           15.1            4.3
    2451778.895           -1.7            3.7
    2451808.867          -10.0            3.6
    2451853.766           13.0            4.1
    2451856.801           19.9            4.6
    2451898.637           16.4            8.0
    2451932.609           -8.4            3.9
    2452163.861            9.0            4.9
    2452175.851            7.9            4.0
    2452307.598            8.1            4.5
    2452465.989           11.0            5.3
    2452483.985          -12.2            5.0
    2452494.987           -1.5            5.0
    2452517.936           13.3            5.2
     2452528.91           10.7            5.2
     2452530.91           17.7            4.5
    2452541.904            3.4            4.5
    2452543.883           22.6            5.0
    2452559.914           13.2            6.4
    2452561.795            8.2            8.4
    2452571.791            8.0            5.0
     2452589.81           -1.8            5.7
    2452603.782           -3.1            4.9
    2452605.724          -10.9            4.8
    2452616.772            4.8            5.9
    2452665.604            8.2            4.2
    2452668.611           11.8            5.3
    2452837.972           11.3            5.4
    2452861.963           23.4            4.1
    2452863.985           16.5            5.2
    2452879.918            4.3            4.2
    2452880.947            2.0            5.0
    2452898.911           -4.1            4.7
    2452900.928           12.3            4.8
    2452932.839            3.2            4.3
    2452934.804            5.0            4.6
    2452963.753           -4.1            5.2
    2452965.809           -9.2            5.4
     2453022.63            9.1            5.6
     2453208.01           18.0            3.8
    2453209.978            7.2            3.7
    2453214.961           -7.2            4.2
    2453231.961           11.3            4.0
    2453233.909           16.5            3.9
     2453235.96           19.5            4.2
    2453265.899            5.5            3.8
    2453268.919          -11.9            4.0
     2453269.81          -12.2            3.5
    2453286.828            7.7            3.8
    2453324.713           -4.9            5.5
    2453354.654            6.7            3.8
    2453400.642            6.3            7.5
    2453550.983            9.5            4.4
    2453578.964           18.0            4.6
    2453613.923           -9.8            4.2
    2453654.771          -12.8            4.1
    2453701.724           21.4            4.6
    2453740.745            9.5            4.7
    2453911.993           17.6            3.6
    2453917.013           -4.2            3.9
    2453934.974            6.8            3.9
    2453968.925            9.7            3.2
    2453981.851            7.3            3.8
    2453985.899          -12.4            4.0
    2454055.755           -9.0            3.9
    2454297.975           15.1            4.1
    2454300.974            2.1            4.0
    2454314.939            0.4            3.6
    2454318.981           -4.7            4.2
    2454344.859           -7.6            4.3
    2454348.917           11.6            4.0
    2454391.887           16.9            5.4
    2454394.775           15.5            4.2
    2454418.777           12.8            4.5
    2454420.763            6.9            4.2
    2454440.653          -17.0            3.4
    2454443.651           -0.6            3.6
    2454481.638           -4.8            3.9
    2454503.651            2.6            4.3
    2454645.984            3.4            4.5
    2454646.968            4.4            4.2
    2454668.009           18.2            3.7
    2454681.904           14.9            3.8
     2454683.97            7.3            3.8
    2454711.893           21.8            4.1
    2454713.873            4.3            4.2
    2454715.882           -3.0            4.6
    2454716.875           -8.9            4.1
    2454753.885            6.0            3.6
     2454755.85           -3.4            3.8
    2454777.733           10.1            4.1
    2454806.796           13.1            5.5
     2454808.77            8.2            4.3
    2454809.763            0.3            6.1
    2455026.973           13.8            5.7
    2455063.965            0.1            5.0
    2455099.996          -12.3            4.9
    2455116.856           -2.7            6.8
    2455154.739            9.2            7.6
    2455174.788           16.0            5.8
    2455364.972           -2.6            5.0
    2455419.012           -3.6            4.7
    2455446.847           -6.3            3.6
    2455446.856           -7.2            3.1
    2455463.833           -1.8            5.2
    2455466.842           17.6            4.8
    2455569.653           -5.3            4.1
    2455571.713           -4.9            4.6
    2455572.671           -4.5            4.8
    2455621.621           -0.6            4.6
    2455757.974           11.5            5.0
    2455803.919            2.5            4.3
    2455806.936          -11.4            4.3
    2455828.781           19.3            4.2
    2455831.849           -8.1            5.1
    2455861.842           -4.0            4.2
    2455864.796            2.7            4.4
    2455892.745           12.7            4.9
