    2451745.994            1.8            4.3
    2451778.895            2.2            3.7
    2451808.867            3.5            3.6
    2451853.766            3.2            4.1
    2451856.801            2.4            4.6
    2451898.637            6.0            8.0
    2451932.609            6.6            3.9
    2452163.861            7.4            4.9
    2452175.851            3.0            4.0
    2452307.598            5.0            4.5
    2452465.989            5.2            5.3
    2452483.985            5.1            5.0
    2452494.987            6.9            5.0
    2452517.936            4.8            5.2
     2452528.91            2.5            5.2
     2452530.91            4.9            4.5
    2452541.904            3.5            4.5
    2452543.883            5.4            5.0
    2452559.914            8.4            6.4
    2452561.795            7.3            8.4
    2452571.791            7.8            5.0
     2452589.81            5.4            5.7
    2452603.782            5.7            4.9
    2452605.724            2.2            4.8
    2452616.772            6.3            5.9
    2452665.604            2.2            4.2
    2452668.611            5.5            5.3
    2452837.972            6.8            5.4
    2452861.963            7.3            4.1
    2452863.985            4.7            5.2
    2452879.918            0.4            4.2
    2452880.947            4.7            5.0
    2452898.911            2.1            4.7
    2452900.928            5.8            4.8
    2452932.839            5.7            4.3
    2452934.804            2.0            4.6
    2452963.753            5.7            5.2
    2452965.809            9.1            5.4
     2453022.63            9.1            5.6
     2453208.01            7.5            3.8
    2453209.978            5.9            3.7
    2453214.961            3.2            4.2
    2453231.961            4.0            4.0
    2453233.909            0.2            3.9
     2453235.96            0.9            4.2
    2453265.899            3.7            3.8
    2453268.919            2.7            4.0
     2453269.81            5.4            3.5
    2453286.828            4.2            3.8
    2453324.713            9.4            5.5
    2453354.654            5.0            3.8
    2453400.642            7.8            7.5
    2453550.983            7.3            4.4
    2453578.964            0.4            4.6
    2453613.923            4.5            4.2
    2453654.771            3.8            4.1
    2453701.724            1.6            4.6
    2453740.745            6.1            4.7
    2453911.993            5.0            3.6
    2453917.013            2.4            3.9
    2453934.974            1.9            3.9
    2453968.925            4.0            3.2
    2453981.851           -0.1            3.8
    2453985.899            4.6            4.0
    2454055.755            4.6            3.9
    2454297.975            6.8            4.1
    2454300.974            7.8            4.0
    2454314.939            5.4            3.6
    2454318.981            0.6            4.2
    2454344.859            7.4            4.3
    2454348.917            3.0            4.0
    2454391.887            2.9            5.4
    2454394.775            1.5            4.2
    2454418.777            6.5            4.5
    2454420.763            7.8            4.2
    2454440.653            1.3            3.4
    2454443.651            0.1            3.6
    2454481.638            3.4            3.9
    2454503.651            0.4            4.3
    2454645.984            6.4            4.5
    2454646.968            7.8            4.2
    2454668.009            3.5            3.7
    2454681.904            5.2            3.8
     2454683.97            2.7            3.8
    2454711.893            7.3            4.1
    2454713.873            4.0            4.2
    2454715.882            2.3            4.6
    2454716.875            4.9            4.1
    2454753.885            3.0            3.6
     2454755.85            7.1            3.8
    2454777.733            4.1            4.1
    2454806.796            8.1            5.5
     2454808.77            3.6            4.3
    2454809.763            9.8            6.1
    2455026.973            5.7            5.7
    2455063.965            2.4            5.0
    2455099.996            5.3            4.9
    2455116.856            8.9            6.8
    2455154.739            9.5            7.6
    2455174.788            7.4            5.8
    2455364.972            5.2            5.0
    2455419.012            5.2            4.7
    2455446.847            6.2            3.6
    2455446.856            5.7            3.1
    2455463.833            3.2            5.2
    2455466.842            2.1            4.8
    2455569.653            4.5            4.1
    2455571.713            8.1            4.6
    2455572.671            3.9            4.8
    2455621.621            4.2            4.6
    2455757.974            1.9            5.0
    2455803.919            3.2            4.3
    2455806.936            2.9            4.3
    2455828.781            0.6            4.2
    2455831.849            3.4            5.1
    2455861.842            5.6            4.2
    2455864.796            6.5            4.4
    2455892.745            5.8            4.9
