    2451745.994           -0.7            4.3
    2451778.895            3.5            3.7
    2451808.867            2.6            3.6
    2451853.766            7.6            4.1
    2451856.801            4.9            4.6
    2451898.637           10.2            8.0
    2451932.609            6.5            3.9
    2452163.861            1.4            4.9
    2452175.851            7.8            4.0
    2452307.598            4.8            4.5
    2452465.989            3.8            5.3
    2452483.985            4.0            5.0
    2452494.987            0.1            5.0
    2452517.936            2.7            5.2
     2452528.91            1.8            5.2
     2452530.91            2.8            4.5
    2452541.904            7.9            4.5
    2452543.883            6.5            5.0
    2452559.914            8.1            6.4
    2452561.795            6.6            8.4
    2452571.791            1.5            5.0
     2452589.81            5.5            5.7
    2452603.782            8.6            4.9
    2452605.724            4.6            4.8
    2452616.772            6.5            5.9
    2452665.604            3.4            4.2
    2452668.611            4.2            5.3
    2452837.972            7.7            5.4
    2452861.963            5.7            4.1
    2452863.985            9.0            5.2
    2452879.918            3.1            4.2
    2452880.947            8.3            5.0
    2452898.911            5.3            4.7
    2452900.928            2.6            4.8
    2452932.839            7.3            4.3
    2452934.804            7.0            4.6
    2452963.753            3.8            5.2
    2452965.809            5.8            5.4
     2453022.63            7.9            5.6
     2453208.01            2.1            3.8
    2453209.978            5.4            3.7
    2453214.961            2.7            4.2
    2453231.961            4.3            4.0
    2453233.909            1.6            3.9
     2453235.96            4.4            4.2
    2453265.899            5.4            3.8
    2453268.919           -0.7            4.0
     2453269.81            2.9            3.5
    2453286.828            1.3            3.8
    2453324.713            6.0            5.5
    2453354.654            2.2            3.8
    2453400.642            8.9            7.5
    2453550.983            8.1            4.4
    2453578.964            5.7            4.6
    2453613.923            4.5            4.2
    2453654.771            7.2            4.1
    2453701.724            1.8            4.6
    2453740.745            3.8            4.7
    2453911.993           -0.0            3.6
    2453917.013            6.8            3.9
    2453934.974            6.4            3.9
    2453968.925            8.3            3.2
    2453981.851            1.8            3.8
    2453985.899            7.7            4.0
    2454055.755            6.7            3.9
    2454297.975            3.8            4.1
    2454300.974            4.3            4.0
    2454314.939            2.0            3.6
    2454318.981            2.8            4.2
    2454344.859            6.5            4.3
    2454348.917            4.1            4.0
    2454391.887            2.9            5.4
    2454394.775            8.5            4.2
    2454418.777            2.8            4.5
    2454420.763            5.9            4.2
    2454440.653            4.5            3.4
    2454443.651           -0.4            3.6
    2454481.638            3.8            3.9
    2454503.651            1.8            4.3
    2454645.984            3.5            4.5
    2454646.968            7.1            4.2
    2454668.009            1.4            3.7
    2454681.904            6.4            3.8
     2454683.97            4.9            3.8
    2454711.893            1.3            4.1
    2454713.873            2.4            4.2
    2454715.882            6.7            4.6
    2454716.875            6.2            4.1
    2454753.885            3.4            3.6
     2454755.85            0.9            3.8
    2454777.733            9.4            4.1
    2454806.796            6.2            5.5
     2454808.77            3.1            4.3
    2454809.763            3.7            6.1
    2455026.973            3.3            5.7
    2455063.965            4.1            5.0
    2455099.996            8.5            4.9
    2455116.856           11.4            6.8
    2455154.739            8.4            7.6
    2455174.788            5.7            5.8
    2455364.972            3.2            5.0
    2455419.012            2.8            4.7
    2455446.847            3.3            3.6
    2455446.856            2.8            3.1
    2455463.833            5.9            5.2
    2455466.842            4.9            4.8
    2455569.653            7.0            4.1
    2455571.713            5.0            4.6
    2455572.671            5.3            4.8
    2455621.621            5.4            4.6
    2455757.974            4.7            5.0
    2455803.919            5.6            4.3
    2455806.936            3.5            4.3
    2455828.781            3.4            4.2
    2455831.849            5.6            5.1
    2455861.842            1.9            4.2
    2455864.796            4.4            4.4
    2455892.745            8.5            4.9
