    2451745.994           -1.2            4.3
    2451778.895            9.7            3.7
    2451808.867            8.7            3.6
    2451853.766            2.3            4.1
    2451856.801            3.0            4.6
    2451898.637            4.5            8.0
    2451932.609            8.8            3.9
    2452163.861            8.4            4.9
    2452175.851            3.6            4.0
    2452307.598           -1.5            4.5
    2452465.989            3.6            5.3
    2452483.985            8.8            5.0
    2452494.987            8.1            5.0
    2452517.936           -3.1            5.2
     2452528.91            1.5            5.2
     2452530.91           -1.8            4.5
    2452541.904            1.3            4.5
    2452543.883            1.4            5.0
    2452559.914            3.3            6.4
    2452561.795            5.7            8.4
    2452571.791            0.1            5.0
     2452589.81            5.2            5.7
    2452603.782            5.4            4.9
    2452605.724            9.8            4.8
    2452616.772            4.4            5.9
    2452665.604            3.4            4.2
    2452668.611           -0.0            5.3
    2452837.972           -0.1            5.4
    2452861.963           -3.8            4.1
    2452863.985            1.2            5.2
    2452879.918            5.6            4.2
    2452880.947            8.5            5.0
    2452898.911            5.7            4.7
    2452900.928            4.9            4.8
    2452932.839            1.4            4.3
    2452934.804            7.6            4.6
    2452963.753            5.7            5.2
    2452965.809           10.8            5.4
     2453022.63            7.7            5.6
     2453208.01           -3.8            3.8
    2453209.978            3.3            3.7
    2453214.961            5.4            4.2
    2453231.961            1.3            4.0
    2453233.909            2.0            3.9
     2453235.96           -0.9            4.2
    2453265.899            4.0            3.8
    2453268.919            8.9            4.0
     2453269.81            7.1            3.5
    2453286.828           -1.3            3.8
    2453324.713            9.3            5.5
    2453354.654            2.2            3.8
    2453400.642            6.4            7.5
    2453550.983            1.5            4.4
    2453578.964           -2.4            4.6
    2453613.923            9.5            4.2
    2453654.771            9.8            4.1
    2453701.724           -0.7            4.6
    2453740.745            3.1            4.7
    2453911.993           -3.1            3.6
    2453917.013           10.4            3.9
    2453934.974            6.4            3.9
    2453968.925            2.3            3.2
    2453981.851            1.4            3.8
    2453985.899           11.2            4.0
    2454055.755            6.6            3.9
    2454297.975            1.1            4.1
    2454300.974            3.4            4.0
    2454314.939            4.9            3.6
    2454318.981           10.3            4.2
    2454344.859           10.9            4.3
    2454348.917            4.7            4.0
    2454391.887           -1.4            5.4
    2454394.775           -3.3            4.2
    2454418.777           -2.3            4.5
    2454420.763            0.4            4.2
    2454440.653            9.4            3.4
    2454443.651            7.9            3.6
    2454481.638           10.4            3.9
    2454503.651            1.1            4.3
    2454645.984            2.1            4.5
    2454646.968            2.4            4.2
    2454668.009            0.8            3.7
    2454681.904            3.9            3.8
     2454683.97           -1.0            3.8
    2454711.893           -1.3            4.1
    2454713.873            3.0            4.2
    2454715.882           10.3            4.6
    2454716.875           10.1            4.1
    2454753.885            6.1            3.6
     2454755.85            6.2            3.8
    2454777.733            2.7            4.1
    2454806.796            1.6            5.5
     2454808.77            8.3            4.3
    2454809.763            8.2            6.1
    2455026.973            1.4            5.7
    2455063.965            4.7            5.0
    2455099.996           12.6            4.9
    2455116.856           11.9            6.8
    2455154.739           11.7            7.6
    2455174.788            2.7            5.8
    2455364.972            9.3            5.0
    2455419.012            9.8            4.7
    2455446.847           10.5            3.6
    2455446.856           10.2            3.1
    2455463.833           10.0            5.2
    2455466.842            0.3            4.8
    2455569.653           12.1            4.1
    2455571.713            7.3            4.6
    2455572.671            9.5            4.8
    2455621.621            4.9            4.6
    2455757.974           -0.5            5.0
    2455803.919            9.3            4.3
    2455806.936            8.0            4.3
    2455828.781           -0.2            4.2
    2455831.849            9.3            5.1
    2455861.842           10.8            4.2
    2455864.796            3.8            4.4
    2455892.745            4.4            4.9
