    2451745.994          -17.2            4.3
    2451778.895           34.5            3.7
    2451808.867          -10.5            3.6
    2451853.766          -33.2            4.1
    2451856.801            8.1            4.6
    2451898.637           29.3            8.0
    2451932.609           16.5            3.9
    2452163.861          -42.5            4.9
    2452175.851          -42.5            4.0
    2452307.598           11.4            4.5
    2452465.989           21.5            5.3
    2452483.985          -40.9            5.0
    2452494.987            3.2            5.0
    2452517.936          -22.5            5.2
     2452528.91          -16.3            5.2
     2452530.91           -1.4            4.5
    2452541.904          -46.5            4.5
    2452543.883          -17.5            5.0
    2452559.914           18.9            6.4
    2452561.795           47.5            8.4
    2452571.791           24.6            5.0
     2452589.81          -46.7            5.7
    2452603.782           -2.9            4.9
    2452605.724           22.4            4.8
    2452616.772           38.1            5.9
    2452665.604           31.2            4.2
    2452668.611           23.6            5.3
    2452837.972           -7.1            5.4
    2452861.963          -32.1            4.1
    2452863.985          -34.1            5.2
    2452879.918            2.5            4.2
    2452880.947           26.0            5.0
    2452898.911          -27.8            4.7
    2452900.928            3.9            4.8
    2452932.839           -1.0            4.3
    2452934.804          -13.3            4.6
    2452963.753           41.3            5.2
    2452965.809            0.9            5.4
     2453022.63           29.2            5.6
     2453208.01          -30.9            3.8
    2453209.978          -49.8            3.7
    2453214.961           36.2            4.2
    2453231.961          -30.7            4.0
    2453233.909          -24.2            3.9
     2453235.96           10.3            4.2
    2453265.899          -30.3            3.8
    2453268.919           18.3            4.0
     2453269.81          -12.0            3.5
    2453286.828           47.1            3.8
    2453324.713          -17.1            5.5
    2453354.654           37.2            3.8
    2453400.642           25.9            7.5
    2453550.983           -9.4            4.4
    2453578.964            1.3            4.6
    2453613.923          -18.8            4.2
    2453654.771           18.3            4.1
    2453701.724           24.7            4.6
    2453740.745          -18.9            4.7
    2453911.993          -26.8            3.6
    2453917.013           13.0            3.9
    2453934.974          -18.5            3.9
    2453968.925           -2.1            3.2
    2453981.851          -21.8            3.8
    2453985.899           39.8            4.0
    2454055.755           15.9            3.9
    2454297.975           19.9            4.1
    2454300.974          -23.6            4.0
    2454314.939            7.4            3.6
    2454318.981           31.3            4.2
    2454344.859           23.8            4.3
    2454348.917          -37.3            4.0
    2454391.887          -26.5            5.4
    2454394.775           -4.4            4.2
    2454418.777           -5.9            4.5
    2454420.763            0.6            4.2
    2454440.653           -5.9            3.4
    2454443.651          -12.7            3.6
    2454481.638           11.4            3.9
    2454503.651            1.4            4.3
    2454645.984          -43.4            4.5
    2454646.968          -39.8            4.2
    2454668.009          -27.0            3.7
    2454681.904          -40.4            3.8
     2454683.97           -7.3            3.8
    2454711.893           34.8            4.1
    2454713.873          -26.3            4.2
    2454715.882          -29.2            4.6
    2454716.875          -11.0            4.1
    2454753.885            8.6            3.6
     2454755.85           30.7            3.8
    2454777.733            7.3            4.1
    2454806.796          -11.0            5.5
     2454808.77           -1.9            4.3
    2454809.763          -24.1            6.1
    2455026.973           -3.8            5.7
    2455063.965           20.7            5.0
    2455099.996           30.1            4.9
    2455116.856            1.2            6.8
    2455154.739          -19.3            7.6
    2455174.788           16.2            5.8
    2455364.972           48.4            5.0
    2455419.012           23.9            4.7
    2455446.847           46.8            3.6
    2455446.856           46.3            3.1
    2455463.833          -45.0            5.2
    2455466.842           17.5            4.8
    2455569.653          -19.0            4.1
    2455571.713          -14.8            4.6
    2455572.671           -2.0            4.8
    2455621.621           12.6            4.6
    2455757.974           18.0            5.0
    2455803.919            1.0            4.3
    2455806.936           -6.2            4.3
    2455828.781           21.2            4.2
    2455831.849          -28.0            5.1
    2455861.842           25.9            4.2
    2455864.796           -4.7            4.4
    2455892.745            5.9            4.9
