    2451745.994            4.3            4.3
    2451778.895           13.8            3.7
    2451808.867           12.3            3.6
    2451853.766           11.7            4.1
    2451856.801            9.8            4.6
    2451898.637            6.9            8.0
    2451932.609            8.5            3.9
    2452163.861            5.8            4.9
    2452175.851           -5.6            4.0
    2452307.598           -5.8            4.5
    2452465.989           21.4            5.3
    2452483.985           11.2            5.0
    2452494.987            2.4            5.0
    2452517.936            5.4            5.2
     2452528.91            1.0            5.2
     2452530.91           10.1            4.5
    2452541.904           15.8            4.5
    2452543.883           -1.6            5.0
    2452559.914            0.3            6.4
    2452561.795            7.4            8.4
    2452571.791           21.5            5.0
     2452589.81           12.8            5.7
    2452603.782            3.9            4.9
    2452605.724           14.1            4.8
    2452616.772            9.2            5.9
    2452665.604           -2.2            4.2
    2452668.611            0.1            5.3
    2452837.972            6.9            5.4
    2452861.963            6.9            4.1
    2452863.985            2.0            5.2
    2452879.918           -9.1            4.2
    2452880.947           -1.6            5.0
    2452898.911           16.3            4.7
    2452900.928            2.0            4.8
    2452932.839           17.2            4.3
    2452934.804           -1.0            4.6
    2452963.753            7.2            5.2
    2452965.809            3.8            5.4
     2453022.63           11.0            5.6
     2453208.01           -3.4            3.8
    2453209.978           -0.8            3.7
    2453214.961            1.5            4.2
    2453231.961           -3.9            4.0
    2453233.909           -0.8            3.9
     2453235.96            7.3            4.2
    2453265.899           -9.4            3.8
    2453268.919           -2.5            4.0
     2453269.81            7.2            3.5
    2453286.828            8.3            3.8
    2453324.713            9.2            5.5
    2453354.654           -9.1            3.8
    2453400.642           14.5            7.5
    2453550.983           -3.2            4.4
    2453578.964           -3.2            4.6
    2453613.923           15.1            4.2
    2453654.771            9.5            4.1
    2453701.724           -3.2            4.6
    2453740.745           -0.5            4.7
    2453911.993           -0.1            3.6
    2453917.013           10.0            3.9
    2453934.974            1.2            3.9
    2453968.925            4.6            3.2
    2453981.851           10.3            3.8
    2453985.899            6.4            4.0
    2454055.755            3.6            3.9
    2454297.975            1.9            4.1
    2454300.974            6.0            4.0
    2454314.939            0.3            3.6
    2454318.981            7.7            4.2
    2454344.859            3.1            4.3
    2454348.917            3.6            4.0
    2454391.887           14.6            5.4
    2454394.775            6.0            4.2
    2454418.777            8.1            4.5
    2454420.763            0.6            4.2
    2454440.653           -0.6            3.4
    2454443.651           -8.2            3.6
    2454481.638            6.1            3.9
    2454503.651            1.1            4.3
    2454645.984           14.9            4.5
    2454646.968            7.1            4.2
    2454668.009            1.6            3.7
    2454681.904          -12.1            3.8
     2454683.97            8.8            3.8
    2454711.893            7.6            4.1
    2454713.873           -1.0            4.2
    2454715.882           -0.1            4.6
    2454716.875            2.7            4.1
    2454753.885           -8.2            3.6
     2454755.85            2.4            3.8
    2454777.733            3.7            4.1
    2454806.796           13.9            5.5
     2454808.77            4.0            4.3
    2454809.763           10.0            6.1
    2455026.973            1.4            5.7
    2455063.965            3.2            5.0
    2455099.996            2.3            4.9
    2455116.856            6.4            6.8
    2455154.739           18.2            7.6
    2455174.788            5.5            5.8
    2455364.972           11.9            5.0
    2455419.012           -5.0            4.7
    2455446.847           18.6            3.6
    2455446.856           17.9            3.1
    2455463.833           16.5            5.2
    2455466.842           -1.2            4.8
    2455569.653           11.1            4.1
    2455571.713           -0.0            4.6
    2455572.671           -4.2            4.8
    2455621.621            6.6            4.6
    2455757.974            5.1            5.0
    2455803.919           -2.1            4.3
    2455806.936            9.1            4.3
    2455828.781            5.1            4.2
    2455831.849           10.7            5.1
    2455861.842           -7.3            4.2
    2455864.796           -0.7            4.4
    2455892.745            0.2            4.9
