    2451745.994            3.4            4.3
    2451778.895          -16.7            3.7
    2451808.867           10.8            3.6
    2451853.766           13.9            4.1
    2451856.801           -2.7            4.6
    2451898.637            2.2            8.0
    2451932.609          -16.0            3.9
    2452163.861           20.6            4.9
    2452175.851           18.0            4.0
    2452307.598            8.8            4.5
    2452465.989           -0.2            5.3
    2452483.985           17.2            5.0
    2452494.987           12.5            5.0
    2452517.936           16.0            5.2
     2452528.91            5.1            5.2
     2452530.91           15.4            4.5
    2452541.904           23.5            4.5
    2452543.883           28.7            5.0
    2452559.914          -12.5            6.4
    2452561.795          -11.4            8.4
    2452571.791          -14.3            5.0
     2452589.81           23.0            5.7
    2452603.782           11.3            4.9
    2452605.724           -1.4            4.8
    2452616.772            3.3            5.9
    2452665.604            3.3            4.2
    2452668.611           -5.2            5.3
    2452837.972           -1.3            5.4
    2452861.963           12.6            4.1
    2452863.985           23.5            5.2
    2452879.918           -1.5            4.2
    2452880.947          -12.9            5.0
    2452898.911           23.5            4.7
    2452900.928           17.5            4.8
    2452932.839           13.2            4.3
    2452934.804           26.4            4.6
    2452963.753           -8.4            5.2
    2452965.809           -5.2            5.4
     2453022.63          -10.2            5.6
     2453208.01           17.5            3.8
    2453209.978           19.3            3.7
    2453214.961           -4.8            4.2
    2453231.961           21.7            4.0
    2453233.909           19.4            3.9
     2453235.96           -3.9            4.2
    2453265.899            9.2            3.8
    2453268.919           18.1            4.0
     2453269.81           14.7            3.5
    2453286.828           -5.2            3.8
    2453324.713            8.2            5.5
    2453354.654           -6.4            3.8
    2453400.642            2.2            7.5
    2453550.983           -1.9            4.4
    2453578.964           15.7            4.6
    2453613.923           16.3            4.2
    2453654.771           -7.1            4.1
    2453701.724          -11.5            4.6
    2453740.745           24.1            4.7
    2453911.993           12.1            3.6
    2453917.013          -14.4            3.9
    2453934.974           21.7            3.9
    2453968.925           17.8            3.2
    2453981.851           21.0            3.8
    2453985.899          -14.4            4.0
    2454055.755           -1.7            3.9
    2454297.975           -5.4            4.1
    2454300.974           19.9            4.0
    2454314.939           17.3            3.6
    2454318.981           -8.5            4.2
    2454344.859          -10.1            4.3
    2454348.917           15.2            4.0
    2454391.887            7.6            5.4
    2454394.775           13.1            4.2
    2454418.777           20.6            4.5
    2454420.763           14.8            4.2
    2454440.653            2.4            3.4
    2454443.651           19.0            3.6
    2454481.638            3.5            3.9
    2454503.651            8.3            4.3
    2454645.984           14.5            4.5
    2454646.968           20.4            4.2
    2454668.009           17.4            3.7
    2454681.904           25.5            3.8
     2454683.97            9.4            3.8
    2454711.893          -14.5            4.1
    2454713.873            1.6            4.2
    2454715.882           20.6            4.6
    2454716.875           25.2            4.1
    2454753.885           14.0            3.6
     2454755.85           -3.2            3.8
    2454777.733           11.3            4.1
    2454806.796            2.4            5.5
     2454808.77           13.3            4.3
    2454809.763           21.6            6.1
    2455026.973           19.1            5.7
    2455063.965            0.1            5.0
    2455099.996          -12.0            4.9
    2455116.856            9.8            6.8
    2455154.739           24.0            7.6
    2455174.788            1.7            5.8
    2455364.972          -12.9            5.0
    2455419.012           14.8            4.7
    2455446.847           -8.7            3.6
    2455446.856           -9.6            3.1
    2455463.833           17.0            5.2
    2455466.842           21.2            4.8
    2455569.653           18.6            4.1
    2455571.713           10.4            4.6
    2455572.671            4.2            4.8
    2455621.621            0.2            4.6
    2455757.974          -15.7            5.0
    2455803.919          -19.2            4.3
    2455806.936           10.8            4.3
    2455828.781           -7.2            4.2
    2455831.849           17.9            5.1
    2455861.842          -13.3            4.2
    2455864.796           10.4            4.4
    2455892.745           22.5            4.9
