    2451745.994           22.4            4.3
    2451778.895           16.6            3.7
    2451808.867           17.9            3.6
    2451853.766           11.7            4.1
    2451856.801          -11.8            4.6
    2451898.637            2.3            8.0
    2451932.609           -8.9            3.9
    2452163.861           12.5            4.9
    2452175.851           13.0            4.0
    2452307.598            7.1            4.5
    2452465.989           -4.0            5.3
    2452483.985           -5.6            5.0
    2452494.987            3.0            5.0
    2452517.936           10.2            5.2
     2452528.91          -12.7            5.2
     2452530.91           14.9            4.5
    2452541.904          -13.4            4.5
    2452543.883           20.8            5.0
    2452559.914           -0.9            6.4
    2452561.795            4.8            8.4
    2452571.791           -4.5            5.0
     2452589.81           22.0            5.7
    2452603.782            6.7            4.9
    2452605.724            3.0            4.8
    2452616.772           -1.5            5.9
    2452665.604           19.5            4.2
    2452668.611           -2.6            5.3
    2452837.972           -1.5            5.4
    2452861.963           10.0            4.1
    2452863.985            2.3            5.2
    2452879.918          -12.3            4.2
    2452880.947           -3.0            5.0
    2452898.911           11.3            4.7
    2452900.928           -2.4            4.8
    2452932.839           19.2            4.3
    2452934.804           -1.2            4.6
    2452963.753          -13.6            5.2
    2452965.809           17.4            5.4
     2453022.63           -1.7            5.6
     2453208.01           22.7            3.8
    2453209.978           -2.8            3.7
    2453214.961            5.8            4.2
    2453231.961           -2.6            4.0
    2453233.909           11.8            3.9
     2453235.96           -1.6            4.2
    2453265.899           10.1            3.8
    2453268.919          -15.2            4.0
     2453269.81            0.6            3.5
    2453286.828            9.3            3.8
    2453324.713           22.6            5.5
    2453354.654           18.0            3.8
    2453400.642           23.1            7.5
    2453550.983            3.2            4.4
    2453578.964           14.3            4.6
    2453613.923            8.0            4.2
    2453654.771           17.0            4.1
    2453701.724           15.9            4.6
    2453740.745            0.0            4.7
    2453911.993           -0.5            3.6
    2453917.013            9.2            3.9
    2453934.974           11.5            3.9
    2453968.925           18.0            3.2
    2453981.851            6.0            3.8
    2453985.899            3.0            4.0
    2454055.755            7.0            3.9
    2454297.975            8.4            4.1
    2454300.974           -0.2            4.0
    2454314.939           20.9            3.6
    2454318.981           12.3            4.2
    2454344.859           10.0            4.3
    2454348.917            9.6            4.0
    2454391.887            8.7            5.4
    2454394.775           10.1            4.2
    2454418.777           -0.2            4.5
    2454420.763            0.8            4.2
    2454440.653           12.5            3.4
    2454443.651            2.8            3.6
    2454481.638            6.8            3.9
    2454503.651           12.5            4.3
    2454645.984            4.5            4.5
    2454646.968           -2.1            4.2
    2454668.009          -10.9            3.7
    2454681.904            9.9            3.8
     2454683.97            5.1            3.8
    2454711.893           17.9            4.1
    2454713.873          -15.4            4.2
    2454715.882           17.3            4.6
    2454716.875           13.0            4.1
    2454753.885           15.1            3.6
     2454755.85           -3.5            3.8
    2454777.733           -3.0            4.1
    2454806.796           -0.1            5.5
     2454808.77           12.7            4.3
    2454809.763           -2.1            6.1
    2455026.973          -12.8            5.7
    2455063.965            2.2            5.0
    2455099.996           11.3            4.9
    2455116.856           11.8            6.8
    2455154.739           11.6            7.6
    2455174.788           -8.6            5.8
    2455364.972          -13.5            5.0
    2455419.012           14.8            4.7
    2455446.847           17.5            3.6
    2455446.856           16.8            3.1
    2455463.833           21.7            5.2
    2455466.842           -2.9            4.8
    2455569.653            1.6            4.1
    2455571.713           -2.7            4.6
    2455572.671           20.9            4.8
    2455621.621          -14.6            4.6
    2455757.974           -3.7            5.0
    2455803.919           -1.4            4.3
    2455806.936            9.3            4.3
    2455828.781            0.9            4.2
    2455831.849           12.7            5.1
    2455861.842           15.8            4.2
    2455864.796           11.7            4.4
    2455892.745           -1.5            4.9
