    2451745.994            3.5            4.3
    2451778.895            5.7            3.7
    2451808.867           11.9            3.6
    2451853.766           10.2            4.1
    2451856.801           12.8            4.6
    2451898.637           10.5            8.0
    2451932.609           10.8            3.9
    2452163.861           -1.1            4.9
    2452175.851           -3.3            4.0
    2452307.598           -2.3            4.5
    2452465.989            8.5            5.3
    2452483.985            9.3            5.0
    2452494.987            4.6            5.0
    2452517.936            5.8            5.2
     2452528.91            7.5            5.2
     2452530.91           14.0            4.5
    2452541.904            4.9            4.5
    2452543.883           -0.9            5.0
    2452559.914            4.9            6.4
    2452561.795           15.7            8.4
    2452571.791           -2.9            5.0
     2452589.81            7.8            5.7
    2452603.782            4.4            4.9
    2452605.724           -2.6            4.8
    2452616.772           -1.0            5.9
    2452665.604            6.0            4.2
    2452668.611           10.1            5.3
    2452837.972            1.6            5.4
    2452861.963            9.3            4.1
    2452863.985            3.6            5.2
    2452879.918            8.7            4.2
    2452880.947           -0.0            5.0
    2452898.911            9.0            4.7
    2452900.928           -1.0            4.8
    2452932.839            5.1            4.3
    2452934.804           -1.1            4.6
    2452963.753            7.0            5.2
    2452965.809            0.6            5.4
     2453022.63           10.8            5.6
     2453208.01           10.8            3.8
    2453209.978            1.3            3.7
    2453214.961           -4.1            4.2
    2453231.961           -3.4            4.0
    2453233.909            6.3            3.9
     2453235.96            9.1            4.2
    2453265.899           -3.8            3.8
    2453268.919            1.9            4.0
     2453269.81           11.5            3.5
    2453286.828           13.5            3.8
    2453324.713           -1.3            5.5
    2453354.654            5.8            3.8
    2453400.642            1.4            7.5
    2453550.983           11.1            4.4
    2453578.964            5.2            4.6
    2453613.923            2.5            4.2
    2453654.771            7.1            4.1
    2453701.724           -0.8            4.6
    2453740.745            2.4            4.7
    2453911.993           -2.6            3.6
    2453917.013            6.7            3.9
    2453934.974            1.9            3.9
    2453968.925           -1.4            3.2
    2453981.851            4.3            3.8
    2453985.899            1.5            4.0
    2454055.755            1.3            3.9
    2454297.975            4.1            4.1
    2454300.974            4.3            4.0
    2454314.939            4.9            3.6
    2454318.981            1.8            4.2
    2454344.859           -2.5            4.3
    2454348.917            5.9            4.0
    2454391.887            5.1            5.4
    2454394.775            0.7            4.2
    2454418.777            9.3            4.5
    2454420.763            0.7            4.2
    2454440.653           -4.1            3.4
    2454443.651           -2.4            3.6
    2454481.638            9.4            3.9
    2454503.651            8.0            4.3
    2454645.984           -1.2            4.5
    2454646.968            6.8            4.2
    2454668.009           -0.6            3.7
    2454681.904           -0.3            3.8
     2454683.97           10.2            3.8
    2454711.893            4.8            4.1
    2454713.873            5.5            4.2
    2454715.882            1.1            4.6
    2454716.875           10.7            4.1
    2454753.885            6.1            3.6
     2454755.85           -1.0            3.8
    2454777.733            1.9            4.1
    2454806.796            6.7            5.5
     2454808.77           -0.2            4.3
    2454809.763           12.6            6.1
    2455026.973            4.9            5.7
    2455063.965            5.5            5.0
    2455099.996            4.5            4.9
    2455116.856            5.5            6.8
    2455154.739            8.8            7.6
    2455174.788           10.6            5.8
    2455364.972           -0.4            5.0
    2455419.012            1.1            4.7
    2455446.847           -1.9            3.6
    2455446.856           -2.3            3.1
    2455463.833           -1.4            5.2
    2455466.842            2.8            4.8
    2455569.653            2.1            4.1
    2455571.713            8.1            4.6
    2455572.671           -2.1            4.8
    2455621.621            5.4            4.6
    2455757.974            3.1            5.0
    2455803.919            6.8            4.3
    2455806.936            5.7            4.3
    2455828.781           -2.6            4.2
    2455831.849            4.0            5.1
    2455861.842            3.7            4.2
    2455864.796            4.9            4.4
    2455892.745            2.0            4.9
