    2451745.994            0.5            4.3
    2451778.895            0.9            3.7
    2451808.867            7.3            3.6
    2451853.766            4.4            4.1
    2451856.801            1.8            4.6
    2451898.637            8.4            8.0
    2451932.609            7.8            3.9
    2452163.861            9.0            4.9
    2452175.851           -0.7            4.0
    2452307.598            4.6            4.5
    2452465.989           -3.2            5.3
    2452483.985           16.1            5.0
    2452494.987            4.7            5.0
    2452517.936            5.6            5.2
     2452528.91           14.8            5.2
     2452530.91           15.9            4.5
    2452541.904            4.0            4.5
    2452543.883           15.4            5.0
    2452559.914            4.2            6.4
    2452561.795           -1.6            8.4
    2452571.791           -3.2            5.0
     2452589.81            7.8            5.7
    2452603.782           12.5            4.9
    2452605.724           14.8            4.8
    2452616.772            4.3            5.9
    2452665.604            8.7            4.2
    2452668.611           -1.2            5.3
    2452837.972           14.0            5.4
    2452861.963           -4.6            4.1
    2452863.985           -4.9            5.2
    2452879.918           11.5            4.2
    2452880.947            9.6            5.0
    2452898.911            2.5            4.7
    2452900.928           -0.0            4.8
    2452932.839            5.3            4.3
    2452934.804            1.0            4.6
    2452963.753           12.9            5.2
    2452965.809            3.8            5.4
     2453022.63           19.3            5.6
     2453208.01            0.2            3.8
    2453209.978            7.0            3.7
    2453214.961           -0.3            4.2
    2453231.961           12.8            4.0
    2453233.909           17.6            3.9
     2453235.96            9.4            4.2
    2453265.899            5.4            3.8
    2453268.919           -1.0            4.0
     2453269.81           10.2            3.5
    2453286.828           11.6            3.8
    2453324.713            8.0            5.5
    2453354.654            1.3            3.8
    2453400.642           -1.2            7.5
    2453550.983            4.3            4.4
    2453578.964           11.8            4.6
    2453613.923            3.0            4.2
    2453654.771            0.1            4.1
    2453701.724           -2.9            4.6
    2453740.745           18.3            4.7
    2453911.993           -9.1            3.6
    2453917.013           -0.6            3.9
    2453934.974            0.0            3.9
    2453968.925           10.6            3.2
    2453981.851           10.5            3.8
    2453985.899            0.9            4.0
    2454055.755           13.9            3.9
    2454297.975           -0.2            4.1
    2454300.974            3.1            4.0
    2454314.939           -8.0            3.6
    2454318.981            3.7            4.2
    2454344.859           -8.7            4.3
    2454348.917            1.7            4.0
    2454391.887           11.0            5.4
    2454394.775           14.5            4.2
    2454418.777           -6.0            4.5
    2454420.763            1.8            4.2
    2454440.653           -3.8            3.4
    2454443.651            9.4            3.6
    2454481.638           13.6            3.9
    2454503.651           10.3            4.3
    2454645.984            6.9            4.5
    2454646.968           -2.6            4.2
    2454668.009           -3.3            3.7
    2454681.904            3.2            3.8
     2454683.97           11.4            3.8
    2454711.893            0.9            4.1
    2454713.873            7.9            4.2
    2454715.882           11.3            4.6
    2454716.875            3.3            4.1
    2454753.885            0.5            3.6
     2454755.85           -6.6            3.8
    2454777.733            4.6            4.1
    2454806.796           -4.3            5.5
     2454808.77           -2.7            4.3
    2454809.763           14.5            6.1
    2455026.973            6.0            5.7
    2455063.965           -2.9            5.0
    2455099.996            0.6            4.9
    2455116.856           11.6            6.8
    2455154.739           12.6            7.6
    2455174.788            0.5            5.8
    2455364.972           -5.3            5.0
    2455419.012           17.4            4.7
    2455446.847            8.4            3.6
    2455446.856            8.3            3.1
    2455463.833           20.3            5.2
    2455466.842           -5.5            4.8
    2455569.653           -2.4            4.1
    2455571.713           -7.3            4.6
    2455572.671            5.2            4.8
    2455621.621           11.0            4.6
    2455757.974           12.8            5.0
    2455803.919           -7.4            4.3
    2455806.936           15.9            4.3
    2455828.781            3.7            4.2
    2455831.849            9.1            5.1
    2455861.842            3.3            4.2
    2455864.796           -1.0            4.4
    2455892.745           -3.6            4.9
