    2451745.994            7.1            4.3
    2451778.895            2.8            3.7
    2451808.867            7.0            3.6
    2451853.766            7.3            4.1
    2451856.801            4.8            4.6
    2451898.637           13.1            8.0
    2451932.609           -1.5            3.9
    2452163.861            0.6            4.9
    2452175.851            2.0            4.0
    2452307.598           -0.1            4.5
    2452465.989            1.7            5.3
    2452483.985           -3.6            5.0
    2452494.987            6.8            5.0
    2452517.936           13.5            5.2
     2452528.91           -0.8            5.2
     2452530.91           -0.4            4.5
    2452541.904           -2.4            4.5
    2452543.883           -1.9            5.0
    2452559.914            9.9            6.4
    2452561.795            7.6            8.4
    2452571.791            7.1            5.0
     2452589.81            7.2            5.7
    2452603.782            9.4            4.9
    2452605.724            3.9            4.8
    2452616.772            8.9            5.9
    2452665.604            3.6            4.2
    2452668.611            4.9            5.3
    2452837.972            7.3            5.4
    2452861.963           -6.6            4.1
    2452863.985           -3.6            5.2
    2452879.918            8.3            4.2
    2452880.947            6.6            5.0
    2452898.911            6.8            4.7
    2452900.928            0.3            4.8
    2452932.839            6.2            4.3
    2452934.804            9.4            4.6
    2452963.753            2.3            5.2
    2452965.809            4.3            5.4
     2453022.63            4.2            5.6
     2453208.01            6.2            3.8
    2453209.978            9.9            3.7
    2453214.961            3.5            4.2
    2453231.961            1.2            4.0
    2453233.909           -3.4            3.9
     2453235.96           -1.3            4.2
    2453265.899            9.3            3.8
    2453268.919           14.5            4.0
     2453269.81           12.5            3.5
    2453286.828            1.8            3.8
    2453324.713            5.3            5.5
    2453354.654            4.8            3.8
    2453400.642            9.0            7.5
    2453550.983           10.3            4.4
    2453578.964            1.8            4.6
    2453613.923           -1.3            4.2
    2453654.771           -3.1            4.1
    2453701.724            4.0            4.6
    2453740.745            2.8            4.7
    2453911.993           -0.3            3.6
    2453917.013            6.6            3.9
    2453934.974            4.0            3.9
    2453968.925           -1.3            3.2
    2453981.851           -0.7            3.8
    2453985.899            1.7            4.0
    2454055.755            6.6            3.9
    2454297.975           11.7            4.1
    2454300.974            9.0            4.0
    2454314.939            2.6            3.6
    2454318.981            9.5            4.2
    2454344.859            2.4            4.3
    2454348.917           -2.9            4.0
    2454391.887            7.1            5.4
    2454394.775           11.2            4.2
    2454418.777            3.1            4.5
    2454420.763            5.6            4.2
    2454440.653            7.2            3.4
    2454443.651           -0.4            3.6
    2454481.638            3.7            3.9
    2454503.651           -2.3            4.3
    2454645.984           -4.1            4.5
    2454646.968           -5.7            4.2
    2454668.009            4.2            3.7
    2454681.904            2.7            3.8
     2454683.97            2.5            3.8
    2454711.893            5.8            4.1
    2454713.873            8.8            4.2
    2454715.882            9.3            4.6
    2454716.875            5.7            4.1
    2454753.885           15.7            3.6
     2454755.85           12.2            3.8
    2454777.733            1.8            4.1
    2454806.796            4.5            5.5
     2454808.77            4.4            4.3
    2454809.763            9.2            6.1
    2455026.973            3.1            5.7
    2455063.965            0.8            5.0
    2455099.996           -1.7            4.9
    2455116.856            3.6            6.8
    2455154.739            1.8            7.6
    2455174.788            5.7            5.8
    2455364.972           12.1            5.0
    2455419.012            8.2            4.7
    2455446.847            7.2            3.6
    2455446.856            6.7            3.1
    2455463.833           10.2            5.2
    2455466.842            4.6            4.8
    2455569.653            1.3            4.1
    2455571.713            2.9            4.6
    2455572.671            3.6            4.8
    2455621.621           -2.3            4.6
    2455757.974            2.4            5.0
    2455803.919           10.2            4.3
    2455806.936            3.0            4.3
    2455828.781            7.3            4.2
    2455831.849            1.5            5.1
    2455861.842            5.3            4.2
    2455864.796            3.0            4.4
    2455892.745            6.1            4.9
