    2451745.994           -4.3            4.3
    2451778.895           -9.4            3.7
    2451808.867           13.0            3.6
    2451853.766            5.9            4.1
    2451856.801           21.6            4.6
    2451898.637           -2.0            8.0
    2451932.609           -4.3            3.9
    2452163.861           14.8            4.9
    2452175.851            7.3            4.0
    2452307.598            2.1            4.5
    2452465.989           24.1            5.3
    2452483.985           -6.3            5.0
    2452494.987            8.0            5.0
    2452517.936            0.5            5.2
     2452528.91           -1.4            5.2
     2452530.91            0.0            4.5
    2452541.904           -5.2            4.5
    2452543.883            6.1            5.0
    2452559.914           22.8            6.4
    2452561.795            8.4            8.4
    2452571.791           20.6            5.0
     2452589.81          -17.6            5.7
    2452603.782            7.8            4.9
    2452605.724            4.9            4.8
    2452616.772            3.2            5.9
    2452665.604            0.7            4.2
    2452668.611           13.8            5.3
    2452837.972           17.2            5.4
    2452861.963           10.6            4.1
    2452863.985            0.1            5.2
    2452879.918           10.8            4.2
    2452880.947           -4.2            5.0
    2452898.911           15.6            4.7
    2452900.928           -8.0            4.8
    2452932.839            7.2            4.3
    2452934.804           16.6            4.6
    2452963.753            9.0            5.2
    2452965.809            1.6            5.4
     2453022.63           -6.5            5.6
     2453208.01            9.7            3.8
    2453209.978           10.9            3.7
    2453214.961           13.7            4.2
    2453231.961            5.1            4.0
    2453233.909           10.4            3.9
     2453235.96          -11.2            4.2
    2453265.899            9.3            3.8
    2453268.919            4.3            4.0
     2453269.81           12.6            3.5
    2453286.828           11.3            3.8
    2453324.713           13.4            5.5
    2453354.654            4.0            3.8
    2453400.642           17.1            7.5
    2453550.983           -4.8            4.4
    2453578.964            0.3            4.6
    2453613.923           13.1            4.2
    2453654.771            5.8            4.1
    2453701.724           -6.6            4.6
    2453740.745            1.9            4.7
    2453911.993            6.1            3.6
    2453917.013            1.0            3.9
    2453934.974           10.3            3.9
    2453968.925            2.8            3.2
    2453981.851           11.4            3.8
    2453985.899           18.9            4.0
    2454055.755           13.3            3.9
    2454297.975           -6.7            4.1
    2454300.974           14.4            4.0
    2454314.939           -6.1            3.6
    2454318.981            4.1            4.2
    2454344.859           14.3            4.3
    2454348.917           15.4            4.0
    2454391.887           -7.2            5.4
    2454394.775           -8.9            4.2
    2454418.777            3.0            4.5
    2454420.763           -9.4            4.2
    2454440.653            1.8            3.4
    2454443.651           -6.2            3.6
    2454481.638           -3.4            3.9
    2454503.651           -5.0            4.3
    2454645.984          -21.5            4.5
    2454646.968           -3.4            4.2
    2454668.009            1.2            3.7
    2454681.904            2.5            3.8
     2454683.97           14.0            3.8
    2454711.893           10.6            4.1
    2454713.873            3.0            4.2
    2454715.882           -6.1            4.6
    2454716.875           10.9            4.1
    2454753.885            4.0            3.6
     2454755.85          -11.5            3.8
    2454777.733           -5.6            4.1
    2454806.796           14.1            5.5
     2454808.77           13.3            4.3
    2454809.763           14.1            6.1
    2455026.973           -6.2            5.7
    2455063.965           -5.4            5.0
    2455099.996            3.5            4.9
    2455116.856            8.6            6.8
    2455154.739           13.1            7.6
    2455174.788            1.6            5.8
    2455364.972           -6.8            5.0
    2455419.012           -1.1            4.7
    2455446.847          -12.2            3.6
    2455446.856          -12.8            3.1
    2455463.833           28.0            5.2
    2455466.842            1.8            4.8
    2455569.653           14.7            4.1
    2455571.713            7.1            4.6
    2455572.671           11.3            4.8
    2455621.621           17.4            4.6
    2455757.974           -7.5            5.0
    2455803.919            8.2            4.3
    2455806.936           -0.9            4.3
    2455828.781           -5.2            4.2
    2455831.849           14.1            5.1
    2455861.842            1.4            4.2
    2455864.796            2.2            4.4
    2455892.745           11.5            4.9
