    2451745.994           12.2            4.3
    2451778.895            4.3            3.7
    2451808.867           16.6            3.6
    2451853.766            0.3            4.1
    2451856.801           -1.6            4.6
    2451898.637            0.1            8.0
    2451932.609            4.5            3.9
    2452163.861            0.2            4.9
    2452175.851           -8.8            4.0
    2452307.598            5.4            4.5
    2452465.989            6.9            5.3
    2452483.985            9.4            5.0
    2452494.987            2.6            5.0
    2452517.936            1.1            5.2
     2452528.91            9.1            5.2
     2452530.91           15.8            4.5
    2452541.904           10.4            4.5
    2452543.883           -0.6            5.0
    2452559.914            0.9            6.4
    2452561.795            9.6            8.4
    2452571.791          -12.7            5.0
     2452589.81            2.5            5.7
    2452603.782           13.0            4.9
    2452605.724           16.5            4.8
    2452616.772           16.9            5.9
    2452665.604           10.9            4.2
    2452668.611           12.4            5.3
    2452837.972            5.3            5.4
    2452861.963            1.2            4.1
    2452863.985            4.2            5.2
    2452879.918            4.4            4.2
    2452880.947            8.3            5.0
    2452898.911           13.2            4.7
    2452900.928            4.6            4.8
    2452932.839           -7.1            4.3
    2452934.804           -1.2            4.6
    2452963.753            7.1            5.2
    2452965.809           -2.4            5.4
     2453022.63           17.5            5.6
     2453208.01           -2.4            3.8
    2453209.978           -5.4            3.7
    2453214.961          -12.4            4.2
    2453231.961           14.8            4.0
    2453233.909           -0.8            3.9
     2453235.96          -10.8            4.2
    2453265.899           -3.4            3.8
    2453268.919            4.5            4.0
     2453269.81           12.0            3.5
    2453286.828           -2.8            3.8
    2453324.713           -1.8            5.5
    2453354.654           -1.0            3.8
    2453400.642           12.6            7.5
    2453550.983           -1.4            4.4
    2453578.964           15.0            4.6
    2453613.923            3.5            4.2
    2453654.771           -1.7            4.1
    2453701.724           -2.5            4.6
    2453740.745           12.8            4.7
    2453911.993            3.1            3.6
    2453917.013           17.6            3.9
    2453934.974           -1.0            3.9
    2453968.925           12.7            3.2
    2453981.851            2.4            3.8
    2453985.899          -12.9            4.0
    2454055.755           -8.6            3.9
    2454297.975           -7.2            4.1
    2454300.974           -3.2            4.0
    2454314.939            1.2            3.6
    2454318.981           -0.9            4.2
    2454344.859           -7.8            4.3
    2454348.917            1.3            4.0
    2454391.887            5.0            5.4
    2454394.775           11.1            4.2
    2454418.777            6.9            4.5
    2454420.763            7.3            4.2
    2454440.653           -6.1            3.4
    2454443.651            1.5            3.6
    2454481.638            3.2            3.9
    2454503.651           -8.6            4.3
    2454645.984            8.3            4.5
    2454646.968           10.9            4.2
    2454668.009           10.4            3.7
    2454681.904           15.8            3.8
     2454683.97           14.4            3.8
    2454711.893           10.5            4.1
    2454713.873            8.6            4.2
    2454715.882            5.0            4.6
    2454716.875            9.1            4.1
    2454753.885           17.4            3.6
     2454755.85           12.0            3.8
    2454777.733            2.5            4.1
    2454806.796            3.7            5.5
     2454808.77           -2.0            4.3
    2454809.763           17.3            6.1
    2455026.973           -2.2            5.7
    2455063.965            8.4            5.0
    2455099.996           -0.5            4.9
    2455116.856           14.7            6.8
    2455154.739           19.7            7.6
    2455174.788            0.9            5.8
    2455364.972           -0.3            5.0
    2455419.012           -3.8            4.7
    2455446.847           -9.6            3.6
    2455446.856          -10.1            3.1
    2455463.833           -0.9            5.2
    2455466.842           12.3            4.8
    2455569.653            0.1            4.1
    2455571.713            9.5            4.6
    2455572.671           -7.7            4.8
    2455621.621            1.7            4.6
    2455757.974           13.4            5.0
    2455803.919            5.0            4.3
    2455806.936           14.0            4.3
    2455828.781            3.2            4.2
    2455831.849            1.0            5.1
    2455861.842           -9.5            4.2
    2455864.796           10.2            4.4
    2455892.745           14.4            4.9
