    2451745.994          -18.6            4.3
    2451778.895           11.8            3.7
    2451808.867            3.4            3.6
    2451853.766           -8.7            4.1
    2451856.801           -7.2            4.6
    2451898.637           19.8            8.0
    2451932.609            3.5            3.9
    2452163.861            0.8            4.9
    2452175.851          -26.7            4.0
    2452307.598           -7.4            4.5
    2452465.989            1.4            5.3
    2452483.985            1.4            5.0
    2452494.987           12.3            5.0
    2452517.936           -8.9            5.2
     2452528.91           -6.3            5.2
     2452530.91           27.3            4.5
    2452541.904           15.1            4.5
    2452543.883            7.3            5.0
    2452559.914            8.1            6.4
    2452561.795           15.7            8.4
    2452571.791            4.0            5.0
     2452589.81           22.6            5.7
    2452603.782            4.4            4.9
    2452605.724            6.9            4.8
    2452616.772           31.8            5.9
    2452665.604           -2.1            4.2
    2452668.611            7.8            5.3
    2452837.972            2.0            5.4
    2452861.963            2.2            4.1
    2452863.985           23.7            5.2
    2452879.918           27.1            4.2
    2452880.947           -9.0            5.0
    2452898.911            3.1            4.7
    2452900.928          -13.6            4.8
    2452932.839          -19.9            4.3
    2452934.804           -1.8            4.6
    2452963.753            3.1            5.2
    2452965.809           23.6            5.4
     2453022.63           -1.7            5.6
     2453208.01           -8.7            3.8
    2453209.978           11.6            3.7
    2453214.961            5.2            4.2
    2453231.961          -11.0            4.0
    2453233.909           -5.5            3.9
     2453235.96            2.9            4.2
    2453265.899          -22.8            3.8
    2453268.919           11.7            4.0
     2453269.81           -0.6            3.5
    2453286.828            2.2            3.8
    2453324.713          -18.0            5.5
    2453354.654           19.1            3.8
    2453400.642           28.2            7.5
    2453550.983           25.9            4.4
    2453578.964            1.1            4.6
    2453613.923           22.6            4.2
    2453654.771            3.6            4.1
    2453701.724           22.2            4.6
    2453740.745           19.3            4.7
    2453911.993           -0.9            3.6
    2453917.013            7.8            3.9
    2453934.974            3.8            3.9
    2453968.925           -2.1            3.2
    2453981.851            5.2            3.8
    2453985.899           10.6            4.0
    2454055.755           19.8            3.9
    2454297.975            2.2            4.1
    2454300.974           18.2            4.0
    2454314.939            3.7            3.6
    2454318.981           11.5            4.2
    2454344.859          -18.2            4.3
    2454348.917          -13.5            4.0
    2454391.887          -16.4            5.4
    2454394.775            5.6            4.2
    2454418.777          -12.8            4.5
    2454420.763           14.0            4.2
    2454440.653           17.1            3.4
    2454443.651           -0.8            3.6
    2454481.638           -6.2            3.9
    2454503.651           11.8            4.3
    2454645.984           -4.2            4.5
    2454646.968           11.2            4.2
    2454668.009           18.6            3.7
    2454681.904          -11.9            3.8
     2454683.97            4.1            3.8
    2454711.893            3.4            4.1
    2454713.873          -13.7            4.2
    2454715.882           -5.0            4.6
    2454716.875           -2.9            4.1
    2454753.885           22.9            3.6
     2454755.85            0.5            3.8
    2454777.733           25.5            4.1
    2454806.796          -15.3            5.5
     2454808.77           -5.1            4.3
    2454809.763           15.0            6.1
    2455026.973           -0.3            5.7
    2455063.965           20.5            5.0
    2455099.996           23.3            4.9
    2455116.856          -13.8            6.8
    2455154.739            2.5            7.6
    2455174.788            7.6            5.8
    2455364.972           -1.8            5.0
    2455419.012           -3.6            4.7
    2455446.847            1.8            3.6
    2455446.856            1.4            3.1
    2455463.833            6.0            5.2
    2455466.842            5.1            4.8
    2455569.653            4.9            4.1
    2455571.713           -9.8            4.6
    2455572.671            8.4            4.8
    2455621.621          -11.1            4.6
    2455757.974            8.7            5.0
    2455803.919          -13.5            4.3
    2455806.936            2.8            4.3
    2455828.781           12.6            4.2
    2455831.849           17.1            5.1
    2455861.842            3.5            4.2
    2455864.796           -9.0            4.4
    2455892.745            2.8            4.9
