    2451745.994            0.3            4.3
    2451778.895            3.6            3.7
    2451808.867           17.0            3.6
    2451853.766            4.0            4.1
    2451856.801           -0.2            4.6
    2451898.637            1.7            8.0
    2451932.609           15.3            3.9
    2452163.861            3.7            4.9
    2452175.851           -5.7            4.0
    2452307.598            0.9            4.5
    2452465.989           -1.1            5.3
    2452483.985           10.6            5.0
    2452494.987            9.9            5.0
    2452517.936            6.9            5.2
     2452528.91           10.2            5.2
     2452530.91            3.7            4.5
    2452541.904           15.8            4.5
    2452543.883            2.0            5.0
    2452559.914            1.3            6.4
    2452561.795           -1.2            8.4
    2452571.791            3.3            5.0
     2452589.81           -1.0            5.7
    2452603.782           -0.5            4.9
    2452605.724            9.2            4.8
    2452616.772           -2.3            5.9
    2452665.604           15.8            4.2
    2452668.611           -0.1            5.3
    2452837.972           -3.3            5.4
    2452861.963            5.0            4.1
    2452863.985           -6.4            5.2
    2452879.918           -8.2            4.2
    2452880.947           -4.8            5.0
    2452898.911            9.0            4.7
    2452900.928            8.5            4.8
    2452932.839            4.1            4.3
    2452934.804           -1.2            4.6
    2452963.753           -1.9            5.2
    2452965.809            9.7            5.4
     2453022.63           10.9            5.6
     2453208.01           -3.3            3.8
    2453209.978            0.5            3.7
    2453214.961           18.3            4.2
    2453231.961           10.3            4.0
    2453233.909            9.3            3.9
     2453235.96           -3.8            4.2
    2453265.899           -4.4            3.8
    2453268.919           12.8            4.0
     2453269.81            6.1            3.5
    2453286.828            8.7            3.8
    2453324.713           13.8            5.5
    2453354.654           12.7            3.8
    2453400.642           -9.5            7.5
    2453550.983            7.1            4.4
    2453578.964           -4.7            4.6
    2453613.923            9.0            4.2
    2453654.771            5.0            4.1
    2453701.724            2.8            4.6
    2453740.745           10.0            4.7
    2453911.993            1.0            3.6
    2453917.013            7.6            3.9
    2453934.974           12.5            3.9
    2453968.925          -10.6            3.2
    2453981.851           -7.0            3.8
    2453985.899            7.7            4.0
    2454055.755           17.5            3.9
    2454297.975            0.2            4.1
    2454300.974           -7.5            4.0
    2454314.939            5.4            3.6
    2454318.981           14.0            4.2
    2454344.859            6.7            4.3
    2454348.917            6.6            4.0
    2454391.887           -1.9            5.4
    2454394.775           -8.4            4.2
    2454418.777            2.5            4.5
    2454420.763            5.0            4.2
    2454440.653            7.0            3.4
    2454443.651           14.9            3.6
    2454481.638            9.6            3.9
    2454503.651           -1.9            4.3
    2454645.984            2.0            4.5
    2454646.968            1.5            4.2
    2454668.009            0.6            3.7
    2454681.904            4.9            3.8
     2454683.97           -9.3            3.8
    2454711.893           -3.0            4.1
    2454713.873           -5.8            4.2
    2454715.882            9.1            4.6
    2454716.875           12.7            4.1
    2454753.885           -1.1            3.6
     2454755.85            2.5            3.8
    2454777.733            3.2            4.1
    2454806.796           -9.9            5.5
     2454808.77          -10.9            4.3
    2454809.763            1.2            6.1
    2455026.973            2.9            5.7
    2455063.965           12.6            5.0
    2455099.996           12.1            4.9
    2455116.856           10.0            6.8
    2455154.739            3.5            7.6
    2455174.788            3.1            5.8
    2455364.972            4.5            5.0
    2455419.012           10.3            4.7
    2455446.847            1.1            3.6
    2455446.856            1.1            3.1
    2455463.833           11.4            5.2
    2455466.842            4.9            4.8
    2455569.653            3.3            4.1
    2455571.713           11.1            4.6
    2455572.671           15.5            4.8
    2455621.621           -2.1            4.6
    2455757.974            8.3            5.0
    2455803.919            5.4            4.3
    2455806.936            7.6            4.3
    2455828.781            2.7            4.2
    2455831.849            1.5            5.1
    2455861.842           12.7            4.2
    2455864.796            9.8            4.4
    2455892.745           11.4            4.9
