    2451745.994            2.0            4.3
    2451778.895           -9.2            3.7
    2451808.867           -6.1            3.6
    2451853.766            7.1            4.1
    2451856.801            7.3            4.6
    2451898.637           21.3            8.0
    2451932.609           12.5            3.9
    2452163.861            5.3            4.9
    2452175.851            5.5            4.0
    2452307.598            3.9            4.5
    2452465.989            3.9            5.3
    2452483.985            2.8            5.0
    2452494.987            2.7            5.0
    2452517.936            8.6            5.2
     2452528.91            8.5            5.2
     2452530.91           -0.5            4.5
    2452541.904           10.2            4.5
    2452543.883           -5.5            5.0
    2452559.914            3.0            6.4
    2452561.795            7.1            8.4
    2452571.791            5.2            5.0
     2452589.81           -3.9            5.7
    2452603.782            1.7            4.9
    2452605.724            0.2            4.8
    2452616.772           14.4            5.9
    2452665.604           -3.1            4.2
    2452668.611           -2.6            5.3
    2452837.972            9.5            5.4
    2452861.963            2.9            4.1
    2452863.985           13.6            5.2
    2452879.918           17.3            4.2
    2452880.947           14.8            5.0
    2452898.911            3.7            4.7
    2452900.928            9.1            4.8
    2452932.839           -7.9            4.3
    2452934.804            1.9            4.6
    2452963.753            7.4            5.2
    2452965.809           -2.9            5.4
     2453022.63           10.5            5.6
     2453208.01           -1.8            3.8
    2453209.978            8.7            3.7
    2453214.961            0.4            4.2
    2453231.961            2.6            4.0
    2453233.909            1.9            3.9
     2453235.96           12.1            4.2
    2453265.899            2.5            3.8
    2453268.919           13.4            4.0
     2453269.81            4.9            3.5
    2453286.828            4.3            3.8
    2453324.713           -0.6            5.5
    2453354.654           -6.1            3.8
    2453400.642           -0.0            7.5
    2453550.983            1.3            4.4
    2453578.964            5.9            4.6
    2453613.923            7.3            4.2
    2453654.771           -6.8            4.1
    2453701.724            0.3            4.6
    2453740.745            7.5            4.7
    2453911.993            6.0            3.6
    2453917.013           -2.2            3.9
    2453934.974           -5.4            3.9
    2453968.925            1.4            3.2
    2453981.851            0.3            3.8
    2453985.899            4.5            4.0
    2454055.755           -2.1            3.9
    2454297.975            7.1            4.1
    2454300.974           15.2            4.0
    2454314.939            5.4            3.6
    2454318.981           -3.4            4.2
    2454344.859            6.3            4.3
    2454348.917           -3.4            4.0
    2454391.887           13.6            5.4
    2454394.775            3.0            4.2
    2454418.777            3.9            4.5
    2454420.763            3.7            4.2
    2454440.653           -1.1            3.4
    2454443.651            0.1            3.6
    2454481.638            7.6            3.9
    2454503.651            1.1            4.3
    2454645.984            6.3            4.5
    2454646.968            8.6            4.2
    2454668.009           10.1            3.7
    2454681.904           -4.4            3.8
     2454683.97            4.6            3.8
    2454711.893          -10.5            4.1
    2454713.873            2.5            4.2
    2454715.882           -2.3            4.6
    2454716.875            1.7            4.1
    2454753.885            2.3            3.6
     2454755.85           11.9            3.8
    2454777.733           -0.6            4.1
    2454806.796            5.2            5.5
     2454808.77           -5.4            4.3
    2454809.763            6.9            6.1
    2455026.973           10.0            5.7
    2455063.965            4.4            5.0
    2455099.996            4.6            4.9
    2455116.856            0.6            6.8
    2455154.739            3.1            7.6
    2455174.788           13.6            5.8
    2455364.972            9.0            5.0
    2455419.012            5.3            4.7
    2455446.847           -3.3            3.6
    2455446.856           -3.7            3.1
    2455463.833            3.9            5.2
    2455466.842           15.4            4.8
    2455569.653           -2.9            4.1
    2455571.713            5.8            4.6
    2455572.671           -3.1            4.8
    2455621.621           15.5            4.6
    2455757.974            1.4            5.0
    2455803.919            8.9            4.3
    2455806.936            4.7            4.3
    2455828.781           10.2            4.2
    2455831.849           -5.1            5.1
    2455861.842           -3.6            4.2
    2455864.796           -9.0            4.4
    2455892.745           10.9            4.9
