    2451745.994           11.2            4.3
    2451778.895           -3.2            3.7
    2451808.867           12.3            3.6
    2451853.766           13.8            4.1
    2451856.801           12.2            4.6
    2451898.637           17.1            8.0
    2451932.609            2.7            3.9
    2452163.861           -2.6            4.9
    2452175.851            8.8            4.0
    2452307.598            9.9            4.5
    2452465.989           -0.6            5.3
    2452483.985            0.2            5.0
    2452494.987           10.8            5.0
    2452517.936           -0.3            5.2
     2452528.91           -3.2            5.2
     2452530.91            7.1            4.5
    2452541.904            0.8            4.5
    2452543.883           10.3            5.0
    2452559.914            1.9            6.4
    2452561.795           17.7            8.4
    2452571.791           10.0            5.0
     2452589.81            8.4            5.7
    2452603.782            9.5            4.9
    2452605.724            5.2            4.8
    2452616.772            9.6            5.9
    2452665.604            9.8            4.2
    2452668.611            9.8            5.3
    2452837.972            3.2            5.4
    2452861.963           -2.1            4.1
    2452863.985            8.4            5.2
    2452879.918            6.2            4.2
    2452880.947           14.0            5.0
    2452898.911            8.1            4.7
    2452900.928           10.2            4.8
    2452932.839            9.9            4.3
    2452934.804           -5.1            4.6
    2452963.753           10.2            5.2
    2452965.809           -1.8            5.4
     2453022.63            9.7            5.6
     2453208.01           -0.3            3.8
    2453209.978            6.6            3.7
    2453214.961            1.5            4.2
    2453231.961            3.5            4.0
    2453233.909            2.1            3.9
     2453235.96           -1.9            4.2
    2453265.899           14.8            3.8
    2453268.919           11.6            4.0
     2453269.81           11.9            3.5
    2453286.828           12.7            3.8
    2453324.713           10.1            5.5
    2453354.654           -2.3            3.8
    2453400.642           13.2            7.5
    2453550.983            7.1            4.4
    2453578.964            5.3            4.6
    2453613.923            4.5            4.2
    2453654.771           13.1            4.1
    2453701.724           -0.4            4.6
    2453740.745            8.9            4.7
    2453911.993            5.6            3.6
    2453917.013           -4.7            3.9
    2453934.974            4.5            3.9
    2453968.925           -1.5            3.2
    2453981.851           -0.2            3.8
    2453985.899           -5.7            4.0
    2454055.755           -4.6            3.9
    2454297.975           -2.0            4.1
    2454300.974            1.4            4.0
    2454314.939            4.5            3.6
    2454318.981           -1.0            4.2
    2454344.859           10.0            4.3
    2454348.917            7.6            4.0
    2454391.887           -2.7            5.4
    2454394.775           -0.3            4.2
    2454418.777            2.4            4.5
    2454420.763            3.6            4.2
    2454440.653           -6.4            3.4
    2454443.651           -3.9            3.6
    2454481.638           -1.7            3.9
    2454503.651            1.2            4.3
    2454645.984           -0.5            4.5
    2454646.968            9.0            4.2
    2454668.009            8.8            3.7
    2454681.904           12.8            3.8
     2454683.97            0.2            3.8
    2454711.893           -0.1            4.1
    2454713.873            1.4            4.2
    2454715.882            7.1            4.6
    2454716.875            7.8            4.1
    2454753.885            6.2            3.6
     2454755.85           -2.1            3.8
    2454777.733           -0.2            4.1
    2454806.796           10.7            5.5
     2454808.77           -2.7            4.3
    2454809.763           11.3            6.1
    2455026.973           -1.5            5.7
    2455063.965           10.3            5.0
    2455099.996           -4.0            4.9
    2455116.856            1.9            6.8
    2455154.739            6.2            7.6
    2455174.788           10.4            5.8
    2455364.972           14.0            5.0
    2455419.012           -4.6            4.7
    2455446.847           -5.4            3.6
    2455446.856           -5.9            3.1
    2455463.833           -2.7            5.2
    2455466.842            1.5            4.8
    2455569.653           12.6            4.1
    2455571.713           -0.5            4.6
    2455572.671            7.1            4.8
    2455621.621            8.9            4.6
    2455757.974            8.0            5.0
    2455803.919           -2.8            4.3
    2455806.936            0.6            4.3
    2455828.781           -4.3            4.2
    2455831.849           -4.2            5.1
    2455861.842           12.4            4.2
    2455864.796           14.5            4.4
    2455892.745           13.1            4.9
