    2451745.994            9.3            4.3
    2451778.895            6.4            3.7
    2451808.867           -1.6            3.6
    2451853.766           -1.9            4.1
    2451856.801           -1.7            4.6
    2451898.637            1.7            8.0
    2451932.609           -2.9            3.9
    2452163.861            7.4            4.9
    2452175.851           10.5            4.0
    2452307.598            9.6            4.5
    2452465.989            2.0            5.3
    2452483.985            3.0            5.0
    2452494.987            0.0            5.0
    2452517.936            6.8            5.2
     2452528.91            3.4            5.2
     2452530.91           -1.3            4.5
    2452541.904            1.4            4.5
    2452543.883           11.2            5.0
    2452559.914            6.8            6.4
    2452561.795            3.6            8.4
    2452571.791           12.0            5.0
     2452589.81            2.0            5.7
    2452603.782            1.9            4.9
    2452605.724           11.6            4.8
    2452616.772           12.7            5.9
    2452665.604           -0.4            4.2
    2452668.611           -1.1            5.3
    2452837.972            3.3            5.4
    2452861.963            3.9            4.1
    2452863.985           10.4            5.2
    2452879.918           -1.2            4.2
    2452880.947           10.3            5.0
    2452898.911           -0.8            4.7
    2452900.928            9.0            4.8
    2452932.839           -1.7            4.3
    2452934.804            8.1            4.6
    2452963.753           -0.1            5.2
    2452965.809            8.5            5.4
     2453022.63            0.5            5.6
     2453208.01           -0.3            3.8
    2453209.978            9.6            3.7
    2453214.961            8.5            4.2
    2453231.961            9.1            4.0
    2453233.909           -1.3            3.9
     2453235.96            0.9            4.2
    2453265.899            9.1            3.8
    2453268.919            8.9            4.0
     2453269.81           -1.9            3.5
    2453286.828           -2.8            3.8
    2453324.713           10.9            5.5
    2453354.654           -1.1            3.8
    2453400.642           13.9            7.5
    2453550.983           -0.6            4.4
    2453578.964            0.6            4.6
    2453613.923            7.7            4.2
    2453654.771           -1.1            4.1
    2453701.724            9.5            4.6
    2453740.745           11.5            4.7
    2453911.993            8.8            3.6
    2453917.013            2.0            3.9
    2453934.974            9.7            3.9
    2453968.925            7.1            3.2
    2453981.851            5.5            3.8
    2453985.899            6.2            4.0
    2454055.755            8.6            3.9
    2454297.975            2.9            4.1
    2454300.974            0.4            4.0
    2454314.939            1.5            3.6
    2454318.981            4.4            4.2
    2454344.859           11.2            4.3
    2454348.917           -0.2            4.0
    2454391.887            3.6            5.4
    2454394.775            3.4            4.2
    2454418.777            3.7            4.5
    2454420.763            9.9            4.2
    2454440.653            8.5            3.4
    2454443.651            7.4            3.6
    2454481.638           -1.0            3.9
    2454503.651           -1.9            4.3
    2454645.984            8.2            4.5
    2454646.968           -2.9            4.2
    2454668.009            8.9            3.7
    2454681.904            8.3            3.8
     2454683.97           -0.8            3.8
    2454711.893           -1.2            4.1
    2454713.873            3.4            4.2
    2454715.882           11.3            4.6
    2454716.875            1.0            4.1
    2454753.885           -1.7            3.6
     2454755.85            6.0            3.8
    2454777.733           11.0            4.1
    2454806.796            1.7            5.5
     2454808.77           10.0            4.3
    2454809.763            0.7            6.1
    2455026.973            3.1            5.7
    2455063.965            8.4            5.0
    2455099.996            2.7            4.9
    2455116.856            5.1            6.8
    2455154.739           11.5            7.6
    2455174.788            4.2            5.8
    2455364.972           11.9            5.0
    2455419.012            5.2            4.7
    2455446.847            7.1            3.6
    2455446.856            6.6            3.1
    2455463.833            7.6            5.2
    2455466.842            4.6            4.8
    2455569.653            7.5            4.1
    2455571.713           -0.8            4.6
    2455572.671           10.3            4.8
    2455621.621            1.1            4.6
    2455757.974            9.2            5.0
    2455803.919            5.8            4.3
    2455806.936            2.9            4.3
    2455828.781            9.3            4.2
    2455831.849            8.3            5.1
    2455861.842            5.9            4.2
    2455864.796            7.9            4.4
    2455892.745            7.4            4.9
