    2451745.994           -2.2            4.3
    2451778.895            5.6            3.7
    2451808.867          -17.6            3.6
    2451853.766           13.5            4.1
    2451856.801            3.1            4.6
    2451898.637           15.3            8.0
    2451932.609           -2.0            3.9
    2452163.861            3.6            4.9
    2452175.851            4.2            4.0
    2452307.598           19.0            4.5
    2452465.989          -13.7            5.3
    2452483.985            5.8            5.0
    2452494.987           11.2            5.0
    2452517.936            4.7            5.2
     2452528.91           -4.5            5.2
     2452530.91           -9.9            4.5
    2452541.904           18.8            4.5
    2452543.883           15.8            5.0
    2452559.914           10.9            6.4
    2452561.795           16.5            8.4
    2452571.791            8.2            5.0
     2452589.81            1.6            5.7
    2452603.782            9.8            4.9
    2452605.724           17.1            4.8
    2452616.772           -8.4            5.9
    2452665.604           16.8            4.2
    2452668.611           -0.4            5.3
    2452837.972           16.8            5.4
    2452861.963           -7.1            4.1
    2452863.985           -5.3            5.2
    2452879.918           -0.2            4.2
    2452880.947            4.1            5.0
    2452898.911           13.0            4.7
    2452900.928            8.5            4.8
    2452932.839           -1.5            4.3
    2452934.804            2.7            4.6
    2452963.753           17.5            5.2
    2452965.809           12.6            5.4
     2453022.63           -6.7            5.6
     2453208.01           -4.5            3.8
    2453209.978            6.5            3.7
    2453214.961           15.5            4.2
    2453231.961            2.9            4.0
    2453233.909           -0.7            3.9
     2453235.96           17.9            4.2
    2453265.899           13.1            3.8
    2453268.919           -9.9            4.0
     2453269.81          -12.4            3.5
    2453286.828            4.2            3.8
    2453324.713            6.1            5.5
    2453354.654            6.5            3.8
    2453400.642            5.3            7.5
    2453550.983            4.4            4.4
    2453578.964            5.2            4.6
    2453613.923           -7.7            4.2
    2453654.771            8.3            4.1
    2453701.724            7.5            4.6
    2453740.745           -5.4            4.7
    2453911.993           -7.5            3.6
    2453917.013           -9.5            3.9
    2453934.974            5.1            3.9
    2453968.925          -10.6            3.2
    2453981.851           -3.4            3.8
    2453985.899            4.6            4.0
    2454055.755            2.0            3.9
    2454297.975           11.6            4.1
    2454300.974           11.8            4.0
    2454314.939           -1.4            3.6
    2454318.981            2.0            4.2
    2454344.859            8.3            4.3
    2454348.917           -1.3            4.0
    2454391.887           -1.7            5.4
    2454394.775           -2.4            4.2
    2454418.777           -1.8            4.5
    2454420.763            3.2            4.2
    2454440.653           -1.9            3.4
    2454443.651          -15.6            3.6
    2454481.638            2.5            3.9
    2454503.651           -3.5            4.3
    2454645.984           10.3            4.5
    2454646.968           -1.4            4.2
    2454668.009           -1.2            3.7
    2454681.904           -9.3            3.8
     2454683.97            3.3            3.8
    2454711.893           -6.6            4.1
    2454713.873            7.5            4.2
    2454715.882           -2.4            4.6
    2454716.875           -2.2            4.1
    2454753.885           -5.3            3.6
     2454755.85           -7.2            3.8
    2454777.733            7.4            4.1
    2454806.796           -7.4            5.5
     2454808.77           17.0            4.3
    2454809.763            4.9            6.1
    2455026.973           -2.3            5.7
    2455063.965           18.0            5.0
    2455099.996           -4.8            4.9
    2455116.856            4.8            6.8
    2455154.739            9.3            7.6
    2455174.788           14.1            5.8
    2455364.972           12.0            5.0
    2455419.012           14.4            4.7
    2455446.847            3.6            3.6
    2455446.856            3.2            3.1
    2455463.833           -0.8            5.2
    2455466.842            2.0            4.8
    2455569.653            1.0            4.1
    2455571.713           -9.6            4.6
    2455572.671           13.9            4.8
    2455621.621           14.8            4.6
    2455757.974           -7.2            5.0
    2455803.919           -1.8            4.3
    2455806.936            7.8            4.3
    2455828.781           25.6            4.2
    2455831.849           16.6            5.1
    2455861.842           -1.2            4.2
    2455864.796          -12.5            4.4
    2455892.745           13.8            4.9
