    2451745.994            8.3            4.3
    2451778.895            3.0            3.7
    2451808.867           12.4            3.6
    2451853.766            3.3            4.1
    2451856.801           13.4            4.6
    2451898.637           10.9            8.0
    2451932.609            7.9            3.9
    2452163.861            0.8            4.9
    2452175.851           -1.4            4.0
    2452307.598            7.4            4.5
    2452465.989            2.2            5.3
    2452483.985            7.4            5.0
    2452494.987           14.6            5.0
    2452517.936            5.1            5.2
     2452528.91            3.3            5.2
     2452530.91           10.3            4.5
    2452541.904           11.2            4.5
    2452543.883           12.1            5.0
    2452559.914            2.5            6.4
    2452561.795            0.8            8.4
    2452571.791            4.1            5.0
     2452589.81            6.7            5.7
    2452603.782            1.5            4.9
    2452605.724            8.3            4.8
    2452616.772            8.8            5.9
    2452665.604            3.1            4.2
    2452668.611           15.2            5.3
    2452837.972            1.4            5.4
    2452861.963           -0.6            4.1
    2452863.985           -3.2            5.2
    2452879.918            7.9            4.2
    2452880.947           10.2            5.0
    2452898.911            1.3            4.7
    2452900.928           -4.7            4.8
    2452932.839            7.0            4.3
    2452934.804            6.7            4.6
    2452963.753            1.1            5.2
    2452965.809            8.7            5.4
     2453022.63            2.4            5.6
     2453208.01            6.9            3.8
    2453209.978           -1.8            3.7
    2453214.961            0.9            4.2
    2453231.961            8.1            4.0
    2453233.909            8.5            3.9
     2453235.96           -0.6            4.2
    2453265.899            9.7            3.8
    2453268.919           10.3            4.0
     2453269.81           11.6            3.5
    2453286.828           -0.9            3.8
    2453324.713           -1.1            5.5
    2453354.654           12.6            3.8
    2453400.642            6.0            7.5
    2453550.983           -4.3            4.4
    2453578.964            8.3            4.6
    2453613.923            1.1            4.2
    2453654.771           10.4            4.1
    2453701.724            4.6            4.6
    2453740.745            7.8            4.7
    2453911.993           -0.2            3.6
    2453917.013            8.5            3.9
    2453934.974           -1.6            3.9
    2453968.925            6.2            3.2
    2453981.851            5.5            3.8
    2453985.899           -2.6            4.0
    2454055.755            7.4            3.9
    2454297.975            5.5            4.1
    2454300.974            1.3            4.0
    2454314.939            1.3            3.6
    2454318.981            8.2            4.2
    2454344.859           11.4            4.3
    2454348.917           -0.6            4.0
    2454391.887           12.2            5.4
    2454394.775            3.3            4.2
    2454418.777           12.9            4.5
    2454420.763            4.6            4.2
    2454440.653            3.8            3.4
    2454443.651            6.7            3.6
    2454481.638            8.7            3.9
    2454503.651            8.8            4.3
    2454645.984            3.0            4.5
    2454646.968            0.6            4.2
    2454668.009            5.6            3.7
    2454681.904            8.8            3.8
     2454683.97            3.6            3.8
    2454711.893            1.1            4.1
    2454713.873            0.8            4.2
    2454715.882            9.1            4.6
    2454716.875           12.5            4.1
    2454753.885            9.3            3.6
     2454755.85            6.1            3.8
    2454777.733            4.0            4.1
    2454806.796           12.8            5.5
     2454808.77            2.9            4.3
    2454809.763            4.4            6.1
    2455026.973           10.6            5.7
    2455063.965            7.9            5.0
    2455099.996            3.8            4.9
    2455116.856           12.1            6.8
    2455154.739           12.7            7.6
    2455174.788           -2.4            5.8
    2455364.972            8.8            5.0
    2455419.012           10.1            4.7
    2455446.847            1.4            3.6
    2455446.856            0.8            3.1
    2455463.833            2.3            5.2
    2455466.842           10.4            4.8
    2455569.653            4.0            4.1
    2455571.713            3.4            4.6
    2455572.671            0.3            4.8
    2455621.621            2.1            4.6
    2455757.974            4.0            5.0
    2455803.919            7.8            4.3
    2455806.936            7.4            4.3
    2455828.781           11.0            4.2
    2455831.849            8.0            5.1
    2455861.842           -4.8            4.2
    2455864.796            7.6            4.4
    2455892.745            6.6            4.9
