    2451745.994            7.5            4.3
    2451778.895           -2.2            3.7
    2451808.867           10.1            3.6
    2451853.766           -6.0            4.1
    2451856.801           -0.2            4.6
    2451898.637           10.7            8.0
    2451932.609            7.1            3.9
    2452163.861            7.5            4.9
    2452175.851            1.6            4.0
    2452307.598           -2.7            4.5
    2452465.989            7.7            5.3
    2452483.985            8.3            5.0
    2452494.987            9.2            5.0
    2452517.936           10.6            5.2
     2452528.91            7.0            5.2
     2452530.91            7.6            4.5
    2452541.904           12.3            4.5
    2452543.883           13.6            5.0
    2452559.914           12.0            6.4
    2452561.795           15.4            8.4
    2452571.791            5.3            5.0
     2452589.81            5.3            5.7
    2452603.782           10.7            4.9
    2452605.724            5.1            4.8
    2452616.772           13.7            5.9
    2452665.604            5.9            4.2
    2452668.611            9.6            5.3
    2452837.972            0.1            5.4
    2452861.963            3.5            4.1
    2452863.985            0.2            5.2
    2452879.918           -1.7            4.2
    2452880.947            8.3            5.0
    2452898.911           13.9            4.7
    2452900.928            5.4            4.8
    2452932.839            9.0            4.3
    2452934.804            7.1            4.6
    2452963.753           11.1            5.2
    2452965.809            8.6            5.4
     2453022.63            6.6            5.6
     2453208.01           -1.3            3.8
    2453209.978            9.0            3.7
    2453214.961           14.6            4.2
    2453231.961           -4.8            4.0
    2453233.909           -0.5            3.9
     2453235.96           10.0            4.2
    2453265.899            4.3            3.8
    2453268.919           14.0            4.0
     2453269.81           10.3            3.5
    2453286.828            4.3            3.8
    2453324.713            0.5            5.5
    2453354.654           11.9            3.8
    2453400.642            9.0            7.5
    2453550.983            3.2            4.4
    2453578.964           -2.0            4.6
    2453613.923           10.5            4.2
    2453654.771            7.0            4.1
    2453701.724           12.3            4.6
    2453740.745            9.2            4.7
    2453911.993            6.9            3.6
    2453917.013           13.1            3.9
    2453934.974           11.0            3.9
    2453968.925           10.7            3.2
    2453981.851            8.6            3.8
    2453985.899           -1.7            4.0
    2454055.755            1.6            3.9
    2454297.975           12.8            4.1
    2454300.974            3.1            4.0
    2454314.939            0.3            3.6
    2454318.981            3.3            4.2
    2454344.859            1.7            4.3
    2454348.917            8.7            4.0
    2454391.887           -5.4            5.4
    2454394.775           -6.4            4.2
    2454418.777            4.7            4.5
    2454420.763           -4.5            4.2
    2454440.653            3.5            3.4
    2454443.651           -2.1            3.6
    2454481.638           12.0            3.9
    2454503.651           -4.4            4.3
    2454645.984            1.2            4.5
    2454646.968           15.0            4.2
    2454668.009            9.5            3.7
    2454681.904           -2.2            3.8
     2454683.97            2.6            3.8
    2454711.893            8.2            4.1
    2454713.873            1.5            4.2
    2454715.882           -7.7            4.6
    2454716.875            4.2            4.1
    2454753.885            8.5            3.6
     2454755.85           13.0            3.8
    2454777.733           -0.5            4.1
    2454806.796            4.5            5.5
     2454808.77            1.5            4.3
    2454809.763           10.8            6.1
    2455026.973            1.8            5.7
    2455063.965            9.3            5.0
    2455099.996            6.8            4.9
    2455116.856            4.7            6.8
    2455154.739           15.1            7.6
    2455174.788            2.5            5.8
    2455364.972            4.5            5.0
    2455419.012            9.0            4.7
    2455446.847            3.2            3.6
    2455446.856            2.8            3.1
    2455463.833            6.2            5.2
    2455466.842            1.1            4.8
    2455569.653            8.3            4.1
    2455571.713           13.4            4.6
    2455572.671            1.9            4.8
    2455621.621            8.5            4.6
    2455757.974           12.6            5.0
    2455803.919            0.4            4.3
    2455806.936            8.5            4.3
    2455828.781            5.5            4.2
    2455831.849           -1.0            5.1
    2455861.842           13.0            4.2
    2455864.796           10.1            4.4
    2455892.745           11.6            4.9
