    2451745.994            6.5            4.3
    2451778.895           -7.0            3.7
    2451808.867          -18.3            3.6
    2451853.766           -7.5            4.1
    2451856.801           -3.2            4.6
    2451898.637           12.2            8.0
    2451932.609           16.7            3.9
    2452163.861           23.7            4.9
    2452175.851           11.5            4.0
    2452307.598            0.6            4.5
    2452465.989           22.6            5.3
    2452483.985           25.0            5.0
    2452494.987           -7.3            5.0
    2452517.936            5.7            5.2
     2452528.91           -3.0            5.2
     2452530.91           -1.3            4.5
    2452541.904           -4.9            4.5
    2452543.883           15.2            5.0
    2452559.914            3.8            6.4
    2452561.795           15.5            8.4
    2452571.791            3.4            5.0
     2452589.81          -12.2            5.7
    2452603.782           -4.7            4.9
    2452605.724            7.9            4.8
    2452616.772          -10.6            5.9
    2452665.604           26.8            4.2
    2452668.611            7.8            5.3
    2452837.972           20.1            5.4
    2452861.963            5.5            4.1
    2452863.985            4.7            5.2
    2452879.918           16.3            4.2
    2452880.947          -15.2            5.0
    2452898.911           -2.3            4.7
    2452900.928            0.6            4.8
    2452932.839           12.7            4.3
    2452934.804            8.4            4.6
    2452963.753            0.3            5.2
    2452965.809            1.6            5.4
     2453022.63           15.9            5.6
     2453208.01           -0.3            3.8
    2453209.978           -0.8            3.7
    2453214.961           19.8            4.2
    2453231.961            9.6            4.0
    2453233.909          -13.0            3.9
     2453235.96           22.8            4.2
    2453265.899           10.0            3.8
    2453268.919           20.1            4.0
     2453269.81           -1.0            3.5
    2453286.828            8.1            3.8
    2453324.713           32.7            5.5
    2453354.654            3.0            3.8
    2453400.642            6.6            7.5
    2453550.983           15.4            4.4
    2453578.964           -2.0            4.6
    2453613.923            3.2            4.2
    2453654.771           27.3            4.1
    2453701.724           16.0            4.6
    2453740.745           11.1            4.7
    2453911.993          -17.9            3.6
    2453917.013          -11.8            3.9
    2453934.974          -19.6            3.9
    2453968.925           10.1            3.2
    2453981.851            0.3            3.8
    2453985.899          -14.5            4.0
    2454055.755           17.5            3.9
    2454297.975          -14.4            4.1
    2454300.974           -9.1            4.0
    2454314.939           -1.7            3.6
    2454318.981            2.6            4.2
    2454344.859           -3.9            4.3
    2454348.917          -12.8            4.0
    2454391.887           -1.0            5.4
    2454394.775           -7.1            4.2
    2454418.777           -4.7            4.5
    2454420.763           28.8            4.2
    2454440.653           -2.0            3.4
    2454443.651            7.8            3.6
    2454481.638            0.3            3.9
    2454503.651            1.2            4.3
    2454645.984            1.1            4.5
    2454646.968           22.6            4.2
    2454668.009            5.8            3.7
    2454681.904            2.6            3.8
     2454683.97          -17.2            3.8
    2454711.893            6.7            4.1
    2454713.873            0.1            4.2
    2454715.882           -8.0            4.6
    2454716.875            3.7            4.1
    2454753.885            2.8            3.6
     2454755.85            9.9            3.8
    2454777.733           22.9            4.1
    2454806.796           37.7            5.5
     2454808.77           -7.8            4.3
    2454809.763           12.6            6.1
    2455026.973            2.0            5.7
    2455063.965          -13.3            5.0
    2455099.996            2.1            4.9
    2455116.856            7.6            6.8
    2455154.739           27.0            7.6
    2455174.788           10.6            5.8
    2455364.972            6.8            5.0
    2455419.012           18.6            4.7
    2455446.847            4.2            3.6
    2455446.856            3.6            3.1
    2455463.833           -2.2            5.2
    2455466.842           12.5            4.8
    2455569.653           -0.9            4.1
    2455571.713          -12.2            4.6
    2455572.671           18.8            4.8
    2455621.621           -5.8            4.6
    2455757.974           25.4            5.0
    2455803.919           -3.6            4.3
    2455806.936          -19.6            4.3
    2455828.781           17.2            4.2
    2455831.849           24.8            5.1
    2455861.842           17.1            4.2
    2455864.796           17.4            4.4
    2455892.745            4.1            4.9
