    2451745.994           13.9            4.3
    2451778.895           -3.7            3.7
    2451808.867            2.4            3.6
    2451853.766            1.9            4.1
    2451856.801            5.1            4.6
    2451898.637           -2.6            8.0
    2451932.609           15.2            3.9
    2452163.861           -7.8            4.9
    2452175.851           -7.1            4.0
    2452307.598            9.4            4.5
    2452465.989           -5.4            5.3
    2452483.985           -3.9            5.0
    2452494.987           -1.4            5.0
    2452517.936           -9.5            5.2
     2452528.91            4.2            5.2
     2452530.91            5.4            4.5
    2452541.904           -5.7            4.5
    2452543.883            5.8            5.0
    2452559.914            3.4            6.4
    2452561.795           19.5            8.4
    2452571.791           -4.4            5.0
     2452589.81           -2.4            5.7
    2452603.782            6.5            4.9
    2452605.724           12.1            4.8
    2452616.772           12.5            5.9
    2452665.604            8.9            4.2
    2452668.611           -5.1            5.3
    2452837.972           -1.3            5.4
    2452861.963           -0.1            4.1
    2452863.985           13.4            5.2
    2452879.918            1.7            4.2
    2452880.947           -1.2            5.0
    2452898.911            5.4            4.7
    2452900.928           -6.0            4.8
    2452932.839           27.6            4.3
    2452934.804           -3.4            4.6
    2452963.753           -7.6            5.2
    2452965.809           24.2            5.4
     2453022.63            8.7            5.6
     2453208.01          -13.8            3.8
    2453209.978            7.9            3.7
    2453214.961            9.7            4.2
    2453231.961          -16.8            4.0
    2453233.909           -2.1            3.9
     2453235.96           -1.3            4.2
    2453265.899            9.1            3.8
    2453268.919           20.5            4.0
     2453269.81           -3.8            3.5
    2453286.828           11.3            3.8
    2453324.713            8.2            5.5
    2453354.654           22.4            3.8
    2453400.642            6.4            7.5
    2453550.983           14.8            4.4
    2453578.964           -1.6            4.6
    2453613.923           12.0            4.2
    2453654.771            9.0            4.1
    2453701.724            1.9            4.6
    2453740.745           -6.4            4.7
    2453911.993           20.2            3.6
    2453917.013           20.9            3.9
    2453934.974           19.2            3.9
    2453968.925            6.2            3.2
    2453981.851           -2.4            3.8
    2453985.899           22.8            4.0
    2454055.755           12.0            3.9
    2454297.975           23.3            4.1
    2454300.974            8.0            4.0
    2454314.939           -3.0            3.6
    2454318.981            3.9            4.2
    2454344.859          -10.0            4.3
    2454348.917            2.7            4.0
    2454391.887           15.8            5.4
    2454394.775           -0.7            4.2
    2454418.777           -6.0            4.5
    2454420.763           17.9            4.2
    2454440.653            5.0            3.4
    2454443.651           20.9            3.6
    2454481.638          -12.7            3.9
    2454503.651           -2.0            4.3
    2454645.984           22.1            4.5
    2454646.968           10.4            4.2
    2454668.009            9.9            3.7
    2454681.904            6.0            3.8
     2454683.97          -20.9            3.8
    2454711.893            6.1            4.1
    2454713.873          -15.3            4.2
    2454715.882           -3.5            4.6
    2454716.875          -12.9            4.1
    2454753.885            5.2            3.6
     2454755.85           10.7            3.8
    2454777.733           22.3            4.1
    2454806.796           -6.6            5.5
     2454808.77            1.4            4.3
    2454809.763            6.1            6.1
    2455026.973           10.0            5.7
    2455063.965           -4.5            5.0
    2455099.996           -7.2            4.9
    2455116.856           23.9            6.8
    2455154.739            7.9            7.6
    2455174.788           -8.1            5.8
    2455364.972            2.9            5.0
    2455419.012          -19.1            4.7
    2455446.847           10.0            3.6
    2455446.856            9.4            3.1
    2455463.833           15.2            5.2
    2455466.842           -0.3            4.8
    2455569.653            2.2            4.1
    2455571.713           12.9            4.6
    2455572.671           21.5            4.8
    2455621.621          -23.4            4.6
    2455757.974           12.9            5.0
    2455803.919            9.7            4.3
    2455806.936           -7.7            4.3
    2455828.781           -5.0            4.2
    2455831.849            2.3            5.1
    2455861.842            5.5            4.2
    2455864.796           -9.6            4.4
    2455892.745           13.2            4.9
