    2451745.994            2.2            4.3
    2451778.895           12.7            3.7
    2451808.867           -5.9            3.6
    2451853.766            7.1            4.1
    2451856.801            3.3            4.6
    2451898.637           -0.5            8.0
    2451932.609           12.4            3.9
    2452163.861           -5.8            4.9
    2452175.851           -7.1            4.0
    2452307.598           17.4            4.5
    2452465.989            1.6            5.3
    2452483.985            7.8            5.0
    2452494.987           20.3            5.0
    2452517.936            9.5            5.2
     2452528.91           -8.9            5.2
     2452530.91           -9.1            4.5
    2452541.904            0.4            4.5
    2452543.883            6.4            5.0
    2452559.914            8.8            6.4
    2452561.795           24.7            8.4
    2452571.791            0.3            5.0
     2452589.81            6.3            5.7
    2452603.782           -9.0            4.9
    2452605.724           15.1            4.8
    2452616.772           22.4            5.9
    2452665.604          -14.6            4.2
    2452668.611            3.1            5.3
    2452837.972           -9.7            5.4
    2452861.963           17.7            4.1
    2452863.985            9.4            5.2
    2452879.918           22.0            4.2
    2452880.947           -2.0            5.0
    2452898.911            4.6            4.7
    2452900.928            3.3            4.8
    2452932.839           23.3            4.3
    2452934.804           26.2            4.6
    2452963.753            0.3            5.2
    2452965.809           -9.2            5.4
     2453022.63           -0.3            5.6
     2453208.01            7.1            3.8
    2453209.978            3.6            3.7
    2453214.961           10.6            4.2
    2453231.961            2.4            4.0
    2453233.909            1.5            3.9
     2453235.96           -4.7            4.2
    2453265.899          -19.7            3.8
    2453268.919           10.7            4.0
     2453269.81           15.3            3.5
    2453286.828            2.5            3.8
    2453324.713           16.8            5.5
    2453354.654            4.7            3.8
    2453400.642            5.5            7.5
    2453550.983           26.6            4.4
    2453578.964           12.9            4.6
    2453613.923           -8.2            4.2
    2453654.771           -3.9            4.1
    2453701.724            6.8            4.6
    2453740.745            1.8            4.7
    2453911.993           -9.5            3.6
    2453917.013           18.8            3.9
    2453934.974           10.1            3.9
    2453968.925          -10.8            3.2
    2453981.851           12.1            3.8
    2453985.899            5.5            4.0
    2454055.755           -7.6            3.9
    2454297.975           14.6            4.1
    2454300.974           -6.8            4.0
    2454314.939           -1.1            3.6
    2454318.981           -1.8            4.2
    2454344.859           11.4            4.3
    2454348.917           -8.7            4.0
    2454391.887           17.3            5.4
    2454394.775          -15.9            4.2
    2454418.777           24.0            4.5
    2454420.763            8.9            4.2
    2454440.653          -17.7            3.4
    2454443.651           11.2            3.6
    2454481.638            1.8            3.9
    2454503.651           11.0            4.3
    2454645.984            5.4            4.5
    2454646.968          -16.0            4.2
    2454668.009           -0.6            3.7
    2454681.904           11.4            3.8
     2454683.97           -0.2            3.8
    2454711.893            7.8            4.1
    2454713.873            4.7            4.2
    2454715.882            7.6            4.6
    2454716.875           21.3            4.1
    2454753.885            3.4            3.6
     2454755.85           11.8            3.8
    2454777.733           -0.4            4.1
    2454806.796           -8.6            5.5
     2454808.77            8.5            4.3
    2454809.763            7.9            6.1
    2455026.973            5.8            5.7
    2455063.965            8.6            5.0
    2455099.996            6.9            4.9
    2455116.856           13.5            6.8
    2455154.739            7.4            7.6
    2455174.788           25.2            5.8
    2455364.972           14.0            5.0
    2455419.012           12.2            4.7
    2455446.847           17.4            3.6
    2455446.856           17.5            3.1
    2455463.833           11.5            5.2
    2455466.842           -5.6            4.8
    2455569.653          -10.5            4.1
    2455571.713           -4.1            4.6
    2455572.671           18.3            4.8
    2455621.621            9.6            4.6
    2455757.974           -2.6            5.0
    2455803.919            9.2            4.3
    2455806.936           14.1            4.3
    2455828.781           -3.3            4.2
    2455831.849            5.5            5.1
    2455861.842            7.7            4.2
    2455864.796            4.9            4.4
    2455892.745           10.1            4.9
