    2451745.994            3.9            4.3
    2451778.895            2.8            3.7
    2451808.867           -4.6            3.6
    2451853.766            4.0            4.1
    2451856.801            7.2            4.6
    2451898.637           16.6            8.0
    2451932.609           -1.6            3.9
    2452163.861            2.4            4.9
    2452175.851           -1.2            4.0
    2452307.598           -1.7            4.5
    2452465.989            7.3            5.3
    2452483.985            3.5            5.0
    2452494.987            5.7            5.0
    2452517.936           13.6            5.2
     2452528.91            3.7            5.2
     2452530.91            6.8            4.5
    2452541.904            4.9            4.5
    2452543.883            8.8            5.0
    2452559.914            8.7            6.4
    2452561.795            7.8            8.4
    2452571.791            3.4            5.0
     2452589.81            5.1            5.7
    2452603.782            3.4            4.9
    2452605.724           -0.9            4.8
    2452616.772           10.8            5.9
    2452665.604            2.5            4.2
    2452668.611            8.4            5.3
    2452837.972            1.7            5.4
    2452861.963            6.9            4.1
    2452863.985            6.5            5.2
    2452879.918            3.7            4.2
    2452880.947            3.3            5.0
    2452898.911           11.6            4.7
    2452900.928            8.5            4.8
    2452932.839            0.5            4.3
    2452934.804            3.9            4.6
    2452963.753            6.6            5.2
    2452965.809            9.7            5.4
     2453022.63            5.7            5.6
     2453208.01            4.7            3.8
    2453209.978            5.0            3.7
    2453214.961            0.7            4.2
    2453231.961            4.2            4.0
    2453233.909            6.0            3.9
     2453235.96            7.9            4.2
    2453265.899           11.8            3.8
    2453268.919            1.4            4.0
     2453269.81            1.0            3.5
    2453286.828           -0.4            3.8
    2453324.713           -2.5            5.5
    2453354.654            4.1            3.8
    2453400.642           13.1            7.5
    2453550.983            3.2            4.4
    2453578.964            5.9            4.6
    2453613.923           12.4            4.2
    2453654.771           11.5            4.1
    2453701.724           -2.4            4.6
    2453740.745            5.6            4.7
    2453911.993            8.7            3.6
    2453917.013           -1.7            3.9
    2453934.974           -1.5            3.9
    2453968.925            7.6            3.2
    2453981.851            9.5            3.8
    2453985.899            1.4            4.0
    2454055.755           -2.0            3.9
    2454297.975            2.0            4.1
    2454300.974            1.7            4.0
    2454314.939           -4.5            3.6
    2454318.981            3.5            4.2
    2454344.859           10.0            4.3
    2454348.917            5.2            4.0
    2454391.887            0.8            5.4
    2454394.775           -1.8            4.2
    2454418.777           -4.4            4.5
    2454420.763           -5.3            4.2
    2454440.653           10.1            3.4
    2454443.651            3.8            3.6
    2454481.638           11.2            3.9
    2454503.651            2.0            4.3
    2454645.984            5.4            4.5
    2454646.968            5.9            4.2
    2454668.009           -1.1            3.7
    2454681.904            5.1            3.8
     2454683.97            7.9            3.8
    2454711.893            5.9            4.1
    2454713.873            5.5            4.2
    2454715.882            4.1            4.6
    2454716.875            0.2            4.1
    2454753.885            8.0            3.6
     2454755.85            6.4            3.8
    2454777.733            5.5            4.1
    2454806.796            8.9            5.5
     2454808.77            4.3            4.3
    2454809.763           -0.0            6.1
    2455026.973           -1.2            5.7
    2455063.965            6.7            5.0
    2455099.996            4.4            4.9
    2455116.856           16.5            6.8
    2455154.739           10.3            7.6
    2455174.788            1.9            5.8
    2455364.972            5.8            5.0
    2455419.012           -0.3            4.7
    2455446.847            0.4            3.6
    2455446.856           -0.1            3.1
    2455463.833            3.8            5.2
    2455466.842            7.5            4.8
    2455569.653           -2.5            4.1
    2455571.713           -1.3            4.6
    2455572.671            3.4            4.8
    2455621.621            8.9            4.6
    2455757.974            2.5            5.0
    2455803.919            4.0            4.3
    2455806.936            6.0            4.3
    2455828.781            2.0            4.2
    2455831.849           12.6            5.1
    2455861.842           10.3            4.2
    2455864.796            7.5            4.4
    2455892.745           -0.4            4.9
