    2451745.994           15.4            4.3
    2451778.895           10.3            3.7
    2451808.867           -5.9            3.6
    2451853.766            9.7            4.1
    2451856.801            0.6            4.6
    2451898.637            6.7            8.0
    2451932.609            2.6            3.9
    2452163.861           -2.4            4.9
    2452175.851            1.6            4.0
    2452307.598            9.7            4.5
    2452465.989           -7.0            5.3
    2452483.985            7.0            5.0
    2452494.987            4.2            5.0
    2452517.936           11.4            5.2
     2452528.91            6.7            5.2
     2452530.91            4.9            4.5
    2452541.904            6.3            4.5
    2452543.883            6.0            5.0
    2452559.914            1.2            6.4
    2452561.795            2.4            8.4
    2452571.791           13.8            5.0
     2452589.81           10.9            5.7
    2452603.782            8.3            4.9
    2452605.724           11.4            4.8
    2452616.772           18.3            5.9
    2452665.604            8.1            4.2
    2452668.611            2.0            5.3
    2452837.972            9.7            5.4
    2452861.963            8.5            4.1
    2452863.985            1.2            5.2
    2452879.918           -4.4            4.2
    2452880.947            5.4            5.0
    2452898.911            5.8            4.7
    2452900.928            4.5            4.8
    2452932.839           -0.7            4.3
    2452934.804            8.9            4.6
    2452963.753           12.5            5.2
    2452965.809            4.4            5.4
     2453022.63            9.4            5.6
     2453208.01           -9.5            3.8
    2453209.978            2.0            3.7
    2453214.961           11.2            4.2
    2453231.961           -2.0            4.0
    2453233.909            2.8            3.9
     2453235.96            9.5            4.2
    2453265.899            8.5            3.8
    2453268.919            4.3            4.0
     2453269.81           -5.4            3.5
    2453286.828           11.6            3.8
    2453324.713           13.6            5.5
    2453354.654           -3.0            3.8
    2453400.642           -3.7            7.5
    2453550.983            6.7            4.4
    2453578.964            3.5            4.6
    2453613.923            0.6            4.2
    2453654.771            0.5            4.1
    2453701.724            5.6            4.6
    2453740.745           10.1            4.7
    2453911.993            8.3            3.6
    2453917.013            9.9            3.9
    2453934.974           -1.0            3.9
    2453968.925            0.7            3.2
    2453981.851            7.1            3.8
    2453985.899           -1.7            4.0
    2454055.755            8.8            3.9
    2454297.975           -0.4            4.1
    2454300.974            2.5            4.0
    2454314.939            3.0            3.6
    2454318.981           -0.9            4.2
    2454344.859           10.7            4.3
    2454348.917            2.2            4.0
    2454391.887           11.3            5.4
    2454394.775           10.6            4.2
    2454418.777           15.5            4.5
    2454420.763           -1.0            4.2
    2454440.653           16.4            3.4
    2454443.651           10.9            3.6
    2454481.638           -5.6            3.9
    2454503.651           -0.6            4.3
    2454645.984           13.3            4.5
    2454646.968            2.2            4.2
    2454668.009           -0.9            3.7
    2454681.904            0.1            3.8
     2454683.97            6.0            3.8
    2454711.893           -0.2            4.1
    2454713.873           -3.7            4.2
    2454715.882            1.2            4.6
    2454716.875           -5.0            4.1
    2454753.885           -0.3            3.6
     2454755.85            8.4            3.8
    2454777.733           -2.0            4.1
    2454806.796            9.2            5.5
     2454808.77           13.0            4.3
    2454809.763            1.5            6.1
    2455026.973            6.2            5.7
    2455063.965           -5.3            5.0
    2455099.996           16.9            4.9
    2455116.856            0.0            6.8
    2455154.739           -4.3            7.6
    2455174.788           14.9            5.8
    2455364.972           12.8            5.0
    2455419.012          -10.8            4.7
    2455446.847           10.3            3.6
    2455446.856            9.9            3.1
    2455463.833            5.9            5.2
    2455466.842           -4.7            4.8
    2455569.653           18.3            4.1
    2455571.713            8.9            4.6
    2455572.671           17.8            4.8
    2455621.621            1.6            4.6
    2455757.974           -1.2            5.0
    2455803.919            5.1            4.3
    2455806.936            3.1            4.3
    2455828.781           18.4            4.2
    2455831.849           12.3            5.1
    2455861.842           -1.4            4.2
    2455864.796           -1.4            4.4
    2455892.745            3.0            4.9
