    2451745.994           -6.3            4.3
    2451778.895          -20.8            3.7
    2451808.867           -7.3            3.6
    2451853.766          -21.0            4.1
    2451856.801          -14.5            4.6
    2451898.637           21.1            8.0
    2451932.609            6.3            3.9
    2452163.861          -20.5            4.9
    2452175.851          -12.7            4.0
    2452307.598           14.1            4.5
    2452465.989          -20.1            5.3
    2452483.985            2.5            5.0
    2452494.987          -13.7            5.0
    2452517.936          -15.0            5.2
     2452528.91          -21.6            5.2
     2452530.91          -17.9            4.5
    2452541.904          -23.7            4.5
    2452543.883          -26.6            5.0
    2452559.914           -5.6            6.4
    2452561.795           -4.8            8.4
    2452571.791           -7.4            5.0
     2452589.81          -13.2            5.7
    2452603.782          -12.9            4.9
    2452605.724           -8.4            4.8
    2452616.772          -19.8            5.9
    2452665.604            1.0            4.2
    2452668.611            0.6            5.3
    2452837.972          -15.6            5.4
    2452861.963          -19.4            4.1
    2452863.985           -3.1            5.2
    2452879.918          -16.9            4.2
    2452880.947          -11.9            5.0
    2452898.911          -12.2            4.7
    2452900.928          -13.7            4.8
    2452932.839          -15.0            4.3
    2452934.804          -21.8            4.6
    2452963.753          -10.4            5.2
    2452965.809          -16.1            5.4
     2453022.63            0.7            5.6
     2453208.01           -9.9            3.8
    2453209.978          -14.3            3.7
    2453214.961          -22.2            4.2
    2453231.961           -8.0            4.0
    2453233.909           -9.0            3.9
     2453235.96          -10.2            4.2
    2453265.899          -24.3            3.8
    2453268.919          -17.7            4.0
     2453269.81          -11.9            3.5
    2453286.828          -11.8            3.8
    2453324.713           -6.4            5.5
    2453354.654           -4.6            3.8
    2453400.642           20.8            7.5
    2453550.983          -13.4            4.4
    2453578.964           -8.9            4.6
    2453613.923          -12.6            4.2
    2453654.771           -4.1            4.1
    2453701.724           -3.3            4.6
    2453740.745           -7.7            4.7
    2453911.993          -16.5            3.6
    2453917.013          -21.6            3.9
    2453934.974           -4.0            3.9
    2453968.925          -13.7            3.2
    2453981.851          -15.2            3.8
    2453985.899           -3.3            4.0
    2454055.755          -20.2            3.9
    2454297.975          -24.1            4.1
    2454300.974           -9.3            4.0
    2454314.939           -9.7            3.6
    2454318.981           -8.5            4.2
    2454344.859          -13.0            4.3
    2454348.917          -16.5            4.0
    2454391.887           -4.6            5.4
    2454394.775          -12.2            4.2
    2454418.777          -16.0            4.5
    2454420.763          -17.5            4.2
    2454440.653           10.8            3.4
    2454443.651            4.8            3.6
    2454481.638           18.7            3.9
    2454503.651           -1.6            4.3
    2454645.984           -2.3            4.5
    2454646.968           -8.4            4.2
    2454668.009          -16.3            3.7
    2454681.904          -14.1            3.8
     2454683.97            1.0            3.8
    2454711.893          -19.4            4.1
    2454713.873          -21.7            4.2
    2454715.882          -22.6            4.6
    2454716.875          -20.7            4.1
    2454753.885          -32.3            3.6
     2454755.85          -20.5            3.8
    2454777.733          -17.7            4.1
    2454806.796          -10.9            5.5
     2454808.77          -12.9            4.3
    2454809.763           -5.6            6.1
    2455026.973           -8.7            5.7
    2455063.965           -6.0            5.0
    2455099.996           -8.7            4.9
    2455116.856          -13.2            6.8
    2455154.739            5.2            7.6
    2455174.788          -22.5            5.8
    2455364.972          -19.3            5.0
    2455419.012          -16.8            4.7
    2455446.847           -9.9            3.6
    2455446.856          -10.6            3.1
    2455463.833          -11.5            5.2
    2455466.842          -23.0            4.8
    2455569.653            4.0            4.1
    2455571.713           -7.1            4.6
    2455572.671            1.2            4.8
    2455621.621           -3.5            4.6
    2455757.974          -16.6            5.0
    2455803.919           -8.5            4.3
    2455806.936          -16.7            4.3
    2455828.781           -6.4            4.2
    2455831.849          -21.4            5.1
    2455861.842          -22.0            4.2
    2455864.796          -20.3            4.4
    2455892.745           -0.8            4.9
