    2451745.994            6.6            4.3
    2451778.895            1.8            3.7
    2451808.867            9.3            3.6
    2451853.766            5.4            4.1
    2451856.801            3.3            4.6
    2451898.637            7.6            8.0
    2451932.609            5.1            3.9
    2452163.861           12.0            4.9
    2452175.851            5.5            4.0
    2452307.598            7.7            4.5
    2452465.989            4.8            5.3
    2452483.985           10.0            5.0
    2452494.987            1.1            5.0
    2452517.936            9.1            5.2
     2452528.91            2.5            5.2
     2452530.91            8.2            4.5
    2452541.904            3.7            4.5
    2452543.883            5.7            5.0
    2452559.914            1.7            6.4
    2452561.795            7.9            8.4
    2452571.791           -1.5            5.0
     2452589.81           -2.4            5.7
    2452603.782            6.2            4.9
    2452605.724            5.2            4.8
    2452616.772           14.0            5.9
    2452665.604            9.1            4.2
    2452668.611            7.5            5.3
    2452837.972            0.6            5.4
    2452861.963            5.8            4.1
    2452863.985            2.6            5.2
    2452879.918            6.1            4.2
    2452880.947            3.8            5.0
    2452898.911           -1.3            4.7
    2452900.928           -2.1            4.8
    2452932.839            1.9            4.3
    2452934.804            8.5            4.6
    2452963.753           -3.4            5.2
    2452965.809            1.3            5.4
     2453022.63            9.9            5.6
     2453208.01            4.4            3.8
    2453209.978            6.7            3.7
    2453214.961           11.7            4.2
    2453231.961            4.6            4.0
    2453233.909            3.0            3.9
     2453235.96           -3.1            4.2
    2453265.899            9.6            3.8
    2453268.919            3.4            4.0
     2453269.81            3.6            3.5
    2453286.828           -2.8            3.8
    2453324.713            8.3            5.5
    2453354.654           -0.2            3.8
    2453400.642            7.5            7.5
    2453550.983            7.3            4.4
    2453578.964           -3.2            4.6
    2453613.923            5.2            4.2
    2453654.771            6.1            4.1
    2453701.724            3.9            4.6
    2453740.745            1.0            4.7
    2453911.993            8.1            3.6
    2453917.013            1.7            3.9
    2453934.974            1.5            3.9
    2453968.925           -1.5            3.2
    2453981.851            0.6            3.8
    2453985.899            7.3            4.0
    2454055.755           12.1            3.9
    2454297.975            7.0            4.1
    2454300.974            2.3            4.0
    2454314.939           11.2            3.6
    2454318.981            4.1            4.2
    2454344.859            5.8            4.3
    2454348.917            4.2            4.0
    2454391.887           10.7            5.4
    2454394.775           11.3            4.2
    2454418.777           -5.8            4.5
    2454420.763           -3.1            4.2
    2454440.653            7.1            3.4
    2454443.651            8.2            3.6
    2454481.638           -2.2            3.9
    2454503.651            3.9            4.3
    2454645.984            3.9            4.5
    2454646.968            2.9            4.2
    2454668.009            5.2            3.7
    2454681.904           -0.1            3.8
     2454683.97            3.4            3.8
    2454711.893            2.1            4.1
    2454713.873            7.8            4.2
    2454715.882           10.0            4.6
    2454716.875           10.0            4.1
    2454753.885            1.5            3.6
     2454755.85           -0.6            3.8
    2454777.733            3.7            4.1
    2454806.796           -0.1            5.5
     2454808.77           -3.0            4.3
    2454809.763           -1.8            6.1
    2455026.973            7.9            5.7
    2455063.965            2.1            5.0
    2455099.996            3.7            4.9
    2455116.856            6.9            6.8
    2455154.739           10.3            7.6
    2455174.788           11.9            5.8
    2455364.972           10.6            5.0
    2455419.012            0.2            4.7
    2455446.847           12.5            3.6
    2455446.856           12.0            3.1
    2455463.833            7.2            5.2
    2455466.842            5.1            4.8
    2455569.653            1.8            4.1
    2455571.713            8.5            4.6
    2455572.671           10.9            4.8
    2455621.621            7.1            4.6
    2455757.974            7.2            5.0
    2455803.919            5.2            4.3
    2455806.936            0.3            4.3
    2455828.781            3.5            4.2
    2455831.849            9.7            5.1
    2455861.842           -2.4            4.2
    2455864.796            5.6            4.4
    2455892.745            0.0            4.9
