    2451745.994            8.4            4.3
    2451778.895            6.3            3.7
    2451808.867            5.1            3.6
    2451853.766           -5.2            4.1
    2451856.801            6.5            4.6
    2451898.637           -0.4            8.0
    2451932.609           -3.1            3.9
    2452163.861           16.6            4.9
    2452175.851            9.6            4.0
    2452307.598            5.5            4.5
    2452465.989            3.3            5.3
    2452483.985           -0.6            5.0
    2452494.987           14.5            5.0
    2452517.936           -4.9            5.2
     2452528.91            5.7            5.2
     2452530.91           -3.4            4.5
    2452541.904            1.5            4.5
    2452543.883            3.6            5.0
    2452559.914            2.4            6.4
    2452561.795           12.1            8.4
    2452571.791           -1.1            5.0
     2452589.81            6.0            5.7
    2452603.782           16.2            4.9
    2452605.724            1.0            4.8
    2452616.772           14.6            5.9
    2452665.604            5.7            4.2
    2452668.611            0.8            5.3
    2452837.972           -2.8            5.4
    2452861.963           11.8            4.1
    2452863.985           -5.9            5.2
    2452879.918            5.1            4.2
    2452880.947           -3.4            5.0
    2452898.911           11.3            4.7
    2452900.928            1.5            4.8
    2452932.839            9.6            4.3
    2452934.804           -2.5            4.6
    2452963.753            2.0            5.2
    2452965.809           -1.3            5.4
     2453022.63           -2.8            5.6
     2453208.01            6.7            3.8
    2453209.978            1.1            3.7
    2453214.961           -7.0            4.2
    2453231.961           -1.1            4.0
    2453233.909            8.5            3.9
     2453235.96           -1.8            4.2
    2453265.899           -7.1            3.8
    2453268.919            1.1            4.0
     2453269.81            0.7            3.5
    2453286.828           -0.7            3.8
    2453324.713            6.4            5.5
    2453354.654            8.6            3.8
    2453400.642            5.7            7.5
    2453550.983           15.3            4.4
    2453578.964           -3.8            4.6
    2453613.923           16.2            4.2
    2453654.771            5.3            4.1
    2453701.724           10.5            4.6
    2453740.745           10.2            4.7
    2453911.993           -8.2            3.6
    2453917.013           -5.3            3.9
    2453934.974           12.5            3.9
    2453968.925            8.8            3.2
    2453981.851            4.6            3.8
    2453985.899           13.2            4.0
    2454055.755            5.1            3.9
    2454297.975           10.6            4.1
    2454300.974          -10.3            4.0
    2454314.939            6.8            3.6
    2454318.981            3.7            4.2
    2454344.859           10.2            4.3
    2454348.917           15.2            4.0
    2454391.887           11.5            5.4
    2454394.775           14.0            4.2
    2454418.777            0.4            4.5
    2454420.763           11.1            4.2
    2454440.653            6.1            3.4
    2454443.651           -3.3            3.6
    2454481.638           -2.5            3.9
    2454503.651            9.6            4.3
    2454645.984            5.1            4.5
    2454646.968           -5.8            4.2
    2454668.009            3.8            3.7
    2454681.904            8.2            3.8
     2454683.97            6.7            3.8
    2454711.893           10.5            4.1
    2454713.873            3.3            4.2
    2454715.882            2.9            4.6
    2454716.875            7.8            4.1
    2454753.885            2.5            3.6
     2454755.85           -0.6            3.8
    2454777.733            0.5            4.1
    2454806.796           -3.2            5.5
     2454808.77           15.3            4.3
    2454809.763           15.3            6.1
    2455026.973            4.8            5.7
    2455063.965           13.9            5.0
    2455099.996           -4.9            4.9
    2455116.856            8.0            6.8
    2455154.739           12.7            7.6
    2455174.788           -3.2            5.8
    2455364.972            4.6            5.0
    2455419.012           10.4            4.7
    2455446.847            9.3            3.6
    2455446.856            8.5            3.1
    2455463.833            5.4            5.2
    2455466.842            0.5            4.8
    2455569.653           16.6            4.1
    2455571.713           -6.2            4.6
    2455572.671            1.4            4.8
    2455621.621           -1.6            4.6
    2455757.974           -3.8            5.0
    2455803.919            1.9            4.3
    2455806.936           13.3            4.3
    2455828.781            0.0            4.2
    2455831.849           17.0            5.1
    2455861.842           14.8            4.2
    2455864.796            7.6            4.4
    2455892.745           -7.1            4.9
