    2451745.994            8.7            4.3
    2451778.895            2.6            3.7
    2451808.867            3.6            3.6
    2451853.766            1.3            4.1
    2451856.801           -1.2            4.6
    2451898.637           -5.5            8.0
    2451932.609           -0.9            3.9
    2452163.861           14.4            4.9
    2452175.851            7.9            4.0
    2452307.598           13.9            4.5
    2452465.989            8.9            5.3
    2452483.985           -0.5            5.0
    2452494.987            4.6            5.0
    2452517.936            0.9            5.2
     2452528.91            8.2            5.2
     2452530.91           -3.9            4.5
    2452541.904            9.0            4.5
    2452543.883            8.7            5.0
    2452559.914            9.8            6.4
    2452561.795            5.7            8.4
    2452571.791            1.2            5.0
     2452589.81           13.8            5.7
    2452603.782            2.9            4.9
    2452605.724           11.4            4.8
    2452616.772            3.0            5.9
    2452665.604           11.6            4.2
    2452668.611           11.3            5.3
    2452837.972            2.2            5.4
    2452861.963           16.5            4.1
    2452863.985           11.5            5.2
    2452879.918            5.7            4.2
    2452880.947            3.8            5.0
    2452898.911            4.7            4.7
    2452900.928           -2.5            4.8
    2452932.839           -2.9            4.3
    2452934.804            4.3            4.6
    2452963.753           -0.7            5.2
    2452965.809           -3.7            5.4
     2453022.63           14.4            5.6
     2453208.01            9.2            3.8
    2453209.978           11.6            3.7
    2453214.961            9.9            4.2
    2453231.961            0.6            4.0
    2453233.909           -4.4            3.9
     2453235.96           -8.9            4.2
    2453265.899           -5.4            3.8
    2453268.919            4.0            4.0
     2453269.81            2.2            3.5
    2453286.828            8.1            3.8
    2453324.713            3.0            5.5
    2453354.654            2.9            3.8
    2453400.642           12.6            7.5
    2453550.983           -5.8            4.4
    2453578.964           13.0            4.6
    2453613.923            4.7            4.2
    2453654.771           12.7            4.1
    2453701.724            7.4            4.6
    2453740.745            4.0            4.7
    2453911.993            4.6            3.6
    2453917.013           -5.8            3.9
    2453934.974           -2.6            3.9
    2453968.925            4.0            3.2
    2453981.851           -9.8            3.8
    2453985.899            3.3            4.0
    2454055.755            9.7            3.9
    2454297.975           -9.8            4.1
    2454300.974           -1.6            4.0
    2454314.939           -2.3            3.6
    2454318.981           11.4            4.2
    2454344.859           -5.6            4.3
    2454348.917            2.5            4.0
    2454391.887            5.8            5.4
    2454394.775           -0.4            4.2
    2454418.777            5.3            4.5
    2454420.763            7.9            4.2
    2454440.653            0.4            3.4
    2454443.651            4.6            3.6
    2454481.638           14.0            3.9
    2454503.651           -1.4            4.3
    2454645.984           -0.2            4.5
    2454646.968            0.9            4.2
    2454668.009           -0.4            3.7
    2454681.904            0.2            3.8
     2454683.97            6.9            3.8
    2454711.893            2.1            4.1
    2454713.873            7.3            4.2
    2454715.882            5.1            4.6
    2454716.875            7.4            4.1
    2454753.885           14.3            3.6
     2454755.85           11.5            3.8
    2454777.733           -1.5            4.1
    2454806.796           -4.9            5.5
     2454808.77           -0.2            4.3
    2454809.763            0.9            6.1
    2455026.973            1.6            5.7
    2455063.965            3.9            5.0
    2455099.996           12.8            4.9
    2455116.856           11.9            6.8
    2455154.739            9.3            7.6
    2455174.788           -2.7            5.8
    2455364.972           -3.3            5.0
    2455419.012           15.1            4.7
    2455446.847            3.9            3.6
    2455446.856            3.4            3.1
    2455463.833           12.3            5.2
    2455466.842           16.2            4.8
    2455569.653           -7.7            4.1
    2455571.713            0.3            4.6
    2455572.671            5.7            4.8
    2455621.621           12.1            4.6
    2455757.974            1.6            5.0
    2455803.919            2.8            4.3
    2455806.936            1.5            4.3
    2455828.781            7.7            4.2
    2455831.849            6.5            5.1
    2455861.842            7.6            4.2
    2455864.796           13.9            4.4
    2455892.745            5.8            4.9
