    2451745.994           12.6            4.3
    2451778.895            4.8            3.7
    2451808.867           -3.0            3.6
    2451853.766           -9.3            4.1
    2451856.801            8.0            4.6
    2451898.637           13.4            8.0
    2451932.609            1.3            3.9
    2452163.861           18.4            4.9
    2452175.851            9.8            4.0
    2452307.598           15.3            4.5
    2452465.989           10.4            5.3
    2452483.985            7.1            5.0
    2452494.987           -8.6            5.0
    2452517.936           -7.5            5.2
     2452528.91            2.2            5.2
     2452530.91          -10.2            4.5
    2452541.904            9.2            4.5
    2452543.883            1.4            5.0
    2452559.914           18.5            6.4
    2452561.795            5.4            8.4
    2452571.791           12.6            5.0
     2452589.81           14.7            5.7
    2452603.782            4.5            4.9
    2452605.724           -5.0            4.8
    2452616.772           -7.8            5.9
    2452665.604            1.8            4.2
    2452668.611           -2.4            5.3
    2452837.972           -1.1            5.4
    2452861.963           -0.6            4.1
    2452863.985           -2.4            5.2
    2452879.918            3.0            4.2
    2452880.947            5.2            5.0
    2452898.911            8.9            4.7
    2452900.928           -3.5            4.8
    2452932.839            8.7            4.3
    2452934.804           17.9            4.6
    2452963.753            4.2            5.2
    2452965.809           14.4            5.4
     2453022.63            8.1            5.6
     2453208.01           -2.6            3.8
    2453209.978           15.4            3.7
    2453214.961           -2.9            4.2
    2453231.961            5.2            4.0
    2453233.909            3.2            3.9
     2453235.96           10.8            4.2
    2453265.899           14.6            3.8
    2453268.919           -2.8            4.0
     2453269.81           -9.1            3.5
    2453286.828           -1.8            3.8
    2453324.713           -2.5            5.5
    2453354.654           -0.6            3.8
    2453400.642            7.1            7.5
    2453550.983            0.1            4.4
    2453578.964            3.1            4.6
    2453613.923           -6.9            4.2
    2453654.771           17.7            4.1
    2453701.724          -11.3            4.6
    2453740.745           13.7            4.7
    2453911.993           17.1            3.6
    2453917.013            2.8            3.9
    2453934.974           -3.0            3.9
    2453968.925            7.4            3.2
    2453981.851            7.2            3.8
    2453985.899           11.8            4.0
    2454055.755           21.3            3.9
    2454297.975           -2.3            4.1
    2454300.974           19.3            4.0
    2454314.939            7.4            3.6
    2454318.981           16.5            4.2
    2454344.859            6.7            4.3
    2454348.917            2.5            4.0
    2454391.887           -9.7            5.4
    2454394.775            4.2            4.2
    2454418.777           13.3            4.5
    2454420.763           -0.5            4.2
    2454440.653            2.1            3.4
    2454443.651            6.3            3.6
    2454481.638            5.2            3.9
    2454503.651            5.6            4.3
    2454645.984            4.0            4.5
    2454646.968           -1.9            4.2
    2454668.009           -3.7            3.7
    2454681.904            7.8            3.8
     2454683.97            6.8            3.8
    2454711.893            3.1            4.1
    2454713.873            9.9            4.2
    2454715.882           -5.4            4.6
    2454716.875           -2.3            4.1
    2454753.885           -9.9            3.6
     2454755.85            5.4            3.8
    2454777.733            1.3            4.1
    2454806.796           15.2            5.5
     2454808.77            0.9            4.3
    2454809.763            2.8            6.1
    2455026.973            6.4            5.7
    2455063.965           10.5            5.0
    2455099.996            2.6            4.9
    2455116.856           -2.3            6.8
    2455154.739           -4.2            7.6
    2455174.788            0.9            5.8
    2455364.972           21.5            5.0
    2455419.012           -1.6            4.7
    2455446.847            8.9            3.6
    2455446.856            8.6            3.1
    2455463.833           12.4            5.2
    2455466.842            5.9            4.8
    2455569.653           15.2            4.1
    2455571.713            8.9            4.6
    2455572.671           -1.8            4.8
    2455621.621           14.8            4.6
    2455757.974            0.2            5.0
    2455803.919           16.4            4.3
    2455806.936           -5.7            4.3
    2455828.781           14.9            4.2
    2455831.849           -9.0            5.1
    2455861.842           -1.7            4.2
    2455864.796           16.3            4.4
    2455892.745           -4.9            4.9
