    2451745.994            2.8            4.3
    2451778.895           -7.5            3.7
    2451808.867          -19.6            3.6
    2451853.766           -2.1            4.1
    2451856.801           15.7            4.6
    2451898.637           -0.8            8.0
    2451932.609           -4.7            3.9
    2452163.861           -2.0            4.9
    2452175.851           16.8            4.0
    2452307.598          -12.6            4.5
    2452465.989           -5.0            5.3
    2452483.985            1.1            5.0
    2452494.987           -2.0            5.0
    2452517.936           13.7            5.2
     2452528.91           16.9            5.2
     2452530.91           24.7            4.5
    2452541.904           21.5            4.5
    2452543.883           15.8            5.0
    2452559.914            1.6            6.4
    2452561.795           18.9            8.4
    2452571.791           17.6            5.0
     2452589.81           -0.6            5.7
    2452603.782           17.8            4.9
    2452605.724            8.8            4.8
    2452616.772            3.9            5.9
    2452665.604           22.1            4.2
    2452668.611           -3.3            5.3
    2452837.972           -3.9            5.4
    2452861.963           -6.6            4.1
    2452863.985           10.0            5.2
    2452879.918           -1.8            4.2
    2452880.947          -13.6            5.0
    2452898.911           -4.2            4.7
    2452900.928           -6.4            4.8
    2452932.839           -7.8            4.3
    2452934.804            9.0            4.6
    2452963.753            2.5            5.2
    2452965.809           24.7            5.4
     2453022.63          -10.9            5.6
     2453208.01            8.8            3.8
    2453209.978           10.7            3.7
    2453214.961          -11.2            4.2
    2453231.961          -13.1            4.0
    2453233.909          -16.4            3.9
     2453235.96            8.6            4.2
    2453265.899           -6.8            3.8
    2453268.919           16.8            4.0
     2453269.81           23.6            3.5
    2453286.828            9.4            3.8
    2453324.713            1.3            5.5
    2453354.654            3.6            3.8
    2453400.642            3.1            7.5
    2453550.983            9.3            4.4
    2453578.964           -6.9            4.6
    2453613.923           20.1            4.2
    2453654.771           29.2            4.1
    2453701.724            2.8            4.6
    2453740.745           -6.7            4.7
    2453911.993            4.4            3.6
    2453917.013            3.4            3.9
    2453934.974           23.2            3.9
    2453968.925           10.9            3.2
    2453981.851            5.1            3.8
    2453985.899            9.4            4.0
    2454055.755          -14.5            3.9
    2454297.975           -0.3            4.1
    2454300.974           20.1            4.0
    2454314.939          -11.4            3.6
    2454318.981            0.6            4.2
    2454344.859          -16.8            4.3
    2454348.917            2.8            4.0
    2454391.887           11.8            5.4
    2454394.775            5.3            4.2
    2454418.777           10.3            4.5
    2454420.763           11.2            4.2
    2454440.653           -8.2            3.4
    2454443.651           11.6            3.6
    2454481.638           -5.1            3.9
    2454503.651            4.2            4.3
    2454645.984            0.0            4.5
    2454646.968          -12.2            4.2
    2454668.009          -11.7            3.7
    2454681.904           18.6            3.8
     2454683.97           18.9            3.8
    2454711.893           11.0            4.1
    2454713.873           24.5            4.2
    2454715.882           15.2            4.6
    2454716.875           -0.6            4.1
    2454753.885           -0.2            3.6
     2454755.85            0.3            3.8
    2454777.733           21.2            4.1
    2454806.796            6.7            5.5
     2454808.77           13.3            4.3
    2454809.763           10.7            6.1
    2455026.973           18.5            5.7
    2455063.965          -18.4            5.0
    2455099.996            6.1            4.9
    2455116.856            9.1            6.8
    2455154.739           10.3            7.6
    2455174.788           -1.0            5.8
    2455364.972           -4.4            5.0
    2455419.012            1.5            4.7
    2455446.847           -8.6            3.6
    2455446.856           -9.8            3.1
    2455463.833           12.4            5.2
    2455466.842           -0.3            4.8
    2455569.653            0.3            4.1
    2455571.713           -6.2            4.6
    2455572.671            1.0            4.8
    2455621.621           -0.5            4.6
    2455757.974            8.5            5.0
    2455803.919            3.2            4.3
    2455806.936            9.8            4.3
    2455828.781           21.3            4.2
    2455831.849           -7.8            5.1
    2455861.842           -5.8            4.2
    2455864.796           -5.6            4.4
    2455892.745            0.3            4.9
