    2451745.994            2.9            4.3
    2451778.895            6.2            3.7
    2451808.867           -2.8            3.6
    2451853.766            2.2            4.1
    2451856.801            8.3            4.6
    2451898.637            9.4            8.0
    2451932.609            6.9            3.9
    2452163.861           -9.3            4.9
    2452175.851           -5.3            4.0
    2452307.598           -5.3            4.5
    2452465.989           16.2            5.3
    2452483.985            5.1            5.0
    2452494.987           10.3            5.0
    2452517.936            0.6            5.2
     2452528.91           -0.5            5.2
     2452530.91           -2.3            4.5
    2452541.904           10.8            4.5
    2452543.883           13.5            5.0
    2452559.914            2.1            6.4
    2452561.795           -0.8            8.4
    2452571.791           -5.0            5.0
     2452589.81            7.5            5.7
    2452603.782           11.3            4.9
    2452605.724           14.7            4.8
    2452616.772           -0.9            5.9
    2452665.604            1.2            4.2
    2452668.611            8.2            5.3
    2452837.972           -2.0            5.4
    2452861.963           12.2            4.1
    2452863.985            9.4            5.2
    2452879.918           14.1            4.2
    2452880.947            7.3            5.0
    2452898.911           14.8            4.7
    2452900.928           10.1            4.8
    2452932.839           -1.8            4.3
    2452934.804            2.2            4.6
    2452963.753            1.7            5.2
    2452965.809            5.3            5.4
     2453022.63            3.1            5.6
     2453208.01           11.1            3.8
    2453209.978            9.7            3.7
    2453214.961            9.5            4.2
    2453231.961            0.8            4.0
    2453233.909            3.6            3.9
     2453235.96           -2.2            4.2
    2453265.899            9.2            3.8
    2453268.919           -5.7            4.0
     2453269.81           11.0            3.5
    2453286.828            1.2            3.8
    2453324.713            2.8            5.5
    2453354.654           -2.9            3.8
    2453400.642           12.0            7.5
    2453550.983           11.2            4.4
    2453578.964           11.2            4.6
    2453613.923            6.8            4.2
    2453654.771            7.1            4.1
    2453701.724            2.4            4.6
    2453740.745            4.0            4.7
    2453911.993            3.8            3.6
    2453917.013            7.2            3.9
    2453934.974           -2.3            3.9
    2453968.925            9.5            3.2
    2453981.851           -1.4            3.8
    2453985.899            0.2            4.0
    2454055.755           -0.5            3.9
    2454297.975           -9.2            4.1
    2454300.974            9.5            4.0
    2454314.939            6.6            3.6
    2454318.981           12.1            4.2
    2454344.859           -4.1            4.3
    2454348.917           -2.5            4.0
    2454391.887            5.6            5.4
    2454394.775            9.3            4.2
    2454418.777           -2.3            4.5
    2454420.763           -7.8            4.2
    2454440.653            4.6            3.4
    2454443.651            0.0            3.6
    2454481.638            5.5            3.9
    2454503.651            7.8            4.3
    2454645.984           -0.7            4.5
    2454646.968            7.2            4.2
    2454668.009           11.7            3.7
    2454681.904            6.0            3.8
     2454683.97           10.8            3.8
    2454711.893           -7.4            4.1
    2454713.873           -3.9            4.2
    2454715.882            0.8            4.6
    2454716.875           11.0            4.1
    2454753.885           11.5            3.6
     2454755.85            5.7            3.8
    2454777.733           -3.2            4.1
    2454806.796            7.8            5.5
     2454808.77            8.3            4.3
    2454809.763           10.6            6.1
    2455026.973           11.5            5.7
    2455063.965           10.1            5.0
    2455099.996            7.9            4.9
    2455116.856           10.1            6.8
    2455154.739            4.8            7.6
    2455174.788            4.4            5.8
    2455364.972           15.5            5.0
    2455419.012           -1.9            4.7
    2455446.847           11.5            3.6
    2455446.856           11.0            3.1
    2455463.833           -2.0            5.2
    2455466.842            1.1            4.8
    2455569.653           14.8            4.1
    2455571.713           17.1            4.6
    2455572.671            3.2            4.8
    2455621.621            7.4            4.6
    2455757.974            9.4            5.0
    2455803.919            0.6            4.3
    2455806.936           -2.4            4.3
    2455828.781            2.3            4.2
    2455831.849           13.4            5.1
    2455861.842           -0.4            4.2
    2455864.796            6.3            4.4
    2455892.745            3.4            4.9
