    2451745.994           -1.9            4.3
    2451778.895            1.0            3.7
    2451808.867            2.4            3.6
    2451853.766            3.1            4.1
    2451856.801            5.2            4.6
    2451898.637            9.7            8.0
    2451932.609            6.6            3.9
    2452163.861            3.1            4.9
    2452175.851            0.7            4.0
    2452307.598            3.2            4.5
    2452465.989            8.3            5.3
    2452483.985            4.5            5.0
    2452494.987            3.8            5.0
    2452517.936            1.5            5.2
     2452528.91            1.4            5.2
     2452530.91            1.1            4.5
    2452541.904            9.8            4.5
    2452543.883            7.9            5.0
    2452559.914            6.1            6.4
    2452561.795            7.6            8.4
    2452571.791           -0.1            5.0
     2452589.81            4.5            5.7
    2452603.782            6.2            4.9
    2452605.724            7.8            4.8
    2452616.772            9.2            5.9
    2452665.604            5.7            4.2
    2452668.611            6.9            5.3
    2452837.972            2.1            5.4
    2452861.963            2.4            4.1
    2452863.985            4.2            5.2
    2452879.918            7.7            4.2
    2452880.947            6.0            5.0
    2452898.911            7.4            4.7
    2452900.928            8.6            4.8
    2452932.839            1.7            4.3
    2452934.804            3.0            4.6
    2452963.753            4.6            5.2
    2452965.809            5.0            5.4
     2453022.63            9.2            5.6
     2453208.01            4.2            3.8
    2453209.978            4.0            3.7
    2453214.961            4.4            4.2
    2453231.961            2.4            4.0
    2453233.909            6.3            3.9
     2453235.96            9.5            4.2
    2453265.899           -2.6            3.8
    2453268.919            1.4            4.0
     2453269.81           -2.4            3.5
    2453286.828           -1.5            3.8
    2453324.713            4.1            5.5
    2453354.654            0.9            3.8
    2453400.642           10.9            7.5
    2453550.983           -0.8            4.4
    2453578.964            8.9            4.6
    2453613.923            5.6            4.2
    2453654.771            2.0            4.1
    2453701.724            4.1            4.6
    2453740.745           10.7            4.7
    2453911.993            0.5            3.6
    2453917.013            6.6            3.9
    2453934.974           10.1            3.9
    2453968.925            1.5            3.2
    2453981.851            3.3            3.8
    2453985.899            5.7            4.0
    2454055.755            0.3            3.9
    2454297.975            7.7            4.1
    2454300.974            1.5            4.0
    2454314.939            5.1            3.6
    2454318.981            4.5            4.2
    2454344.859           10.5            4.3
    2454348.917            7.3            4.0
    2454391.887            1.4            5.4
    2454394.775            2.4            4.2
    2454418.777            7.7            4.5
    2454420.763            8.8            4.2
    2454440.653           -0.2            3.4
    2454443.651           -0.2            3.6
    2454481.638            6.1            3.9
    2454503.651            6.1            4.3
    2454645.984            0.4            4.5
    2454646.968            5.3            4.2
    2454668.009            7.4            3.7
    2454681.904            5.3            3.8
     2454683.97            6.0            3.8
    2454711.893            1.0            4.1
    2454713.873            1.6            4.2
    2454715.882            4.0            4.6
    2454716.875           -0.0            4.1
    2454753.885            3.9            3.6
     2454755.85            7.8            3.8
    2454777.733            4.1            4.1
    2454806.796            0.5            5.5
     2454808.77            0.6            4.3
    2454809.763            7.8            6.1
    2455026.973           12.1            5.7
    2455063.965            6.3            5.0
    2455099.996           11.0            4.9
    2455116.856           12.9            6.8
    2455154.739            8.7            7.6
    2455174.788            4.0            5.8
    2455364.972            6.4            5.0
    2455419.012            8.7            4.7
    2455446.847            5.5            3.6
    2455446.856            5.0            3.1
    2455463.833            7.6            5.2
    2455466.842            3.4            4.8
    2455569.653            2.7            4.1
    2455571.713            0.9            4.6
    2455572.671            2.2            4.8
    2455621.621            6.8            4.6
    2455757.974            4.2            5.0
    2455803.919            6.7            4.3
    2455806.936            3.6            4.3
    2455828.781            4.7            4.2
    2455831.849            9.8            5.1
    2455861.842            3.5            4.2
    2455864.796            9.6            4.4
    2455892.745            0.9            4.9
