    2451745.994           35.2            4.3
    2451778.895           -9.5            3.7
    2451808.867            9.6            3.6
    2451853.766          -14.5            4.1
    2451856.801           -6.3            4.6
    2451898.637            3.2            8.0
    2451932.609           -7.6            3.9
    2452163.861           -5.7            4.9
    2452175.851            7.1            4.0
    2452307.598           32.3            4.5
    2452465.989          -18.3            5.3
    2452483.985            8.4            5.0
    2452494.987          -14.3            5.0
    2452517.936           -2.9            5.2
     2452528.91           -5.0            5.2
     2452530.91           13.7            4.5
    2452541.904            2.3            4.5
    2452543.883           40.4            5.0
    2452559.914           30.4            6.4
    2452561.795            0.9            8.4
    2452571.791           -2.1            5.0
     2452589.81           -9.8            5.7
    2452603.782           -2.4            4.9
    2452605.724            9.6            4.8
    2452616.772          -17.9            5.9
    2452665.604           17.8            4.2
    2452668.611           15.7            5.3
    2452837.972           13.2            5.4
    2452861.963           12.2            4.1
    2452863.985            7.5            5.2
    2452879.918           18.7            4.2
    2452880.947           10.8            5.0
    2452898.911           13.4            4.7
    2452900.928            6.8            4.8
    2452932.839           22.6            4.3
    2452934.804          -10.0            4.6
    2452963.753          -17.3            5.2
    2452965.809          -10.5            5.4
     2453022.63            6.8            5.6
     2453208.01            3.6            3.8
    2453209.978           -4.1            3.7
    2453214.961           -1.1            4.2
    2453231.961           -5.4            4.0
    2453233.909           -1.2            3.9
     2453235.96           24.1            4.2
    2453265.899           -8.5            3.8
    2453268.919           -4.1            4.0
     2453269.81           19.1            3.5
    2453286.828          -15.4            3.8
    2453324.713          -12.3            5.5
    2453354.654            7.6            3.8
    2453400.642           -7.4            7.5
    2453550.983            2.2            4.4
    2453578.964           -0.7            4.6
    2453613.923            3.4            4.2
    2453654.771            9.9            4.1
    2453701.724            6.0            4.6
    2453740.745           -7.3            4.7
    2453911.993            9.3            3.6
    2453917.013            4.3            3.9
    2453934.974           32.1            3.9
    2453968.925            4.8            3.2
    2453981.851            7.6            3.8
    2453985.899            3.1            4.0
    2454055.755            0.4            3.9
    2454297.975           12.2            4.1
    2454300.974           12.7            4.0
    2454314.939            1.4            3.6
    2454318.981           10.6            4.2
    2454344.859           15.9            4.3
    2454348.917           -0.6            4.0
    2454391.887           -0.6            5.4
    2454394.775          -17.4            4.2
    2454418.777          -12.2            4.5
    2454420.763           12.5            4.2
    2454440.653            2.9            3.4
    2454443.651           38.0            3.6
    2454481.638           22.6            3.9
    2454503.651           -3.4            4.3
    2454645.984            4.8            4.5
    2454646.968           -1.7            4.2
    2454668.009           -9.3            3.7
    2454681.904           14.9            3.8
     2454683.97          -13.0            3.8
    2454711.893           14.1            4.1
    2454713.873           -0.1            4.2
    2454715.882           -3.4            4.6
    2454716.875           28.4            4.1
    2454753.885           15.1            3.6
     2454755.85           14.2            3.8
    2454777.733           29.9            4.1
    2454806.796           28.0            5.5
     2454808.77           17.3            4.3
    2454809.763           30.0            6.1
    2455026.973            6.0            5.7
    2455063.965            2.5            5.0
    2455099.996          -16.2            4.9
    2455116.856           15.2            6.8
    2455154.739           -0.1            7.6
    2455174.788           15.6            5.8
    2455364.972           -6.2            5.0
    2455419.012           23.4            4.7
    2455446.847           -1.3            3.6
    2455446.856           -1.7            3.1
    2455463.833           11.9            5.2
    2455466.842           15.3            4.8
    2455569.653           29.1            4.1
    2455571.713           -8.2            4.6
    2455572.671           13.5            4.8
    2455621.621           -3.9            4.6
    2455757.974           19.4            5.0
    2455803.919           25.6            4.3
    2455806.936            4.9            4.3
    2455828.781           -4.6            4.2
    2455831.849            3.6            5.1
    2455861.842           -5.2            4.2
    2455864.796           16.2            4.4
    2455892.745            1.7            4.9
