    2451745.994            1.9            4.3
    2451778.895           14.4            3.7
    2451808.867           -0.5            3.6
    2451853.766            4.4            4.1
    2451856.801            1.3            4.6
    2451898.637           11.3            8.0
    2451932.609           -0.7            3.9
    2452163.861            0.1            4.9
    2452175.851            3.9            4.0
    2452307.598            0.2            4.5
    2452465.989            2.6            5.3
    2452483.985           11.2            5.0
    2452494.987           -7.9            5.0
    2452517.936           -5.6            5.2
     2452528.91           20.8            5.2
     2452530.91           15.0            4.5
    2452541.904            4.2            4.5
    2452543.883            9.9            5.0
    2452559.914            3.6            6.4
    2452561.795            7.0            8.4
    2452571.791           12.4            5.0
     2452589.81           -1.8            5.7
    2452603.782           -3.7            4.9
    2452605.724            4.8            4.8
    2452616.772           -6.1            5.9
    2452665.604            7.6            4.2
    2452668.611            4.3            5.3
    2452837.972           12.7            5.4
    2452861.963           -1.2            4.1
    2452863.985           -1.5            5.2
    2452879.918            4.2            4.2
    2452880.947           15.8            5.0
    2452898.911           -8.8            4.7
    2452900.928           -3.8            4.8
    2452932.839           13.2            4.3
    2452934.804            6.8            4.6
    2452963.753            7.0            5.2
    2452965.809           10.1            5.4
     2453022.63           -1.7            5.6
     2453208.01           -3.8            3.8
    2453209.978           -8.1            3.7
    2453214.961            6.7            4.2
    2453231.961            3.0            4.0
    2453233.909            7.7            3.9
     2453235.96            6.2            4.2
    2453265.899            2.1            3.8
    2453268.919            8.2            4.0
     2453269.81            3.6            3.5
    2453286.828           13.2            3.8
    2453324.713            1.3            5.5
    2453354.654            5.7            3.8
    2453400.642           18.6            7.5
    2453550.983            9.0            4.4
    2453578.964           10.6            4.6
    2453613.923           -3.6            4.2
    2453654.771           -9.7            4.1
    2453701.724           10.1            4.6
    2453740.745            7.2            4.7
    2453911.993           -1.2            3.6
    2453917.013           14.9            3.9
    2453934.974           -3.4            3.9
    2453968.925           10.0            3.2
    2453981.851            9.5            3.8
    2453985.899           -0.7            4.0
    2454055.755           14.7            3.9
    2454297.975            4.1            4.1
    2454300.974            6.0            4.0
    2454314.939           15.1            3.6
    2454318.981            9.9            4.2
    2454344.859           -5.5            4.3
    2454348.917           -4.6            4.0
    2454391.887            7.8            5.4
    2454394.775           11.1            4.2
    2454418.777           -4.8            4.5
    2454420.763           -2.1            4.2
    2454440.653            6.7            3.4
    2454443.651            0.8            3.6
    2454481.638            4.5            3.9
    2454503.651           -2.2            4.3
    2454645.984            2.6            4.5
    2454646.968            4.0            4.2
    2454668.009            0.7            3.7
    2454681.904           12.2            3.8
     2454683.97            5.5            3.8
    2454711.893            0.2            4.1
    2454713.873           -2.5            4.2
    2454715.882            0.4            4.6
    2454716.875           14.7            4.1
    2454753.885           16.9            3.6
     2454755.85            7.3            3.8
    2454777.733           -4.2            4.1
    2454806.796            0.1            5.5
     2454808.77            3.9            4.3
    2454809.763           12.4            6.1
    2455026.973            8.0            5.7
    2455063.965           -2.1            5.0
    2455099.996           12.5            4.9
    2455116.856           -0.9            6.8
    2455154.739            6.3            7.6
    2455174.788           -5.2            5.8
    2455364.972            9.5            5.0
    2455419.012            4.3            4.7
    2455446.847           -0.8            3.6
    2455446.856           -1.4            3.1
    2455463.833           -0.5            5.2
    2455466.842           13.6            4.8
    2455569.653            6.5            4.1
    2455571.713            8.2            4.6
    2455572.671           -3.9            4.8
    2455621.621            0.4            4.6
    2455757.974          -10.6            5.0
    2455803.919           10.0            4.3
    2455806.936            1.3            4.3
    2455828.781            8.9            4.2
    2455831.849            3.6            5.1
    2455861.842           14.4            4.2
    2455864.796           -2.0            4.4
    2455892.745           10.6            4.9
