    2451745.994           -9.1            4.3
    2451778.895           15.4            3.7
    2451808.867          -11.1            3.6
    2451853.766           16.8            4.1
    2451856.801           22.3            4.6
    2451898.637           13.7            8.0
    2451932.609            1.0            3.9
    2452163.861           25.5            4.9
    2452175.851           -4.8            4.0
    2452307.598           -7.1            4.5
    2452465.989           12.6            5.3
    2452483.985            7.8            5.0
    2452494.987            2.1            5.0
    2452517.936           -3.8            5.2
     2452528.91           -4.6            5.2
     2452530.91            2.1            4.5
    2452541.904           15.1            4.5
    2452543.883           -4.0            5.0
    2452559.914           30.7            6.4
    2452561.795           10.2            8.4
    2452571.791           -5.3            5.0
     2452589.81           -0.5            5.7
    2452603.782          -12.1            4.9
    2452605.724           18.1            4.8
    2452616.772            5.3            5.9
    2452665.604           15.4            4.2
    2452668.611           18.0            5.3
    2452837.972            6.2            5.4
    2452861.963           12.7            4.1
    2452863.985           -9.3            5.2
    2452879.918           23.4            4.2
    2452880.947           12.4            5.0
    2452898.911            0.5            4.7
    2452900.928            5.1            4.8
    2452932.839           11.6            4.3
    2452934.804           -7.7            4.6
    2452963.753           -3.2            5.2
    2452965.809           21.8            5.4
     2453022.63            3.4            5.6
     2453208.01           16.7            3.8
    2453209.978            1.8            3.7
    2453214.961           21.9            4.2
    2453231.961          -19.9            4.0
    2453233.909           -8.1            3.9
     2453235.96            5.2            4.2
    2453265.899           19.4            3.8
    2453268.919           22.5            4.0
     2453269.81          -13.9            3.5
    2453286.828           13.1            3.8
    2453324.713           23.5            5.5
    2453354.654           -3.4            3.8
    2453400.642            9.2            7.5
    2453550.983           10.8            4.4
    2453578.964           26.9            4.6
    2453613.923           13.4            4.2
    2453654.771           -5.0            4.1
    2453701.724           -8.9            4.6
    2453740.745           -2.0            4.7
    2453911.993           -9.2            3.6
    2453917.013            3.8            3.9
    2453934.974           -4.6            3.9
    2453968.925           -2.6            3.2
    2453981.851           12.7            3.8
    2453985.899            2.2            4.0
    2454055.755           21.1            3.9
    2454297.975           -2.6            4.1
    2454300.974          -16.6            4.0
    2454314.939           -5.2            3.6
    2454318.981          -11.3            4.2
    2454344.859           17.3            4.3
    2454348.917           10.0            4.0
    2454391.887           20.1            5.4
    2454394.775            6.3            4.2
    2454418.777           14.8            4.5
    2454420.763          -16.6            4.2
    2454440.653            5.3            3.4
    2454443.651            8.6            3.6
    2454481.638           -3.1            3.9
    2454503.651            4.5            4.3
    2454645.984           -3.7            4.5
    2454646.968           -9.5            4.2
    2454668.009           -5.1            3.7
    2454681.904           -8.5            3.8
     2454683.97           15.7            3.8
    2454711.893           11.6            4.1
    2454713.873            2.9            4.2
    2454715.882           13.7            4.6
    2454716.875           -8.3            4.1
    2454753.885            2.2            3.6
     2454755.85           -0.2            3.8
    2454777.733            0.8            4.1
    2454806.796           -8.6            5.5
     2454808.77            5.0            4.3
    2454809.763           -1.3            6.1
    2455026.973           -0.3            5.7
    2455063.965            4.3            5.0
    2455099.996           12.9            4.9
    2455116.856           -6.6            6.8
    2455154.739          -14.7            7.6
    2455174.788           10.1            5.8
    2455364.972            6.0            5.0
    2455419.012           -5.1            4.7
    2455446.847            4.6            3.6
    2455446.856            4.7            3.1
    2455463.833           19.0            5.2
    2455466.842           -4.0            4.8
    2455569.653           20.8            4.1
    2455571.713           -7.4            4.6
    2455572.671            0.1            4.8
    2455621.621          -11.8            4.6
    2455757.974            5.3            5.0
    2455803.919            1.7            4.3
    2455806.936           14.1            4.3
    2455828.781            2.2            4.2
    2455831.849            7.4            5.1
    2455861.842           -1.0            4.2
    2455864.796            2.5            4.4
    2455892.745           -1.4            4.9
