    2451745.994           -5.9            4.3
    2451778.895           25.5            3.7
    2451808.867            6.6            3.6
    2451853.766           13.9            4.1
    2451856.801            9.8            4.6
    2451898.637           18.8            8.0
    2451932.609           -4.2            3.9
    2452163.861           -0.9            4.9
    2452175.851           20.1            4.0
    2452307.598           23.2            4.5
    2452465.989           19.9            5.3
    2452483.985           11.1            5.0
    2452494.987            4.1            5.0
    2452517.936           20.6            5.2
     2452528.91            6.8            5.2
     2452530.91          -12.6            4.5
    2452541.904          -11.3            4.5
    2452543.883            8.1            5.0
    2452559.914            9.9            6.4
    2452561.795            2.3            8.4
    2452571.791           -7.0            5.0
     2452589.81           -6.4            5.7
    2452603.782           -9.0            4.9
    2452605.724           -1.4            4.8
    2452616.772            7.4            5.9
    2452665.604           13.0            4.2
    2452668.611           10.2            5.3
    2452837.972           21.7            5.4
    2452861.963           -8.9            4.1
    2452863.985           -2.3            5.2
    2452879.918           -2.7            4.2
    2452880.947           13.1            5.0
    2452898.911           12.6            4.7
    2452900.928            4.8            4.8
    2452932.839            7.7            4.3
    2452934.804           -5.9            4.6
    2452963.753            1.3            5.2
    2452965.809           -0.3            5.4
     2453022.63           -9.2            5.6
     2453208.01           10.3            3.8
    2453209.978           20.4            3.7
    2453214.961            8.2            4.2
    2453231.961           -1.3            4.0
    2453233.909           -5.6            3.9
     2453235.96           -1.1            4.2
    2453265.899           -0.4            3.8
    2453268.919            8.8            4.0
     2453269.81          -17.3            3.5
    2453286.828           17.9            3.8
    2453324.713            5.9            5.5
    2453354.654            8.5            3.8
    2453400.642           13.4            7.5
    2453550.983           -6.5            4.4
    2453578.964           -1.4            4.6
    2453613.923           11.2            4.2
    2453654.771           14.2            4.1
    2453701.724           16.0            4.6
    2453740.745            6.4            4.7
    2453911.993            6.7            3.6
    2453917.013           20.9            3.9
    2453934.974           -3.8            3.9
    2453968.925            6.6            3.2
    2453981.851          -16.8            3.8
    2453985.899           12.1            4.0
    2454055.755            6.4            3.9
    2454297.975           11.7            4.1
    2454300.974            6.4            4.0
    2454314.939            7.6            3.6
    2454318.981           18.8            4.2
    2454344.859           -8.8            4.3
    2454348.917           -0.6            4.0
    2454391.887           14.8            5.4
    2454394.775           -7.4            4.2
    2454418.777           21.4            4.5
    2454420.763           15.6            4.2
    2454440.653            6.2            3.4
    2454443.651            7.0            3.6
    2454481.638            0.6            3.9
    2454503.651           10.3            4.3
    2454645.984           -0.9            4.5
    2454646.968           -0.6            4.2
    2454668.009           11.8            3.7
    2454681.904           17.4            3.8
     2454683.97            7.6            3.8
    2454711.893            1.4            4.1
    2454713.873           14.0            4.2
    2454715.882            8.5            4.6
    2454716.875           -9.7            4.1
    2454753.885            3.0            3.6
     2454755.85           -1.9            3.8
    2454777.733           -4.6            4.1
    2454806.796           21.5            5.5
     2454808.77           11.4            4.3
    2454809.763           -8.8            6.1
    2455026.973           10.0            5.7
    2455063.965            2.6            5.0
    2455099.996            8.9            4.9
    2455116.856           16.9            6.8
    2455154.739           -8.1            7.6
    2455174.788           12.9            5.8
    2455364.972          -13.2            5.0
    2455419.012           16.0            4.7
    2455446.847            0.7            3.6
    2455446.856            0.4            3.1
    2455463.833           13.7            5.2
    2455466.842           13.9            4.8
    2455569.653          -13.9            4.1
    2455571.713           10.1            4.6
    2455572.671           12.8            4.8
    2455621.621            1.8            4.6
    2455757.974          -11.4            5.0
    2455803.919           13.6            4.3
    2455806.936           15.0            4.3
    2455828.781           16.2            4.2
    2455831.849            3.7            5.1
    2455861.842            3.6            4.2
    2455864.796           -4.5            4.4
    2455892.745           23.0            4.9
