    2451745.994            9.7            4.3
    2451778.895           -1.1            3.7
    2451808.867           20.8            3.6
    2451853.766            4.6            4.1
    2451856.801            5.9            4.6
    2451898.637            5.4            8.0
    2451932.609           16.2            3.9
    2452163.861            4.2            4.9
    2452175.851            0.1            4.0
    2452307.598           -3.9            4.5
    2452465.989            3.9            5.3
    2452483.985            8.2            5.0
    2452494.987           20.0            5.0
    2452517.936            5.4            5.2
     2452528.91           17.5            5.2
     2452530.91           -7.8            4.5
    2452541.904           17.9            4.5
    2452543.883           25.3            5.0
    2452559.914           -8.4            6.4
    2452561.795           -7.6            8.4
    2452571.791           -0.5            5.0
     2452589.81           12.7            5.7
    2452603.782           31.9            4.9
    2452605.724           26.6            4.8
    2452616.772            0.2            5.9
    2452665.604            5.5            4.2
    2452668.611          -16.7            5.3
    2452837.972           16.4            5.4
    2452861.963            5.1            4.1
    2452863.985           11.8            5.2
    2452879.918           -4.9            4.2
    2452880.947           20.2            5.0
    2452898.911            6.4            4.7
    2452900.928           -9.2            4.8
    2452932.839           -8.3            4.3
    2452934.804           -7.3            4.6
    2452963.753           18.4            5.2
    2452965.809           14.6            5.4
     2453022.63           -1.6            5.6
     2453208.01           11.8            3.8
    2453209.978           -0.9            3.7
    2453214.961           13.8            4.2
    2453231.961           14.2            4.0
    2453233.909            9.5            3.9
     2453235.96           23.7            4.2
    2453265.899           -4.8            3.8
    2453268.919           -3.6            4.0
     2453269.81            3.9            3.5
    2453286.828           -3.1            3.8
    2453324.713            7.5            5.5
    2453354.654          -10.9            3.8
    2453400.642           20.4            7.5
    2453550.983           -0.6            4.4
    2453578.964           28.1            4.6
    2453613.923           -3.5            4.2
    2453654.771           -2.1            4.1
    2453701.724           12.2            4.6
    2453740.745           14.9            4.7
    2453911.993           -7.8            3.6
    2453917.013           11.2            3.9
    2453934.974           10.1            3.9
    2453968.925           -0.0            3.2
    2453981.851           -3.8            3.8
    2453985.899           15.9            4.0
    2454055.755           11.9            3.9
    2454297.975           -7.8            4.1
    2454300.974            7.8            4.0
    2454314.939           -4.4            3.6
    2454318.981            8.6            4.2
    2454344.859          -15.6            4.3
    2454348.917            0.2            4.0
    2454391.887          -10.3            5.4
    2454394.775           20.2            4.2
    2454418.777            6.5            4.5
    2454420.763           11.2            4.2
    2454440.653           -1.7            3.4
    2454443.651            3.7            3.6
    2454481.638            7.9            3.9
    2454503.651           15.3            4.3
    2454645.984           13.2            4.5
    2454646.968           -6.5            4.2
    2454668.009            8.2            3.7
    2454681.904            3.2            3.8
     2454683.97           -2.3            3.8
    2454711.893           19.8            4.1
    2454713.873            5.5            4.2
    2454715.882          -17.0            4.6
    2454716.875            0.8            4.1
    2454753.885           -6.8            3.6
     2454755.85          -15.1            3.8
    2454777.733           -2.8            4.1
    2454806.796            9.0            5.5
     2454808.77            5.4            4.3
    2454809.763           -1.6            6.1
    2455026.973            4.0            5.7
    2455063.965            4.4            5.0
    2455099.996           18.9            4.9
    2455116.856           -4.3            6.8
    2455154.739            5.1            7.6
    2455174.788           29.3            5.8
    2455364.972           -8.5            5.0
    2455419.012           -7.2            4.7
    2455446.847           23.8            3.6
    2455446.856           23.4            3.1
    2455463.833           17.8            5.2
    2455466.842           14.6            4.8
    2455569.653            8.4            4.1
    2455571.713           -7.1            4.6
    2455572.671           10.8            4.8
    2455621.621           17.0            4.6
    2455757.974           -5.2            5.0
    2455803.919            0.1            4.3
    2455806.936           21.9            4.3
    2455828.781           -4.7            4.2
    2455831.849            5.0            5.1
    2455861.842           12.7            4.2
    2455864.796           14.5            4.4
    2455892.745           21.8            4.9
