    2451745.994            7.4            4.3
    2451778.895            9.4            3.7
    2451808.867           -4.1            3.6
    2451853.766           21.6            4.1
    2451856.801            4.7            4.6
    2451898.637            8.9            8.0
    2451932.609           -2.5            3.9
    2452163.861            7.0            4.9
    2452175.851            7.5            4.0
    2452307.598            7.8            4.5
    2452465.989            4.9            5.3
    2452483.985            3.7            5.0
    2452494.987           -7.8            5.0
    2452517.936           13.7            5.2
     2452528.91           -0.5            5.2
     2452530.91           11.9            4.5
    2452541.904           10.2            4.5
    2452543.883           11.7            5.0
    2452559.914            1.0            6.4
    2452561.795           20.0            8.4
    2452571.791            5.2            5.0
     2452589.81            0.5            5.7
    2452603.782           -2.5            4.9
    2452605.724           11.3            4.8
    2452616.772            4.3            5.9
    2452665.604           -9.2            4.2
    2452668.611           19.4            5.3
    2452837.972            7.6            5.4
    2452861.963           -8.4            4.1
    2452863.985            8.7            5.2
    2452879.918           -9.4            4.2
    2452880.947          -13.5            5.0
    2452898.911           -2.9            4.7
    2452900.928          -10.1            4.8
    2452932.839            6.3            4.3
    2452934.804           19.8            4.6
    2452963.753            1.6            5.2
    2452965.809           11.0            5.4
     2453022.63           20.7            5.6
     2453208.01           21.5            3.8
    2453209.978            6.3            3.7
    2453214.961           -4.5            4.2
    2453231.961            5.0            4.0
    2453233.909           -7.6            3.9
     2453235.96           -1.8            4.2
    2453265.899            2.2            3.8
    2453268.919           15.0            4.0
     2453269.81           14.8            3.5
    2453286.828           -6.0            3.8
    2453324.713            3.0            5.5
    2453354.654            4.8            3.8
    2453400.642           -1.0            7.5
    2453550.983            5.8            4.4
    2453578.964           17.8            4.6
    2453613.923           -4.0            4.2
    2453654.771           -2.8            4.1
    2453701.724            0.9            4.6
    2453740.745            5.1            4.7
    2453911.993          -12.7            3.6
    2453917.013           -3.0            3.9
    2453934.974           17.4            3.9
    2453968.925          -15.5            3.2
    2453981.851           -4.7            3.8
    2453985.899            4.7            4.0
    2454055.755            0.8            3.9
    2454297.975            9.8            4.1
    2454300.974           16.2            4.0
    2454314.939            0.7            3.6
    2454318.981           17.6            4.2
    2454344.859            8.0            4.3
    2454348.917           -4.7            4.0
    2454391.887          -12.1            5.4
    2454394.775           17.9            4.2
    2454418.777            1.0            4.5
    2454420.763            5.4            4.2
    2454440.653           -8.8            3.4
    2454443.651           -0.4            3.6
    2454481.638            4.7            3.9
    2454503.651            9.8            4.3
    2454645.984            3.9            4.5
    2454646.968           13.2            4.2
    2454668.009            5.4            3.7
    2454681.904           10.6            3.8
     2454683.97           10.8            3.8
    2454711.893           10.1            4.1
    2454713.873          -10.4            4.2
    2454715.882            3.1            4.6
    2454716.875           12.8            4.1
    2454753.885           -6.6            3.6
     2454755.85            0.3            3.8
    2454777.733            6.3            4.1
    2454806.796           16.6            5.5
     2454808.77            2.4            4.3
    2454809.763            4.3            6.1
    2455026.973           15.9            5.7
    2455063.965           19.4            5.0
    2455099.996           -4.7            4.9
    2455116.856            2.6            6.8
    2455154.739            8.7            7.6
    2455174.788           -8.7            5.8
    2455364.972            2.9            5.0
    2455419.012           13.9            4.7
    2455446.847           -9.1            3.6
    2455446.856           -9.6            3.1
    2455463.833           20.5            5.2
    2455466.842            7.2            4.8
    2455569.653            6.4            4.1
    2455571.713            8.7            4.6
    2455572.671            2.1            4.8
    2455621.621           26.0            4.6
    2455757.974            0.3            5.0
    2455803.919           12.1            4.3
    2455806.936            3.4            4.3
    2455828.781           11.8            4.2
    2455831.849           -6.3            5.1
    2455861.842           -3.0            4.2
    2455864.796          -10.7            4.4
    2455892.745            8.0            4.9
