    2451745.994           22.4            4.3
    2451778.895           20.5            3.7
    2451808.867          -15.9            3.6
    2451853.766           -4.8            4.1
    2451856.801           23.1            4.6
    2451898.637           20.1            8.0
    2451932.609           -4.1            3.9
    2452163.861            1.4            4.9
    2452175.851           12.5            4.0
    2452307.598            6.2            4.5
    2452465.989            0.3            5.3
    2452483.985            3.4            5.0
    2452494.987           -1.9            5.0
    2452517.936           16.1            5.2
     2452528.91            5.1            5.2
     2452530.91          -12.3            4.5
    2452541.904           -0.1            4.5
    2452543.883           -4.0            5.0
    2452559.914           -9.7            6.4
    2452561.795           -1.0            8.4
    2452571.791           12.8            5.0
     2452589.81           12.4            5.7
    2452603.782            5.2            4.9
    2452605.724           -5.3            4.8
    2452616.772          -16.1            5.9
    2452665.604           -2.0            4.2
    2452668.611           -1.0            5.3
    2452837.972           10.0            5.4
    2452861.963            0.1            4.1
    2452863.985            3.9            5.2
    2452879.918           13.5            4.2
    2452880.947            5.0            5.0
    2452898.911           -4.4            4.7
    2452900.928          -17.4            4.8
    2452932.839           -5.9            4.3
    2452934.804            3.0            4.6
    2452963.753            6.9            5.2
    2452965.809            0.1            5.4
     2453022.63           16.9            5.6
     2453208.01          -10.5            3.8
    2453209.978          -11.5            3.7
    2453214.961           15.7            4.2
    2453231.961           -7.8            4.0
    2453233.909          -10.8            3.9
     2453235.96          -21.0            4.2
    2453265.899           -0.9            3.8
    2453268.919           12.5            4.0
     2453269.81            4.4            3.5
    2453286.828            6.2            3.8
    2453324.713            5.0            5.5
    2453354.654           13.0            3.8
    2453400.642           -8.8            7.5
    2453550.983            5.8            4.4
    2453578.964           10.3            4.6
    2453613.923          -12.6            4.2
    2453654.771           21.9            4.1
    2453701.724           18.3            4.6
    2453740.745            9.1            4.7
    2453911.993            6.7            3.6
    2453917.013           11.3            3.9
    2453934.974           23.5            3.9
    2453968.925          -16.5            3.2
    2453981.851           -2.3            3.8
    2453985.899           15.1            4.0
    2454055.755           -7.3            3.9
    2454297.975            0.7            4.1
    2454300.974           14.3            4.0
    2454314.939          -19.3            3.6
    2454318.981            3.5            4.2
    2454344.859            2.2            4.3
    2454348.917            4.1            4.0
    2454391.887           28.9            5.4
    2454394.775            5.2            4.2
    2454418.777           28.5            4.5
    2454420.763           22.1            4.2
    2454440.653           23.1            3.4
    2454443.651            5.4            3.6
    2454481.638          -19.8            3.9
    2454503.651            2.6            4.3
    2454645.984          -19.3            4.5
    2454646.968           11.2            4.2
    2454668.009           -2.2            3.7
    2454681.904           -1.1            3.8
     2454683.97          -11.1            3.8
    2454711.893           15.5            4.1
    2454713.873           -2.9            4.2
    2454715.882           -1.1            4.6
    2454716.875          -28.0            4.1
    2454753.885           19.1            3.6
     2454755.85           10.2            3.8
    2454777.733            6.4            4.1
    2454806.796           19.8            5.5
     2454808.77            6.2            4.3
    2454809.763            0.5            6.1
    2455026.973           13.6            5.7
    2455063.965           -0.7            5.0
    2455099.996           28.7            4.9
    2455116.856          -16.2            6.8
    2455154.739            4.4            7.6
    2455174.788           -1.3            5.8
    2455364.972          -18.3            5.0
    2455419.012           -8.8            4.7
    2455446.847           -4.0            3.6
    2455446.856           -4.9            3.1
    2455463.833           12.7            5.2
    2455466.842           18.4            4.8
    2455569.653          -12.2            4.1
    2455571.713          -23.7            4.6
    2455572.671            4.5            4.8
    2455621.621           13.4            4.6
    2455757.974           11.6            5.0
    2455803.919           27.2            4.3
    2455806.936          -11.7            4.3
    2455828.781           13.2            4.2
    2455831.849           -8.2            5.1
    2455861.842           13.1            4.2
    2455864.796           -0.5            4.4
    2455892.745            9.8            4.9
