    2451745.994            3.8            4.3
    2451778.895           -7.3            3.7
    2451808.867          -10.6            3.6
    2451853.766           -8.7            4.1
    2451856.801          -10.1            4.6
    2451898.637            4.2            8.0
    2451932.609            1.6            3.9
    2452163.861            9.6            4.9
    2452175.851           15.3            4.0
    2452307.598           -0.1            4.5
    2452465.989            8.9            5.3
    2452483.985           -5.4            5.0
    2452494.987          -13.1            5.0
    2452517.936            4.6            5.2
     2452528.91           -5.0            5.2
     2452530.91            6.6            4.5
    2452541.904           17.6            4.5
    2452543.883           -2.0            5.0
    2452559.914           25.1            6.4
    2452561.795           -1.5            8.4
    2452571.791            9.5            5.0
     2452589.81           16.3            5.7
    2452603.782            3.2            4.9
    2452605.724            7.8            4.8
    2452616.772           12.7            5.9
    2452665.604            3.4            4.2
    2452668.611           17.0            5.3
    2452837.972           -5.6            5.4
    2452861.963           19.6            4.1
    2452863.985           -6.2            5.2
    2452879.918            7.7            4.2
    2452880.947           23.1            5.0
    2452898.911           14.8            4.7
    2452900.928           -3.2            4.8
    2452932.839           12.4            4.3
    2452934.804          -10.7            4.6
    2452963.753           10.9            5.2
    2452965.809            9.9            5.4
     2453022.63           23.4            5.6
     2453208.01           -2.6            3.8
    2453209.978           -0.8            3.7
    2453214.961          -10.6            4.2
    2453231.961            9.0            4.0
    2453233.909           -6.8            3.9
     2453235.96           10.2            4.2
    2453265.899            8.4            3.8
    2453268.919           13.5            4.0
     2453269.81           -4.5            3.5
    2453286.828           12.7            3.8
    2453324.713           24.0            5.5
    2453354.654           17.0            3.8
    2453400.642            2.5            7.5
    2453550.983           -8.4            4.4
    2453578.964           13.3            4.6
    2453613.923          -12.1            4.2
    2453654.771          -10.8            4.1
    2453701.724           23.8            4.6
    2453740.745           -5.3            4.7
    2453911.993          -12.2            3.6
    2453917.013            6.1            3.9
    2453934.974          -10.7            3.9
    2453968.925           -4.9            3.2
    2453981.851           16.5            3.8
    2453985.899            3.3            4.0
    2454055.755           16.3            3.9
    2454297.975           17.0            4.1
    2454300.974            7.4            4.0
    2454314.939          -13.6            3.6
    2454318.981           -5.4            4.2
    2454344.859           -9.5            4.3
    2454348.917          -11.9            4.0
    2454391.887           13.4            5.4
    2454394.775            9.3            4.2
    2454418.777            3.6            4.5
    2454420.763           18.7            4.2
    2454440.653           15.9            3.4
    2454443.651           20.4            3.6
    2454481.638           18.1            3.9
    2454503.651           20.1            4.3
    2454645.984            6.5            4.5
    2454646.968          -11.4            4.2
    2454668.009           13.2            3.7
    2454681.904           17.9            3.8
     2454683.97           -5.5            3.8
    2454711.893           10.3            4.1
    2454713.873          -14.0            4.2
    2454715.882           15.9            4.6
    2454716.875            6.3            4.1
    2454753.885            6.2            3.6
     2454755.85           -6.0            3.8
    2454777.733           -6.8            4.1
    2454806.796           -2.3            5.5
     2454808.77           11.8            4.3
    2454809.763           13.3            6.1
    2455026.973           -2.5            5.7
    2455063.965            3.7            5.0
    2455099.996           23.0            4.9
    2455116.856           -6.4            6.8
    2455154.739           -6.7            7.6
    2455174.788           16.6            5.8
    2455364.972           21.8            5.0
    2455419.012           -6.8            4.7
    2455446.847           18.9            3.6
    2455446.856           18.5            3.1
    2455463.833           -5.8            5.2
    2455466.842            2.6            4.8
    2455569.653            7.6            4.1
    2455571.713          -14.1            4.6
    2455572.671           -8.9            4.8
    2455621.621           10.2            4.6
    2455757.974           -0.3            5.0
    2455803.919            1.8            4.3
    2455806.936           -8.5            4.3
    2455828.781           -6.6            4.2
    2455831.849            7.8            5.1
    2455861.842           14.5            4.2
    2455864.796           23.8            4.4
    2455892.745          -13.8            4.9
