    2451745.994            7.6            4.3
    2451778.895            1.1            3.7
    2451808.867            0.3            3.6
    2451853.766            5.6            4.1
    2451856.801            8.2            4.6
    2451898.637           10.7            8.0
    2451932.609            0.5            3.9
    2452163.861            2.1            4.9
    2452175.851            3.7            4.0
    2452307.598            6.0            4.5
    2452465.989            3.3            5.3
    2452483.985            3.9            5.0
    2452494.987            2.0            5.0
    2452517.936            7.2            5.2
     2452528.91            8.2            5.2
     2452530.91            7.1            4.5
    2452541.904            6.8            4.5
    2452543.883            7.9            5.0
    2452559.914            7.1            6.4
    2452561.795            6.3            8.4
    2452571.791            8.0            5.0
     2452589.81            3.4            5.7
    2452603.782            2.6            4.9
    2452605.724            1.8            4.8
    2452616.772            4.5            5.9
    2452665.604            6.5            4.2
    2452668.611            7.5            5.3
    2452837.972            2.3            5.4
    2452861.963            5.8            4.1
    2452863.985            3.9            5.2
    2452879.918            1.1            4.2
    2452880.947            2.2            5.0
    2452898.911            7.1            4.7
    2452900.928            8.2            4.8
    2452932.839            2.0            4.3
    2452934.804            0.8            4.6
    2452963.753            2.3            5.2
    2452965.809            5.3            5.4
     2453022.63            8.2            5.6
     2453208.01            1.2            3.8
    2453209.978            0.1            3.7
    2453214.961            6.5            4.2
    2453231.961            6.8            4.0
    2453233.909            4.0            3.9
     2453235.96            1.6            4.2
    2453265.899            1.2            3.8
    2453268.919            5.4            4.0
     2453269.81            6.1            3.5
    2453286.828            6.5            3.8
    2453324.713            7.4            5.5
    2453354.654            7.2            3.8
    2453400.642            5.1            7.5
    2453550.983            2.6            4.4
    2453578.964            1.9            4.6
    2453613.923            7.2            4.2
    2453654.771            7.0            4.1
    2453701.724            3.1            4.6
    2453740.745            6.9            4.7
    2453911.993            1.2            3.6
    2453917.013            7.5            3.9
    2453934.974            3.2            3.9
    2453968.925            2.8            3.2
    2453981.851            2.3            3.8
    2453985.899            7.3            4.0
    2454055.755            7.0            3.9
    2454297.975            3.3            4.1
    2454300.974            7.2            4.0
    2454314.939            6.7            3.6
    2454318.981            4.6            4.2
    2454344.859            6.5            4.3
    2454348.917            0.8            4.0
    2454391.887            2.3            5.4
    2454394.775            4.3            4.2
    2454418.777            1.5            4.5
    2454420.763            2.3            4.2
    2454440.653            6.4            3.4
    2454443.651            2.5            3.6
    2454481.638            6.7            3.9
    2454503.651            2.5            4.3
    2454645.984            8.1            4.5
    2454646.968            7.2            4.2
    2454668.009            1.7            3.7
    2454681.904            1.9            3.8
     2454683.97            4.9            3.8
    2454711.893            5.4            4.1
    2454713.873            7.3            4.2
    2454715.882            6.9            4.6
    2454716.875            5.2            4.1
    2454753.885            5.9            3.6
     2454755.85            7.0            3.8
    2454777.733            1.8            4.1
    2454806.796            5.4            5.5
     2454808.77            7.0            4.3
    2454809.763            9.6            6.1
    2455026.973            5.9            5.7
    2455063.965            2.1            5.0
    2455099.996            7.7            4.9
    2455116.856            5.4            6.8
    2455154.739           10.9            7.6
    2455174.788            2.8            5.8
    2455364.972            2.6            5.0
    2455419.012            4.1            4.7
    2455446.847            2.6            3.6
    2455446.856            2.1            3.1
    2455463.833            2.1            5.2
    2455466.842            5.3            4.8
    2455569.653            4.5            4.1
    2455571.713            2.2            4.6
    2455572.671            1.8            4.8
    2455621.621            7.6            4.6
    2455757.974            7.9            5.0
    2455803.919            3.4            4.3
    2455806.936            1.2            4.3
    2455828.781            7.2            4.2
    2455831.849            3.8            5.1
    2455861.842            0.7            4.2
    2455864.796            3.8            4.4
    2455892.745            4.8            4.9
