    2451745.994            1.9            4.3
    2451778.895           21.5            3.7
    2451808.867            7.1            3.6
    2451853.766            4.4            4.1
    2451856.801          -17.0            4.6
    2451898.637           -2.1            8.0
    2451932.609           12.4            3.9
    2452163.861          -12.1            4.9
    2452175.851           20.3            4.0
    2452307.598           19.6            4.5
    2452465.989           -5.5            5.3
    2452483.985           17.3            5.0
    2452494.987           24.8            5.0
    2452517.936           11.5            5.2
     2452528.91           -4.5            5.2
     2452530.91          -19.5            4.5
    2452541.904            5.6            4.5
    2452543.883           23.2            5.0
    2452559.914           33.7            6.4
    2452561.795           15.6            8.4
    2452571.791          -20.7            5.0
     2452589.81           -2.3            5.7
    2452603.782          -19.2            4.9
    2452605.724           -4.7            4.8
    2452616.772           29.5            5.9
    2452665.604           10.6            4.2
    2452668.611           -7.9            5.3
    2452837.972           10.0            5.4
    2452861.963           27.6            4.1
    2452863.985            3.5            5.2
    2452879.918           -5.9            4.2
    2452880.947           10.5            5.0
    2452898.911            0.7            4.7
    2452900.928           17.6            4.8
    2452932.839            7.0            4.3
    2452934.804           18.7            4.6
    2452963.753           -3.0            5.2
    2452965.809            3.1            5.4
     2453022.63            5.3            5.6
     2453208.01           15.9            3.8
    2453209.978           29.7            3.7
    2453214.961          -12.6            4.2
    2453231.961           11.4            4.0
    2453233.909           11.0            3.9
     2453235.96           -5.6            4.2
    2453265.899           13.0            3.8
    2453268.919           11.2            4.0
     2453269.81           13.3            3.5
    2453286.828           -2.0            3.8
    2453324.713           17.1            5.5
    2453354.654          -13.2            3.8
    2453400.642           -4.7            7.5
    2453550.983           23.9            4.4
    2453578.964          -18.7            4.6
    2453613.923           -7.1            4.2
    2453654.771          -10.0            4.1
    2453701.724            2.8            4.6
    2453740.745           -4.2            4.7
    2453911.993            3.8            3.6
    2453917.013           20.4            3.9
    2453934.974           10.3            3.9
    2453968.925            6.1            3.2
    2453981.851            6.9            3.8
    2453985.899          -11.4            4.0
    2454055.755           23.2            3.9
    2454297.975           17.7            4.1
    2454300.974           24.6            4.0
    2454314.939           21.3            3.6
    2454318.981           -5.6            4.2
    2454344.859          -10.7            4.3
    2454348.917            4.4            4.0
    2454391.887           -1.9            5.4
    2454394.775            7.3            4.2
    2454418.777           -9.3            4.5
    2454420.763            7.1            4.2
    2454440.653          -14.0            3.4
    2454443.651           -5.3            3.6
    2454481.638           -9.8            3.9
    2454503.651           18.5            4.3
    2454645.984           -1.5            4.5
    2454646.968           13.6            4.2
    2454668.009            3.2            3.7
    2454681.904           32.0            3.8
     2454683.97            9.1            3.8
    2454711.893           -2.1            4.1
    2454713.873           16.7            4.2
    2454715.882            1.4            4.6
    2454716.875           11.8            4.1
    2454753.885           10.3            3.6
     2454755.85           12.2            3.8
    2454777.733            9.4            4.1
    2454806.796          -12.2            5.5
     2454808.77            0.8            4.3
    2454809.763           -3.7            6.1
    2455026.973            6.3            5.7
    2455063.965           13.7            5.0
    2455099.996            5.0            4.9
    2455116.856            1.8            6.8
    2455154.739           19.5            7.6
    2455174.788           -7.6            5.8
    2455364.972           26.3            5.0
    2455419.012           -0.9            4.7
    2455446.847           14.5            3.6
    2455446.856           13.7            3.1
    2455463.833            7.0            5.2
    2455466.842            0.1            4.8
    2455569.653            5.1            4.1
    2455571.713          -23.4            4.6
    2455572.671           -3.7            4.8
    2455621.621            7.9            4.6
    2455757.974          -11.4            5.0
    2455803.919            0.9            4.3
    2455806.936           -6.9            4.3
    2455828.781           23.5            4.2
    2455831.849            6.6            5.1
    2455861.842           16.7            4.2
    2455864.796            3.1            4.4
    2455892.745            5.8            4.9
