    2451745.994            8.2            4.3
    2451778.895           10.4            3.7
    2451808.867            1.6            3.6
    2451853.766           -1.5            4.1
    2451856.801           10.6            4.6
    2451898.637            6.8            8.0
    2451932.609           15.6            3.9
    2452163.861            0.5            4.9
    2452175.851           11.2            4.0
    2452307.598           13.4            4.5
    2452465.989           11.6            5.3
    2452483.985           22.3            5.0
    2452494.987           13.4            5.0
    2452517.936           13.4            5.2
     2452528.91            4.1            5.2
     2452530.91           20.2            4.5
    2452541.904            8.2            4.5
    2452543.883           12.4            5.0
    2452559.914           19.0            6.4
    2452561.795           14.3            8.4
    2452571.791           -1.2            5.0
     2452589.81           -5.3            5.7
    2452603.782           -0.9            4.9
    2452605.724            3.1            4.8
    2452616.772           -0.4            5.9
    2452665.604            1.6            4.2
    2452668.611           10.0            5.3
    2452837.972           11.9            5.4
    2452861.963            3.3            4.1
    2452863.985            3.3            5.2
    2452879.918           -6.8            4.2
    2452880.947            5.8            5.0
    2452898.911           12.1            4.7
    2452900.928           -0.6            4.8
    2452932.839            1.4            4.3
    2452934.804           -3.2            4.6
    2452963.753            3.8            5.2
    2452965.809            2.5            5.4
     2453022.63            6.1            5.6
     2453208.01            9.5            3.8
    2453209.978            1.9            3.7
    2453214.961            8.8            4.2
    2453231.961           -8.9            4.0
    2453233.909           -5.7            3.9
     2453235.96           -6.9            4.2
    2453265.899           -1.5            3.8
    2453268.919            6.2            4.0
     2453269.81          -13.7            3.5
    2453286.828            4.8            3.8
    2453324.713            5.4            5.5
    2453354.654           -9.7            3.8
    2453400.642            6.0            7.5
    2453550.983            1.5            4.4
    2453578.964            8.7            4.6
    2453613.923            5.9            4.2
    2453654.771           10.2            4.1
    2453701.724           11.5            4.6
    2453740.745           -9.0            4.7
    2453911.993           -2.2            3.6
    2453917.013           12.3            3.9
    2453934.974            1.9            3.9
    2453968.925            7.6            3.2
    2453981.851            6.8            3.8
    2453985.899           -6.2            4.0
    2454055.755           18.8            3.9
    2454297.975           -0.1            4.1
    2454300.974            9.5            4.0
    2454314.939           10.5            3.6
    2454318.981           13.1            4.2
    2454344.859           -0.8            4.3
    2454348.917            2.0            4.0
    2454391.887            8.2            5.4
    2454394.775           14.2            4.2
    2454418.777           -4.4            4.5
    2454420.763           -3.6            4.2
    2454440.653          -18.5            3.4
    2454443.651           11.8            3.6
    2454481.638            8.9            3.9
    2454503.651            0.8            4.3
    2454645.984            6.9            4.5
    2454646.968           13.2            4.2
    2454668.009           -0.0            3.7
    2454681.904           -0.4            3.8
     2454683.97           -1.8            3.8
    2454711.893            5.5            4.1
    2454713.873           25.1            4.2
    2454715.882           10.2            4.6
    2454716.875           -8.8            4.1
    2454753.885            5.2            3.6
     2454755.85           21.8            3.8
    2454777.733           12.5            4.1
    2454806.796           -1.6            5.5
     2454808.77          -14.6            4.3
    2454809.763            6.3            6.1
    2455026.973           -0.8            5.7
    2455063.965            5.4            5.0
    2455099.996           13.7            4.9
    2455116.856           13.4            6.8
    2455154.739           11.2            7.6
    2455174.788           -1.4            5.8
    2455364.972           15.6            5.0
    2455419.012            3.2            4.7
    2455446.847            5.6            3.6
    2455446.856            5.3            3.1
    2455463.833            6.1            5.2
    2455466.842           -0.7            4.8
    2455569.653            6.0            4.1
    2455571.713           -0.9            4.6
    2455572.671            4.7            4.8
    2455621.621           21.5            4.6
    2455757.974           -1.9            5.0
    2455803.919           11.0            4.3
    2455806.936            2.5            4.3
    2455828.781           18.6            4.2
    2455831.849            1.0            5.1
    2455861.842            3.5            4.2
    2455864.796           10.4            4.4
    2455892.745            6.9            4.9
