    2451745.994            5.5            4.3
    2451778.895           -0.5            3.7
    2451808.867            3.6            3.6
    2451853.766            5.4            4.1
    2451856.801            1.3            4.6
    2451898.637            6.7            8.0
    2451932.609            5.0            3.9
    2452163.861            7.6            4.9
    2452175.851            2.6            4.0
    2452307.598            2.1            4.5
    2452465.989            6.0            5.3
    2452483.985            2.7            5.0
    2452494.987            6.3            5.0
    2452517.936            5.9            5.2
     2452528.91            3.7            5.2
     2452530.91            7.2            4.5
    2452541.904            3.6            4.5
    2452543.883            8.7            5.0
    2452559.914            7.1            6.4
    2452561.795            4.7            8.4
    2452571.791            8.3            5.0
     2452589.81            1.5            5.7
    2452603.782            5.0            4.9
    2452605.724            4.4            4.8
    2452616.772            5.8            5.9
    2452665.604            8.4            4.2
    2452668.611            4.1            5.3
    2452837.972            2.1            5.4
    2452861.963            9.0            4.1
    2452863.985            8.1            5.2
    2452879.918           -0.9            4.2
    2452880.947            0.6            5.0
    2452898.911            7.9            4.7
    2452900.928            2.3            4.8
    2452932.839            8.1            4.3
    2452934.804            4.8            4.6
    2452963.753            4.6            5.2
    2452965.809            3.3            5.4
     2453022.63            6.1            5.6
     2453208.01            6.9            3.8
    2453209.978            5.4            3.7
    2453214.961            9.0            4.2
    2453231.961            0.5            4.0
    2453233.909           -0.7            3.9
     2453235.96            5.3            4.2
    2453265.899            4.2            3.8
    2453268.919           -0.3            4.0
     2453269.81            1.3            3.5
    2453286.828            7.1            3.8
    2453324.713            0.8            5.5
    2453354.654            1.9            3.8
    2453400.642            8.2            7.5
    2453550.983           -0.7            4.4
    2453578.964            0.8            4.6
    2453613.923           -0.2            4.2
    2453654.771            3.7            4.1
    2453701.724            8.3            4.6
    2453740.745            1.3            4.7
    2453911.993            0.3            3.6
    2453917.013            2.6            3.9
    2453934.974            5.2            3.9
    2453968.925            0.6            3.2
    2453981.851            1.5            3.8
    2453985.899            8.4            4.0
    2454055.755            8.7            3.9
    2454297.975            1.6            4.1
    2454300.974            3.7            4.0
    2454314.939            3.8            3.6
    2454318.981            2.7            4.2
    2454344.859            9.1            4.3
    2454348.917            1.0            4.0
    2454391.887            1.1            5.4
    2454394.775            6.4            4.2
    2454418.777           -0.1            4.5
    2454420.763            1.3            4.2
    2454440.653            1.9            3.4
    2454443.651            7.6            3.6
    2454481.638            1.0            3.9
    2454503.651            3.1            4.3
    2454645.984           -0.1            4.5
    2454646.968            2.1            4.2
    2454668.009            4.4            3.7
    2454681.904            1.0            3.8
     2454683.97            5.9            3.8
    2454711.893            5.2            4.1
    2454713.873            3.0            4.2
    2454715.882            0.1            4.6
    2454716.875            1.2            4.1
    2454753.885            7.1            3.6
     2454755.85            6.9            3.8
    2454777.733            1.8            4.1
    2454806.796            1.0            5.5
     2454808.77            0.6            4.3
    2454809.763            5.4            6.1
    2455026.973            1.9            5.7
    2455063.965            4.3            5.0
    2455099.996            6.0            4.9
    2455116.856            7.2            6.8
    2455154.739            5.5            7.6
    2455174.788            4.3            5.8
    2455364.972            2.8            5.0
    2455419.012            5.3            4.7
    2455446.847            5.3            3.6
    2455446.856            4.8            3.1
    2455463.833            3.7            5.2
    2455466.842            9.2            4.8
    2455569.653            1.7            4.1
    2455571.713            4.1            4.6
    2455572.671            6.6            4.8
    2455621.621            6.4            4.6
    2455757.974            9.4            5.0
    2455803.919           -0.1            4.3
    2455806.936            5.6            4.3
    2455828.781            6.2            4.2
    2455831.849            1.0            5.1
    2455861.842            5.4            4.2
    2455864.796            3.1            4.4
    2455892.745            6.0            4.9
