    2451745.994           13.7            4.3
    2451778.895           -9.7            3.7
    2451808.867            7.3            3.6
    2451853.766           16.7            4.1
    2451856.801            1.3            4.6
    2451898.637            5.0            8.0
    2451932.609            5.6            3.9
    2452163.861           13.7            4.9
    2452175.851            8.3            4.0
    2452307.598            5.5            4.5
    2452465.989           -9.3            5.3
    2452483.985           12.5            5.0
    2452494.987           13.9            5.0
    2452517.936           21.8            5.2
     2452528.91           17.7            5.2
     2452530.91           22.7            4.5
    2452541.904           17.9            4.5
    2452543.883           15.1            5.0
    2452559.914           -9.6            6.4
    2452561.795           -6.4            8.4
    2452571.791          -10.7            5.0
     2452589.81           14.9            5.7
    2452603.782            7.7            4.9
    2452605.724           -0.1            4.8
    2452616.772            4.7            5.9
    2452665.604          -12.0            4.2
    2452668.611           -4.8            5.3
    2452837.972           11.0            5.4
    2452861.963            5.5            4.1
    2452863.985           10.7            5.2
    2452879.918           -8.6            4.2
    2452880.947          -11.6            5.0
    2452898.911           20.0            4.7
    2452900.928           11.8            4.8
    2452932.839           16.9            4.3
    2452934.804           19.8            4.6
    2452963.753          -13.0            5.2
    2452965.809           -2.7            5.4
     2453022.63           -3.0            5.6
     2453208.01           22.4            3.8
    2453209.978           19.0            3.7
    2453214.961           -0.8            4.2
    2453231.961           18.1            4.0
    2453233.909           12.7            3.9
     2453235.96           -4.4            4.2
    2453265.899           10.6            3.8
    2453268.919            4.8            4.0
     2453269.81            6.5            3.5
    2453286.828           -4.8            3.8
    2453324.713           17.5            5.5
    2453354.654          -11.1            3.8
    2453400.642            1.3            7.5
    2453550.983            1.8            4.4
    2453578.964            7.5            4.6
    2453613.923           12.0            4.2
    2453654.771          -11.7            4.1
    2453701.724            1.9            4.6
    2453740.745           15.3            4.7
    2453911.993           14.5            3.6
    2453917.013            0.6            3.9
    2453934.974            7.1            3.9
    2453968.925           11.9            3.2
    2453981.851           12.5            3.8
    2453985.899           -7.8            4.0
    2454055.755          -12.6            3.9
    2454297.975            7.0            4.1
    2454300.974           20.5            4.0
    2454314.939           11.9            3.6
    2454318.981           -5.2            4.2
    2454344.859           -5.2            4.3
    2454348.917            7.8            4.0
    2454391.887           16.1            5.4
    2454394.775           22.0            4.2
    2454418.777           17.1            4.5
    2454420.763            8.4            4.2
    2454440.653            5.1            3.4
    2454443.651           10.9            3.6
    2454481.638           -0.7            3.9
    2454503.651            6.2            4.3
    2454645.984           12.9            4.5
    2454646.968           11.5            4.2
    2454668.009           14.1            3.7
    2454681.904           18.2            3.8
     2454683.97            3.7            3.8
    2454711.893           -0.3            4.1
    2454713.873           10.1            4.2
    2454715.882           18.5            4.6
    2454716.875           16.6            4.1
    2454753.885           -2.1            3.6
     2454755.85           -9.4            3.8
    2454777.733            9.3            4.1
    2454806.796           14.2            5.5
     2454808.77           20.5            4.3
    2454809.763           22.6            6.1
    2455026.973           12.4            5.7
    2455063.965           -1.1            5.0
    2455099.996           -5.0            4.9
    2455116.856           11.1            6.8
    2455154.739           15.9            7.6
    2455174.788           13.4            5.8
    2455364.972           -7.1            5.0
    2455419.012            0.1            4.7
    2455446.847          -11.0            3.6
    2455446.856          -11.5            3.1
    2455463.833           18.9            5.2
    2455466.842            7.6            4.8
    2455569.653           20.4            4.1
    2455571.713           10.1            4.6
    2455572.671            7.0            4.8
    2455621.621          -11.9            4.6
    2455757.974            1.6            5.0
    2455803.919           -5.1            4.3
    2455806.936           13.2            4.3
    2455828.781           -7.3            4.2
    2455831.849           12.8            5.1
    2455861.842           -3.6            4.2
    2455864.796           12.1            4.4
    2455892.745           12.9            4.9
