    2451745.994           14.8            4.3
    2451778.895            6.5            3.7
    2451808.867           -6.4            3.6
    2451853.766            9.9            4.1
    2451856.801           16.4            4.6
    2451898.637           19.0            8.0
    2451932.609           -2.3            3.9
    2452163.861           -6.9            4.9
    2452175.851            8.1            4.0
    2452307.598           -4.8            4.5
    2452465.989           22.7            5.3
    2452483.985           -2.4            5.0
    2452494.987            8.2            5.0
    2452517.936            9.2            5.2
     2452528.91            8.0            5.2
     2452530.91           22.3            4.5
    2452541.904            0.1            4.5
    2452543.883            9.8            5.0
    2452559.914            6.0            6.4
    2452561.795           -0.4            8.4
    2452571.791          -11.5            5.0
     2452589.81           12.3            5.7
    2452603.782            3.7            4.9
    2452605.724           18.8            4.8
    2452616.772           13.7            5.9
    2452665.604            6.1            4.2
    2452668.611           14.7            5.3
    2452837.972           13.1            5.4
    2452861.963           -3.7            4.1
    2452863.985           23.3            5.2
    2452879.918           18.9            4.2
    2452880.947            3.9            5.0
    2452898.911           12.0            4.7
    2452900.928           -3.2            4.8
    2452932.839           -0.1            4.3
    2452934.804            3.7            4.6
    2452963.753            1.6            5.2
    2452965.809            0.7            5.4
     2453022.63            8.8            5.6
     2453208.01           -8.5            3.8
    2453209.978            2.2            3.7
    2453214.961           -0.0            4.2
    2453231.961           21.3            4.0
    2453233.909           -8.5            3.9
     2453235.96            7.7            4.2
    2453265.899          -14.6            3.8
    2453268.919           -1.3            4.0
     2453269.81           -7.0            3.5
    2453286.828            0.8            3.8
    2453324.713            0.2            5.5
    2453354.654          -11.4            3.8
    2453400.642            3.9            7.5
    2453550.983           11.3            4.4
    2453578.964            1.4            4.6
    2453613.923           14.3            4.2
    2453654.771           -6.1            4.1
    2453701.724           10.9            4.6
    2453740.745           20.3            4.7
    2453911.993           -5.0            3.6
    2453917.013           24.3            3.9
    2453934.974          -10.5            3.9
    2453968.925           15.0            3.2
    2453981.851           10.0            3.8
    2453985.899            0.2            4.0
    2454055.755          -10.6            3.9
    2454297.975           15.6            4.1
    2454300.974           10.6            4.0
    2454314.939            5.1            3.6
    2454318.981          -13.9            4.2
    2454344.859           -5.0            4.3
    2454348.917           -9.0            4.0
    2454391.887            1.6            5.4
    2454394.775           -5.0            4.2
    2454418.777           17.2            4.5
    2454420.763            0.3            4.2
    2454440.653           -2.1            3.4
    2454443.651            0.1            3.6
    2454481.638           -3.1            3.9
    2454503.651           13.8            4.3
    2454645.984           -1.7            4.5
    2454646.968           16.9            4.2
    2454668.009           -8.8            3.7
    2454681.904            3.9            3.8
     2454683.97            0.1            3.8
    2454711.893           24.2            4.1
    2454713.873           -1.8            4.2
    2454715.882           15.0            4.6
    2454716.875           -3.6            4.1
    2454753.885            9.4            3.6
     2454755.85           -2.5            3.8
    2454777.733            9.4            4.1
    2454806.796           20.1            5.5
     2454808.77           -8.2            4.3
    2454809.763           22.3            6.1
    2455026.973          -10.0            5.7
    2455063.965           17.0            5.0
    2455099.996           13.6            4.9
    2455116.856           16.3            6.8
    2455154.739           13.0            7.6
    2455174.788           15.6            5.8
    2455364.972            0.8            5.0
    2455419.012            5.4            4.7
    2455446.847          -16.5            3.6
    2455446.856          -17.2            3.1
    2455463.833           -4.9            5.2
    2455466.842           -0.2            4.8
    2455569.653           20.6            4.1
    2455571.713            3.1            4.6
    2455572.671           12.5            4.8
    2455621.621            9.4            4.6
    2455757.974           15.5            5.0
    2455803.919           13.5            4.3
    2455806.936           14.9            4.3
    2455828.781          -15.6            4.2
    2455831.849           -9.0            5.1
    2455861.842          -10.4            4.2
    2455864.796           -7.3            4.4
    2455892.745           18.5            4.9
