    2451745.994          -12.4            4.3
    2451778.895          -12.2            3.7
    2451808.867           23.6            3.6
    2451853.766           -5.2            4.1
    2451856.801           -0.9            4.6
    2451898.637           -7.6            8.0
    2451932.609           -6.7            3.9
    2452163.861          -16.8            4.9
    2452175.851           23.5            4.0
    2452307.598           -9.3            4.5
    2452465.989           -5.4            5.3
    2452483.985          -11.1            5.0
    2452494.987            8.1            5.0
    2452517.936            1.0            5.2
     2452528.91           22.1            5.2
     2452530.91          -13.5            4.5
    2452541.904           15.2            4.5
    2452543.883           -4.7            5.0
    2452559.914            1.2            6.4
    2452561.795           17.6            8.4
    2452571.791           -7.7            5.0
     2452589.81           17.2            5.7
    2452603.782           20.5            4.9
    2452605.724           -8.2            4.8
    2452616.772           19.3            5.9
    2452665.604          -18.6            4.2
    2452668.611           19.6            5.3
    2452837.972            0.5            5.4
    2452861.963           13.6            4.1
    2452863.985            4.2            5.2
    2452879.918           -4.5            4.2
    2452880.947           17.8            5.0
    2452898.911            4.7            4.7
    2452900.928           14.9            4.8
    2452932.839           20.1            4.3
    2452934.804          -16.1            4.6
    2452963.753            2.0            5.2
    2452965.809           26.2            5.4
     2453022.63           -7.0            5.6
     2453208.01           -6.0            3.8
    2453209.978           14.2            3.7
    2453214.961           17.3            4.2
    2453231.961          -12.7            4.0
    2453233.909           24.4            3.9
     2453235.96           -7.1            4.2
    2453265.899            4.4            3.8
    2453268.919          -15.1            4.0
     2453269.81           -3.9            3.5
    2453286.828           -5.1            3.8
    2453324.713          -10.2            5.5
    2453354.654           20.8            3.8
    2453400.642            3.5            7.5
    2453550.983           -3.7            4.4
    2453578.964           -0.8            4.6
    2453613.923            7.5            4.2
    2453654.771          -13.9            4.1
    2453701.724          -11.5            4.6
    2453740.745           19.3            4.7
    2453911.993           20.0            3.6
    2453917.013           16.8            3.9
    2453934.974           20.5            3.9
    2453968.925            8.2            3.2
    2453981.851           22.3            3.8
    2453985.899           11.9            4.0
    2454055.755           13.2            3.9
    2454297.975           14.2            4.1
    2454300.974            3.2            4.0
    2454314.939            7.3            3.6
    2454318.981          -15.9            4.2
    2454344.859            6.6            4.3
    2454348.917           21.5            4.0
    2454391.887           11.9            5.4
    2454394.775           15.9            4.2
    2454418.777           21.7            4.5
    2454420.763          -17.3            4.2
    2454440.653            3.8            3.4
    2454443.651          -17.1            3.6
    2454481.638          -13.5            3.9
    2454503.651           15.7            4.3
    2454645.984           23.6            4.5
    2454646.968           -2.3            4.2
    2454668.009            6.6            3.7
    2454681.904            7.5            3.8
     2454683.97            8.5            3.8
    2454711.893           10.3            4.1
    2454713.873           -6.5            4.2
    2454715.882           24.6            4.6
    2454716.875            3.1            4.1
    2454753.885           13.6            3.6
     2454755.85          -16.5            3.8
    2454777.733          -12.7            4.1
    2454806.796          -14.6            5.5
     2454808.77           22.9            4.3
    2454809.763           19.8            6.1
    2455026.973           24.0            5.7
    2455063.965           20.8            5.0
    2455099.996           -7.1            4.9
    2455116.856           -5.9            6.8
    2455154.739          -10.7            7.6
    2455174.788            5.2            5.8
    2455364.972           26.8            5.0
    2455419.012          -12.3            4.7
    2455446.847          -19.3            3.6
    2455446.856          -19.8            3.1
    2455463.833           23.1            5.2
    2455466.842            5.6            4.8
    2455569.653            6.2            4.1
    2455571.713           10.4            4.6
    2455572.671          -14.6            4.8
    2455621.621           17.5            4.6
    2455757.974          -15.5            5.0
    2455803.919           -5.6            4.3
    2455806.936           21.1            4.3
    2455828.781            4.6            4.2
    2455831.849           -8.2            5.1
    2455861.842           -0.3            4.2
    2455864.796          -11.3            4.4
    2455892.745           -7.3            4.9
