    2451745.994           -2.6            4.3
    2451778.895            6.6            3.7
    2451808.867            9.3            3.6
    2451853.766            4.5            4.1
    2451856.801            3.7            4.6
    2451898.637           16.5            8.0
    2451932.609           -9.0            3.9
    2452163.861           13.5            4.9
    2452175.851           -0.8            4.0
    2452307.598           -2.3            4.5
    2452465.989            6.1            5.3
    2452483.985            7.5            5.0
    2452494.987            7.5            5.0
    2452517.936            2.1            5.2
     2452528.91            7.0            5.2
     2452530.91           12.2            4.5
    2452541.904            8.7            4.5
    2452543.883            2.4            5.0
    2452559.914            1.9            6.4
    2452561.795           -5.5            8.4
    2452571.791           -2.2            5.0
     2452589.81           -5.7            5.7
    2452603.782            5.1            4.9
    2452605.724            4.2            4.8
    2452616.772           10.2            5.9
    2452665.604           -1.1            4.2
    2452668.611            9.4            5.3
    2452837.972            6.7            5.4
    2452861.963            3.6            4.1
    2452863.985           13.8            5.2
    2452879.918            1.7            4.2
    2452880.947           -1.9            5.0
    2452898.911          -10.8            4.7
    2452900.928           10.5            4.8
    2452932.839            8.2            4.3
    2452934.804          -10.5            4.6
    2452963.753           -5.4            5.2
    2452965.809           10.3            5.4
     2453022.63           12.9            5.6
     2453208.01           -2.2            3.8
    2453209.978           13.9            3.7
    2453214.961           -5.8            4.2
    2453231.961            0.2            4.0
    2453233.909           -1.9            3.9
     2453235.96           -6.9            4.2
    2453265.899            5.0            3.8
    2453268.919           -2.0            4.0
     2453269.81            1.9            3.5
    2453286.828            4.1            3.8
    2453324.713           16.0            5.5
    2453354.654          -10.4            3.8
    2453400.642            4.6            7.5
    2453550.983           10.0            4.4
    2453578.964           10.6            4.6
    2453613.923            3.6            4.2
    2453654.771            2.6            4.1
    2453701.724            2.2            4.6
    2453740.745            2.7            4.7
    2453911.993            3.9            3.6
    2453917.013            3.8            3.9
    2453934.974            5.0            3.9
    2453968.925            8.7            3.2
    2453981.851            0.3            3.8
    2453985.899           -2.2            4.0
    2454055.755            8.0            3.9
    2454297.975           13.0            4.1
    2454300.974            7.3            4.0
    2454314.939           12.3            3.6
    2454318.981            1.0            4.2
    2454344.859           13.3            4.3
    2454348.917           -2.7            4.0
    2454391.887            5.9            5.4
    2454394.775            0.1            4.2
    2454418.777           16.7            4.5
    2454420.763            2.1            4.2
    2454440.653            6.2            3.4
    2454443.651            1.1            3.6
    2454481.638           -3.3            3.9
    2454503.651            6.0            4.3
    2454645.984            7.6            4.5
    2454646.968           -5.8            4.2
    2454668.009           -1.8            3.7
    2454681.904           16.6            3.8
     2454683.97            4.3            3.8
    2454711.893           -7.3            4.1
    2454713.873            3.1            4.2
    2454715.882            1.3            4.6
    2454716.875           15.0            4.1
    2454753.885            8.9            3.6
     2454755.85           13.3            3.8
    2454777.733            1.2            4.1
    2454806.796            9.4            5.5
     2454808.77           -0.6            4.3
    2454809.763           13.0            6.1
    2455026.973            9.2            5.7
    2455063.965           10.6            5.0
    2455099.996            4.8            4.9
    2455116.856           -5.3            6.8
    2455154.739            8.5            7.6
    2455174.788           -0.2            5.8
    2455364.972            4.1            5.0
    2455419.012           -2.6            4.7
    2455446.847            9.2            3.6
    2455446.856            8.6            3.1
    2455463.833            7.1            5.2
    2455466.842           14.0            4.8
    2455569.653            5.4            4.1
    2455571.713           12.9            4.6
    2455572.671            0.4            4.8
    2455621.621            2.4            4.6
    2455757.974           13.4            5.0
    2455803.919            7.2            4.3
    2455806.936           -4.9            4.3
    2455828.781           -6.1            4.2
    2455831.849            1.6            5.1
    2455861.842           14.9            4.2
    2455864.796           -2.2            4.4
    2455892.745           -7.2            4.9
