    2451745.994            7.9            4.3
    2451778.895            2.9            3.7
    2451808.867           -0.6            3.6
    2451853.766            6.1            4.1
    2451856.801           -8.3            4.6
    2451898.637            7.3            8.0
    2451932.609            9.5            3.9
    2452163.861           17.3            4.9
    2452175.851           18.8            4.0
    2452307.598          -14.7            4.5
    2452465.989            1.6            5.3
    2452483.985           19.1            5.0
    2452494.987            8.9            5.0
    2452517.936           15.5            5.2
     2452528.91           20.7            5.2
     2452530.91            5.3            4.5
    2452541.904           21.6            4.5
    2452543.883           -2.2            5.0
    2452559.914           -1.1            6.4
    2452561.795           -7.8            8.4
    2452571.791            0.9            5.0
     2452589.81           23.2            5.7
    2452603.782            0.4            4.9
    2452605.724          -14.0            4.8
    2452616.772           -4.3            5.9
    2452665.604           -9.0            4.2
    2452668.611            7.0            5.3
    2452837.972           19.5            5.4
    2452861.963           25.2            4.1
    2452863.985            9.6            5.2
    2452879.918           -4.5            4.2
    2452880.947           -6.9            5.0
    2452898.911           11.0            4.7
    2452900.928            3.3            4.8
    2452932.839           20.7            4.3
    2452934.804            8.4            4.6
    2452963.753           -5.2            5.2
    2452965.809            8.2            5.4
     2453022.63            0.1            5.6
     2453208.01           15.3            3.8
    2453209.978            7.4            3.7
    2453214.961           -9.1            4.2
    2453231.961            9.0            4.0
    2453233.909            3.2            3.9
     2453235.96           -3.9            4.2
    2453265.899           24.4            3.8
    2453268.919           -9.6            4.0
     2453269.81            3.3            3.5
    2453286.828           -3.3            3.8
    2453324.713           24.8            5.5
    2453354.654           -7.6            3.8
    2453400.642           -1.7            7.5
    2453550.983           24.0            4.4
    2453578.964           -2.9            4.6
    2453613.923            6.2            4.2
    2453654.771            5.6            4.1
    2453701.724            2.7            4.6
    2453740.745            8.0            4.7
    2453911.993            5.5            3.6
    2453917.013           11.3            3.9
    2453934.974            8.6            3.9
    2453968.925            7.5            3.2
    2453981.851            4.3            3.8
    2453985.899          -10.9            4.0
    2454055.755           -7.5            3.9
    2454297.975           10.5            4.1
    2454300.974           13.1            4.0
    2454314.939           -6.8            3.6
    2454318.981           -3.9            4.2
    2454344.859            5.2            4.3
    2454348.917           12.2            4.0
    2454391.887           28.6            5.4
    2454394.775            6.4            4.2
    2454418.777           15.4            4.5
    2454420.763           -3.0            4.2
    2454440.653           22.6            3.4
    2454443.651           -5.0            3.6
    2454481.638           -4.3            3.9
    2454503.651           -3.6            4.3
    2454645.984           23.9            4.5
    2454646.968           17.7            4.2
    2454668.009           18.7            3.7
    2454681.904           15.4            3.8
     2454683.97           -9.5            3.8
    2454711.893            2.7            4.1
    2454713.873           20.8            4.2
    2454715.882           15.8            4.6
    2454716.875           13.8            4.1
    2454753.885           -9.2            3.6
     2454755.85           -9.4            3.8
    2454777.733          -11.5            4.1
    2454806.796           22.2            5.5
     2454808.77            2.8            4.3
    2454809.763           10.3            6.1
    2455026.973           -2.7            5.7
    2455063.965           -7.9            5.0
    2455099.996           -0.1            4.9
    2455116.856           27.0            6.8
    2455154.739           15.0            7.6
    2455174.788           13.8            5.8
    2455364.972          -11.5            5.0
    2455419.012           -6.7            4.7
    2455446.847            0.3            3.6
    2455446.856            0.4            3.1
    2455463.833           22.9            5.2
    2455466.842          -15.6            4.8
    2455569.653            5.4            4.1
    2455571.713            3.7            4.6
    2455572.671           -1.2            4.8
    2455621.621           -2.8            4.6
    2455757.974           12.8            5.0
    2455803.919            8.7            4.3
    2455806.936           16.8            4.3
    2455828.781           11.8            4.2
    2455831.849            5.1            5.1
    2455861.842            0.9            4.2
    2455864.796           25.7            4.4
    2455892.745            1.7            4.9
