    2451745.994            6.5            4.3
    2451778.895           -1.7            3.7
    2451808.867            3.7            3.6
    2451853.766           -0.3            4.1
    2451856.801            2.8            4.6
    2451898.637            3.3            8.0
    2451932.609           -0.8            3.9
    2452163.861            1.5            4.9
    2452175.851            7.5            4.0
    2452307.598           -0.5            4.5
    2452465.989           10.5            5.3
    2452483.985            6.0            5.0
    2452494.987            0.1            5.0
    2452517.936            6.9            5.2
     2452528.91            0.6            5.2
     2452530.91            9.3            4.5
    2452541.904            5.6            4.5
    2452543.883            6.4            5.0
    2452559.914            1.6            6.4
    2452561.795           13.7            8.4
    2452571.791           10.5            5.0
     2452589.81            5.3            5.7
    2452603.782            1.3            4.9
    2452605.724            9.1            4.8
    2452616.772            8.0            5.9
    2452665.604           -0.6            4.2
    2452668.611            2.1            5.3
    2452837.972           10.8            5.4
    2452861.963            8.9            4.1
    2452863.985            2.7            5.2
    2452879.918            1.2            4.2
    2452880.947            1.4            5.0
    2452898.911            8.7            4.7
    2452900.928           -0.7            4.8
    2452932.839            7.9            4.3
    2452934.804            0.3            4.6
    2452963.753            9.7            5.2
    2452965.809            0.2            5.4
     2453022.63            7.9            5.6
     2453208.01           -0.7            3.8
    2453209.978            7.6            3.7
    2453214.961            0.3            4.2
    2453231.961           -0.4            4.0
    2453233.909            7.1            3.9
     2453235.96            4.2            4.2
    2453265.899           -1.7            3.8
    2453268.919           -0.8            4.0
     2453269.81            0.9            3.5
    2453286.828            1.3            3.8
    2453324.713            6.5            5.5
    2453354.654           -1.4            3.8
    2453400.642           12.9            7.5
    2453550.983            7.7            4.4
    2453578.964            2.3            4.6
    2453613.923           -0.4            4.2
    2453654.771           -0.6            4.1
    2453701.724            1.8            4.6
    2453740.745            5.6            4.7
    2453911.993            8.4            3.6
    2453917.013           -1.5            3.9
    2453934.974            3.7            3.9
    2453968.925            1.6            3.2
    2453981.851           -1.5            3.8
    2453985.899            1.3            4.0
    2454055.755            7.0            3.9
    2454297.975            6.0            4.1
    2454300.974            8.7            4.0
    2454314.939            6.6            3.6
    2454318.981            1.5            4.2
    2454344.859            9.1            4.3
    2454348.917            7.4            4.0
    2454391.887            4.8            5.4
    2454394.775           -0.3            4.2
    2454418.777            1.0            4.5
    2454420.763            6.2            4.2
    2454440.653            8.4            3.4
    2454443.651            7.8            3.6
    2454481.638            8.8            3.9
    2454503.651           -0.5            4.3
    2454645.984            4.2            4.5
    2454646.968           -1.3            4.2
    2454668.009            2.3            3.7
    2454681.904            5.1            3.8
     2454683.97            0.3            3.8
    2454711.893           -0.5            4.1
    2454713.873            7.1            4.2
    2454715.882            4.4            4.6
    2454716.875            9.1            4.1
    2454753.885            7.4            3.6
     2454755.85           -1.4            3.8
    2454777.733            8.3            4.1
    2454806.796            1.2            5.5
     2454808.77            9.4            4.3
    2454809.763            5.2            6.1
    2455026.973           10.6            5.7
    2455063.965            7.6            5.0
    2455099.996            0.6            4.9
    2455116.856            4.0            6.8
    2455154.739            3.2            7.6
    2455174.788            3.6            5.8
    2455364.972            9.2            5.0
    2455419.012            9.8            4.7
    2455446.847            7.9            3.6
    2455446.856            7.3            3.1
    2455463.833            9.4            5.2
    2455466.842            9.5            4.8
    2455569.653            7.5            4.1
    2455571.713            3.3            4.6
    2455572.671            9.6            4.8
    2455621.621            1.7            4.6
    2455757.974            1.8            5.0
    2455803.919            6.8            4.3
    2455806.936            3.1            4.3
    2455828.781            8.0            4.2
    2455831.849           10.0            5.1
    2455861.842            5.7            4.2
    2455864.796            1.8            4.4
    2455892.745            8.7            4.9
