    2451745.994            0.6            4.3
    2451778.895            9.2            3.7
    2451808.867            0.1            3.6
    2451853.766            6.0            4.1
    2451856.801           12.1            4.6
    2451898.637           13.5            8.0
    2451932.609           -1.4            3.9
    2452163.861           -3.8            4.9
    2452175.851           13.0            4.0
    2452307.598           -6.9            4.5
    2452465.989           -2.2            5.3
    2452483.985           -3.4            5.0
    2452494.987           16.3            5.0
    2452517.936            4.1            5.2
     2452528.91            3.9            5.2
     2452530.91            9.4            4.5
    2452541.904            0.0            4.5
    2452543.883           -0.5            5.0
    2452559.914            7.6            6.4
    2452561.795            1.5            8.4
    2452571.791            8.4            5.0
     2452589.81            4.5            5.7
    2452603.782           -0.0            4.9
    2452605.724           -0.3            4.8
    2452616.772           12.0            5.9
    2452665.604           -2.3            4.2
    2452668.611            2.2            5.3
    2452837.972           -4.9            5.4
    2452861.963           -2.9            4.1
    2452863.985            1.9            5.2
    2452879.918           -5.1            4.2
    2452880.947           -3.5            5.0
    2452898.911           -3.7            4.7
    2452900.928           -7.3            4.8
    2452932.839           13.7            4.3
    2452934.804            8.2            4.6
    2452963.753            0.8            5.2
    2452965.809            3.8            5.4
     2453022.63            1.3            5.6
     2453208.01            9.2            3.8
    2453209.978            7.0            3.7
    2453214.961           -4.5            4.2
    2453231.961           11.3            4.0
    2453233.909            4.3            3.9
     2453235.96            2.0            4.2
    2453265.899            4.9            3.8
    2453268.919            7.6            4.0
     2453269.81            4.7            3.5
    2453286.828           12.7            3.8
    2453324.713            7.8            5.5
    2453354.654            0.6            3.8
    2453400.642            4.0            7.5
    2453550.983            2.2            4.4
    2453578.964            0.7            4.6
    2453613.923           -0.9            4.2
    2453654.771           -1.5            4.1
    2453701.724            5.4            4.6
    2453740.745           -6.2            4.7
    2453911.993           -6.6            3.6
    2453917.013            5.9            3.9
    2453934.974            2.5            3.9
    2453968.925            1.3            3.2
    2453981.851           15.2            3.8
    2453985.899           12.6            4.0
    2454055.755           -4.3            3.9
    2454297.975           14.6            4.1
    2454300.974           15.1            4.0
    2454314.939            2.4            3.6
    2454318.981            9.6            4.2
    2454344.859            4.6            4.3
    2454348.917            1.6            4.0
    2454391.887           -1.4            5.4
    2454394.775            5.2            4.2
    2454418.777           11.2            4.5
    2454420.763           10.8            4.2
    2454440.653            7.1            3.4
    2454443.651            3.8            3.6
    2454481.638            9.6            3.9
    2454503.651           14.1            4.3
    2454645.984           -6.0            4.5
    2454646.968           -5.8            4.2
    2454668.009           -0.5            3.7
    2454681.904            3.9            3.8
     2454683.97            2.3            3.8
    2454711.893            3.7            4.1
    2454713.873            9.6            4.2
    2454715.882           11.6            4.6
    2454716.875           13.3            4.1
    2454753.885            0.7            3.6
     2454755.85            5.5            3.8
    2454777.733           17.0            4.1
    2454806.796           -2.8            5.5
     2454808.77           -6.4            4.3
    2454809.763           -5.5            6.1
    2455026.973           -1.9            5.7
    2455063.965           -5.0            5.0
    2455099.996           14.6            4.9
    2455116.856           13.1            6.8
    2455154.739           18.0            7.6
    2455174.788            6.5            5.8
    2455364.972            7.0            5.0
    2455419.012            6.4            4.7
    2455446.847           -1.0            3.6
    2455446.856           -1.9            3.1
    2455463.833            1.7            5.2
    2455466.842            6.1            4.8
    2455569.653           10.1            4.1
    2455571.713           12.0            4.6
    2455572.671           14.7            4.8
    2455621.621            3.0            4.6
    2455757.974           -6.3            5.0
    2455803.919            1.0            4.3
    2455806.936            5.7            4.3
    2455828.781           13.8            4.2
    2455831.849           14.3            5.1
    2455861.842           -5.9            4.2
    2455864.796            0.7            4.4
    2455892.745           14.5            4.9
