    2451745.994            8.9            4.3
    2451778.895            5.4            3.7
    2451808.867           -6.0            3.6
    2451853.766           -0.9            4.1
    2451856.801           -1.8            4.6
    2451898.637           14.7            8.0
    2451932.609            3.4            3.9
    2452163.861            6.0            4.9
    2452175.851            3.9            4.0
    2452307.598           19.2            4.5
    2452465.989            9.0            5.3
    2452483.985            5.0            5.0
    2452494.987           -0.2            5.0
    2452517.936           13.6            5.2
     2452528.91           -3.9            5.2
     2452530.91           -3.4            4.5
    2452541.904            8.6            4.5
    2452543.883            9.3            5.0
    2452559.914           10.0            6.4
    2452561.795            3.4            8.4
    2452571.791            1.3            5.0
     2452589.81           13.4            5.7
    2452603.782            9.0            4.9
    2452605.724            0.4            4.8
    2452616.772            8.6            5.9
    2452665.604           15.0            4.2
    2452668.611           16.2            5.3
    2452837.972           10.7            5.4
    2452861.963            4.3            4.1
    2452863.985            3.1            5.2
    2452879.918            9.8            4.2
    2452880.947           13.8            5.0
    2452898.911            2.7            4.7
    2452900.928            4.2            4.8
    2452932.839            3.7            4.3
    2452934.804           -3.6            4.6
    2452963.753           -2.9            5.2
    2452965.809           -2.7            5.4
     2453022.63            3.4            5.6
     2453208.01            3.7            3.8
    2453209.978            6.9            3.7
    2453214.961            7.0            4.2
    2453231.961           10.3            4.0
    2453233.909           10.7            3.9
     2453235.96            1.6            4.2
    2453265.899            9.7            3.8
    2453268.919            0.1            4.0
     2453269.81           -0.3            3.5
    2453286.828            9.8            3.8
    2453324.713           -3.7            5.5
    2453354.654            6.0            3.8
    2453400.642           -4.0            7.5
    2453550.983            9.4            4.4
    2453578.964           10.4            4.6
    2453613.923           -3.2            4.2
    2453654.771            2.3            4.1
    2453701.724            6.0            4.6
    2453740.745            6.2            4.7
    2453911.993            9.0            3.6
    2453917.013            2.0            3.9
    2453934.974           11.5            3.9
    2453968.925           -2.4            3.2
    2453981.851            3.8            3.8
    2453985.899            9.0            4.0
    2454055.755            0.6            3.9
    2454297.975           13.8            4.1
    2454300.974           13.3            4.0
    2454314.939            8.3            3.6
    2454318.981            5.5            4.2
    2454344.859            5.7            4.3
    2454348.917            8.7            4.0
    2454391.887           10.4            5.4
    2454394.775            0.6            4.2
    2454418.777            3.3            4.5
    2454420.763            5.8            4.2
    2454440.653           -1.8            3.4
    2454443.651            3.1            3.6
    2454481.638           -1.6            3.9
    2454503.651            6.2            4.3
    2454645.984           -1.4            4.5
    2454646.968            3.6            4.2
    2454668.009            2.7            3.7
    2454681.904            1.6            3.8
     2454683.97            3.0            3.8
    2454711.893            5.9            4.1
    2454713.873            6.1            4.2
    2454715.882           -5.7            4.6
    2454716.875           -2.9            4.1
    2454753.885           -1.5            3.6
     2454755.85            1.3            3.8
    2454777.733            7.5            4.1
    2454806.796            6.2            5.5
     2454808.77            3.8            4.3
    2454809.763           14.8            6.1
    2455026.973            3.3            5.7
    2455063.965            6.6            5.0
    2455099.996           -0.8            4.9
    2455116.856            1.4            6.8
    2455154.739            0.4            7.6
    2455174.788            7.4            5.8
    2455364.972           -2.6            5.0
    2455419.012            9.0            4.7
    2455446.847            3.8            3.6
    2455446.856            3.5            3.1
    2455463.833           -2.9            5.2
    2455466.842            1.3            4.8
    2455569.653            9.5            4.1
    2455571.713           16.9            4.6
    2455572.671           13.1            4.8
    2455621.621            4.7            4.6
    2455757.974            9.2            5.0
    2455803.919            9.6            4.3
    2455806.936            4.5            4.3
    2455828.781           -3.2            4.2
    2455831.849            1.8            5.1
    2455861.842            8.0            4.2
    2455864.796           -3.0            4.4
    2455892.745            9.7            4.9
