    2451745.994           -0.4            4.3
    2451778.895           -1.1            3.7
    2451808.867            3.8            3.6
    2451853.766            2.8            4.1
    2451856.801           17.9            4.6
    2451898.637           14.8            8.0
    2451932.609            0.6            3.9
    2452163.861           11.9            4.9
    2452175.851            7.7            4.0
    2452307.598           -1.1            4.5
    2452465.989           17.4            5.3
    2452483.985           -0.4            5.0
    2452494.987            4.0            5.0
    2452517.936           12.9            5.2
     2452528.91           -6.3            5.2
     2452530.91            1.0            4.5
    2452541.904            6.2            4.5
    2452543.883            7.1            5.0
    2452559.914           11.4            6.4
    2452561.795            9.1            8.4
    2452571.791            2.3            5.0
     2452589.81            4.0            5.7
    2452603.782            7.0            4.9
    2452605.724            7.9            4.8
    2452616.772           -0.6            5.9
    2452665.604           11.9            4.2
    2452668.611            8.7            5.3
    2452837.972            4.4            5.4
    2452861.963           -0.0            4.1
    2452863.985            2.8            5.2
    2452879.918           11.8            4.2
    2452880.947            2.2            5.0
    2452898.911            2.1            4.7
    2452900.928            6.9            4.8
    2452932.839           12.9            4.3
    2452934.804           17.7            4.6
    2452963.753            0.0            5.2
    2452965.809            2.3            5.4
     2453022.63            6.3            5.6
     2453208.01           14.5            3.8
    2453209.978            7.3            3.7
    2453214.961            4.7            4.2
    2453231.961           -2.5            4.0
    2453233.909            2.2            3.9
     2453235.96            6.4            4.2
    2453265.899            6.2            3.8
    2453268.919           -1.4            4.0
     2453269.81            2.9            3.5
    2453286.828            6.6            3.8
    2453324.713            3.0            5.5
    2453354.654           -5.1            3.8
    2453400.642           12.6            7.5
    2453550.983           10.5            4.4
    2453578.964            2.9            4.6
    2453613.923           -5.8            4.2
    2453654.771            1.6            4.1
    2453701.724            2.9            4.6
    2453740.745            2.0            4.7
    2453911.993            3.6            3.6
    2453917.013            6.1            3.9
    2453934.974           -4.0            3.9
    2453968.925            0.9            3.2
    2453981.851            9.5            3.8
    2453985.899            2.8            4.0
    2454055.755           -0.6            3.9
    2454297.975           15.7            4.1
    2454300.974           11.9            4.0
    2454314.939           10.8            3.6
    2454318.981            3.2            4.2
    2454344.859           -0.8            4.3
    2454348.917           -4.5            4.0
    2454391.887            9.6            5.4
    2454394.775            3.2            4.2
    2454418.777            5.9            4.5
    2454420.763            5.3            4.2
    2454440.653            4.5            3.4
    2454443.651           -0.0            3.6
    2454481.638            7.3            3.9
    2454503.651            7.1            4.3
    2454645.984           18.4            4.5
    2454646.968            9.2            4.2
    2454668.009            8.1            3.7
    2454681.904            5.8            3.8
     2454683.97           10.7            3.8
    2454711.893            7.5            4.1
    2454713.873            6.0            4.2
    2454715.882           -5.1            4.6
    2454716.875           -3.7            4.1
    2454753.885            8.9            3.6
     2454755.85            4.0            3.8
    2454777.733           -2.7            4.1
    2454806.796           10.6            5.5
     2454808.77            5.3            4.3
    2454809.763            9.6            6.1
    2455026.973           11.6            5.7
    2455063.965           -5.4            5.0
    2455099.996            6.9            4.9
    2455116.856            6.6            6.8
    2455154.739           13.8            7.6
    2455174.788            6.5            5.8
    2455364.972            4.6            5.0
    2455419.012           -0.0            4.7
    2455446.847           -5.1            3.6
    2455446.856           -5.9            3.1
    2455463.833            1.7            5.2
    2455466.842            7.1            4.8
    2455569.653            8.0            4.1
    2455571.713            5.6            4.6
    2455572.671           -4.3            4.8
    2455621.621            9.0            4.6
    2455757.974            9.3            5.0
    2455803.919            6.8            4.3
    2455806.936            0.1            4.3
    2455828.781           10.2            4.2
    2455831.849            5.0            5.1
    2455861.842            3.9            4.2
    2455864.796           10.2            4.4
    2455892.745            4.9            4.9
