    2451745.994            0.9            4.3
    2451778.895            0.1            3.7
    2451808.867            9.7            3.6
    2451853.766            3.5            4.1
    2451856.801            9.8            4.6
    2451898.637           19.4            8.0
    2451932.609            0.1            3.9
    2452163.861           13.7            4.9
    2452175.851           -8.0            4.0
    2452307.598           10.9            4.5
    2452465.989           -6.1            5.3
    2452483.985           23.8            5.0
    2452494.987           -1.2            5.0
    2452517.936           -0.4            5.2
     2452528.91            2.4            5.2
     2452530.91           -7.7            4.5
    2452541.904            7.5            4.5
    2452543.883           12.5            5.0
    2452559.914           -4.6            6.4
    2452561.795           -2.4            8.4
    2452571.791            6.5            5.0
     2452589.81          -11.2            5.7
    2452603.782            7.2            4.9
    2452605.724            7.8            4.8
    2452616.772           12.7            5.9
    2452665.604           -4.1            4.2
    2452668.611           14.8            5.3
    2452837.972           14.2            5.4
    2452861.963           -2.1            4.1
    2452863.985            1.3            5.2
    2452879.918            8.5            4.2
    2452880.947           -4.6            5.0
    2452898.911           19.1            4.7
    2452900.928           -0.4            4.8
    2452932.839           -6.4            4.3
    2452934.804            1.9            4.6
    2452963.753            6.0            5.2
    2452965.809            4.5            5.4
     2453022.63           13.4            5.6
     2453208.01           -5.2            3.8
    2453209.978           15.6            3.7
    2453214.961          -12.5            4.2
    2453231.961           18.0            4.0
    2453233.909            9.5            3.9
     2453235.96           -1.0            4.2
    2453265.899           -2.1            3.8
    2453268.919            6.0            4.0
     2453269.81            0.0            3.5
    2453286.828           -2.8            3.8
    2453324.713           16.5            5.5
    2453354.654            7.0            3.8
    2453400.642           -5.8            7.5
    2453550.983            0.4            4.4
    2453578.964           -1.5            4.6
    2453613.923           -2.5            4.2
    2453654.771            7.0            4.1
    2453701.724            2.5            4.6
    2453740.745           -0.6            4.7
    2453911.993           -6.2            3.6
    2453917.013            7.2            3.9
    2453934.974           -8.8            3.9
    2453968.925           12.7            3.2
    2453981.851           21.3            3.8
    2453985.899           -7.7            4.0
    2454055.755            0.9            3.9
    2454297.975           -4.5            4.1
    2454300.974           12.0            4.0
    2454314.939           10.9            3.6
    2454318.981           -8.2            4.2
    2454344.859           19.3            4.3
    2454348.917           -8.3            4.0
    2454391.887            4.3            5.4
    2454394.775            4.1            4.2
    2454418.777            4.8            4.5
    2454420.763            0.5            4.2
    2454440.653           -4.6            3.4
    2454443.651           -4.5            3.6
    2454481.638            9.3            3.9
    2454503.651           -5.6            4.3
    2454645.984            6.6            4.5
    2454646.968            1.8            4.2
    2454668.009           11.0            3.7
    2454681.904           -0.5            3.8
     2454683.97           -1.5            3.8
    2454711.893           -5.4            4.1
    2454713.873           -3.1            4.2
    2454715.882            2.6            4.6
    2454716.875           15.2            4.1
    2454753.885            3.7            3.6
     2454755.85            0.9            3.8
    2454777.733            0.4            4.1
    2454806.796            1.1            5.5
     2454808.77            7.2            4.3
    2454809.763            5.4            6.1
    2455026.973           -0.5            5.7
    2455063.965            8.4            5.0
    2455099.996            7.9            4.9
    2455116.856            2.8            6.8
    2455154.739           19.9            7.6
    2455174.788           16.3            5.8
    2455364.972           15.5            5.0
    2455419.012          -12.0            4.7
    2455446.847            8.4            3.6
    2455446.856            7.8            3.1
    2455463.833           -1.0            5.2
    2455466.842           18.2            4.8
    2455569.653            7.0            4.1
    2455571.713            2.0            4.6
    2455572.671           -5.9            4.8
    2455621.621           10.1            4.6
    2455757.974            8.4            5.0
    2455803.919           -8.9            4.3
    2455806.936            4.8            4.3
    2455828.781            9.3            4.2
    2455831.849           13.6            5.1
    2455861.842           15.9            4.2
    2455864.796            5.5            4.4
    2455892.745            1.5            4.9
