    2451745.994           -3.0            4.3
    2451778.895           -8.1            3.7
    2451808.867           -6.4            3.6
    2451853.766           12.0            4.1
    2451856.801           -0.7            4.6
    2451898.637           15.9            8.0
    2451932.609            3.6            3.9
    2452163.861           -4.4            4.9
    2452175.851            7.5            4.0
    2452307.598            1.1            4.5
    2452465.989            7.2            5.3
    2452483.985           -4.4            5.0
    2452494.987           -4.1            5.0
    2452517.936           15.8            5.2
     2452528.91           12.5            5.2
     2452530.91           11.1            4.5
    2452541.904            9.0            4.5
    2452543.883           -4.1            5.0
    2452559.914           17.8            6.4
    2452561.795           19.8            8.4
    2452571.791            3.2            5.0
     2452589.81            8.3            5.7
    2452603.782           15.3            4.9
    2452605.724            4.7            4.8
    2452616.772           10.7            5.9
    2452665.604           19.7            4.2
    2452668.611            2.5            5.3
    2452837.972            7.2            5.4
    2452861.963           10.6            4.1
    2452863.985           -4.9            5.2
    2452879.918            5.8            4.2
    2452880.947            5.8            5.0
    2452898.911           11.3            4.7
    2452900.928           -4.7            4.8
    2452932.839           -0.4            4.3
    2452934.804           10.3            4.6
    2452963.753           -6.0            5.2
    2452965.809           13.7            5.4
     2453022.63           12.9            5.6
     2453208.01           -4.0            3.8
    2453209.978           -1.3            3.7
    2453214.961           -4.4            4.2
    2453231.961           -1.9            4.0
    2453233.909            6.4            3.9
     2453235.96           19.1            4.2
    2453265.899           13.9            3.8
    2453268.919            2.5            4.0
     2453269.81           -6.9            3.5
    2453286.828            1.8            3.8
    2453324.713            3.4            5.5
    2453354.654            8.1            3.8
    2453400.642           20.9            7.5
    2453550.983            9.7            4.4
    2453578.964           11.9            4.6
    2453613.923            0.9            4.2
    2453654.771            5.2            4.1
    2453701.724            6.4            4.6
    2453740.745            5.5            4.7
    2453911.993            8.0            3.6
    2453917.013           13.5            3.9
    2453934.974            4.3            3.9
    2453968.925            8.2            3.2
    2453981.851           -2.6            3.8
    2453985.899            7.3            4.0
    2454055.755          -12.0            3.9
    2454297.975           15.5            4.1
    2454300.974           -2.6            4.0
    2454314.939           -7.4            3.6
    2454318.981            5.3            4.2
    2454344.859           -0.0            4.3
    2454348.917           10.8            4.0
    2454391.887            1.8            5.4
    2454394.775            9.6            4.2
    2454418.777            3.7            4.5
    2454420.763           11.0            4.2
    2454440.653           -5.6            3.4
    2454443.651            5.9            3.6
    2454481.638           13.0            3.9
    2454503.651           -5.6            4.3
    2454645.984            0.7            4.5
    2454646.968           -3.7            4.2
    2454668.009           -0.2            3.7
    2454681.904           -4.6            3.8
     2454683.97           -0.9            3.8
    2454711.893           -1.4            4.1
    2454713.873           -2.7            4.2
    2454715.882            6.7            4.6
    2454716.875            8.7            4.1
    2454753.885            6.6            3.6
     2454755.85           -4.1            3.8
    2454777.733           12.9            4.1
    2454806.796            3.4            5.5
     2454808.77           10.1            4.3
    2454809.763           -0.2            6.1
    2455026.973           -2.4            5.7
    2455063.965            5.7            5.0
    2455099.996           -2.4            4.9
    2455116.856            6.4            6.8
    2455154.739           -4.7            7.6
    2455174.788           12.8            5.8
    2455364.972           -0.9            5.0
    2455419.012          -10.3            4.7
    2455446.847            6.8            3.6
    2455446.856            6.3            3.1
    2455463.833            9.0            5.2
    2455466.842            7.4            4.8
    2455569.653            5.5            4.1
    2455571.713           -0.5            4.6
    2455572.671            2.7            4.8
    2455621.621           -3.3            4.6
    2455757.974            8.2            5.0
    2455803.919            4.2            4.3
    2455806.936           11.8            4.3
    2455828.781            8.8            4.2
    2455831.849            7.0            5.1
    2455861.842           -7.4            4.2
    2455864.796            2.4            4.4
    2455892.745            4.2            4.9
