    2451745.994            5.3            4.3
    2451778.895            3.6            3.7
    2451808.867            4.1            3.6
    2451853.766            4.2            4.1
    2451856.801            5.7            4.6
    2451898.637            7.9            8.0
    2451932.609            4.5            3.9
    2452163.861            5.4            4.9
    2452175.851            4.3            4.0
    2452307.598            6.6            4.5
    2452465.989            7.4            5.3
    2452483.985            5.1            5.0
    2452494.987            5.0            5.0
    2452517.936            5.2            5.2
     2452528.91            4.8            5.2
     2452530.91            5.3            4.5
    2452541.904            4.6            4.5
    2452543.883            4.2            5.0
    2452559.914            7.5            6.4
    2452561.795            9.7            8.4
    2452571.791            6.6            5.0
     2452589.81            6.0            5.7
    2452603.782            3.1            4.9
    2452605.724            4.4            4.8
    2452616.772            7.8            5.9
    2452665.604            5.2            4.2
    2452668.611            4.9            5.3
    2452837.972            5.1            5.4
    2452861.963            4.1            4.1
    2452863.985            4.1            5.2
    2452879.918            6.4            4.2
    2452880.947            7.0            5.0
    2452898.911            5.5            4.7
    2452900.928            4.4            4.8
    2452932.839            4.6            4.3
    2452934.804            6.3            4.6
    2452963.753            5.1            5.2
    2452965.809            5.1            5.4
     2453022.63            5.5            5.6
     2453208.01            4.9            3.8
    2453209.978            4.2            3.7
    2453214.961            2.9            4.2
    2453231.961            2.5            4.0
    2453233.909            3.4            3.9
     2453235.96            5.4            4.2
    2453265.899            4.1            3.8
    2453268.919            2.0            4.0
     2453269.81            1.3            3.5
    2453286.828            3.3            3.8
    2453324.713            3.6            5.5
    2453354.654            3.8            3.8
    2453400.642            7.5            7.5
    2453550.983            3.9            4.4
    2453578.964            2.7            4.6
    2453613.923            5.9            4.2
    2453654.771            3.5            4.1
    2453701.724            3.3            4.6
    2453740.745            3.0            4.7
    2453911.993            4.8            3.6
    2453917.013            3.6            3.9
    2453934.974            3.4            3.9
    2453968.925            5.1            3.2
    2453981.851            4.0            3.8
    2453985.899            4.5            4.0
    2454055.755            3.1            3.9
    2454297.975            5.6            4.1
    2454300.974            3.4            4.0
    2454314.939            2.9            3.6
    2454318.981            3.3            4.2
    2454344.859            6.3            4.3
    2454348.917            3.4            4.0
    2454391.887            7.7            5.4
    2454394.775            4.8            4.2
    2454418.777            4.2            4.5
    2454420.763            4.1            4.2
    2454440.653            4.8            3.4
    2454443.651            3.6            3.6
    2454481.638            2.8            3.9
    2454503.651            5.9            4.3
    2454645.984            6.4            4.5
    2454646.968            5.7            4.2
    2454668.009            2.2            3.7
    2454681.904            3.7            3.8
     2454683.97            3.9            3.8
    2454711.893            5.6            4.1
    2454713.873            4.2            4.2
    2454715.882            3.5            4.6
    2454716.875            3.2            4.1
    2454753.885            3.7            3.6
     2454755.85            5.1            3.8
    2454777.733            4.0            4.1
    2454806.796            7.0            5.5
     2454808.77            4.5            4.3
    2454809.763            6.0            6.1
    2455026.973            5.2            5.7
    2455063.965            5.1            5.0
    2455099.996            3.1            4.9
    2455116.856            8.1            6.8
    2455154.739            7.1            7.6
    2455174.788            6.0            5.8
    2455364.972            4.1            5.0
    2455419.012            3.9            4.7
    2455446.847            2.5            3.6
    2455446.856            2.0            3.1
    2455463.833            5.0            5.2
    2455466.842            3.2            4.8
    2455569.653            2.4            4.1
    2455571.713            3.6            4.6
    2455572.671            4.7            4.8
    2455621.621            5.1            4.6
    2455757.974            3.6            5.0
    2455803.919            4.0            4.3
    2455806.936            4.2            4.3
    2455828.781            4.6            4.2
    2455831.849            4.1            5.1
    2455861.842            2.9            4.2
    2455864.796            4.6            4.4
    2455892.745            6.4            4.9
