    2451745.994           -6.1            4.3
    2451778.895           -2.2            3.7
    2451808.867            6.3            3.6
    2451853.766           -4.8            4.1
    2451856.801            6.5            4.6
    2451898.637           11.6            8.0
    2451932.609           -1.1            3.9
    2452163.861           -4.6            4.9
    2452175.851            7.0            4.0
    2452307.598           10.5            4.5
    2452465.989           16.0            5.3
    2452483.985           -0.3            5.0
    2452494.987            7.4            5.0
    2452517.936            1.8            5.2
     2452528.91            5.5            5.2
     2452530.91            8.5            4.5
    2452541.904            0.6            4.5
    2452543.883            0.6            5.0
    2452559.914           -6.7            6.4
    2452561.795           -0.9            8.4
    2452571.791           12.1            5.0
     2452589.81            1.5            5.7
    2452603.782           14.4            4.9
    2452605.724           15.4            4.8
    2452616.772           -4.2            5.9
    2452665.604           -3.2            4.2
    2452668.611           -1.1            5.3
    2452837.972           12.2            5.4
    2452861.963           11.6            4.1
    2452863.985            6.6            5.2
    2452879.918           -5.3            4.2
    2452880.947           -5.3            5.0
    2452898.911            0.6            4.7
    2452900.928            5.4            4.8
    2452932.839           -1.6            4.3
    2452934.804            4.5            4.6
    2452963.753           -0.3            5.2
    2452965.809           11.2            5.4
     2453022.63           14.1            5.6
     2453208.01           11.8            3.8
    2453209.978            4.1            3.7
    2453214.961            9.0            4.2
    2453231.961           16.0            4.0
    2453233.909            7.8            3.9
     2453235.96            7.6            4.2
    2453265.899            1.2            3.8
    2453268.919           -5.8            4.0
     2453269.81           -3.5            3.5
    2453286.828           12.1            3.8
    2453324.713           -8.5            5.5
    2453354.654            5.5            3.8
    2453400.642           -0.0            7.5
    2453550.983           16.6            4.4
    2453578.964            8.7            4.6
    2453613.923           -8.8            4.2
    2453654.771            3.5            4.1
    2453701.724            8.2            4.6
    2453740.745            9.3            4.7
    2453911.993            9.5            3.6
    2453917.013            8.2            3.9
    2453934.974           -3.0            3.9
    2453968.925            9.1            3.2
    2453981.851           -2.6            3.8
    2453985.899            0.4            4.0
    2454055.755            2.8            3.9
    2454297.975           -4.4            4.1
    2454300.974            5.2            4.0
    2454314.939           10.2            3.6
    2454318.981            5.6            4.2
    2454344.859           -0.8            4.3
    2454348.917            1.8            4.0
    2454391.887           16.2            5.4
    2454394.775            1.3            4.2
    2454418.777            4.8            4.5
    2454420.763            1.5            4.2
    2454440.653           14.7            3.4
    2454443.651            5.7            3.6
    2454481.638            5.0            3.9
    2454503.651           -0.3            4.3
    2454645.984            9.7            4.5
    2454646.968           10.3            4.2
    2454668.009           -3.7            3.7
    2454681.904            8.6            3.8
     2454683.97            3.9            3.8
    2454711.893           10.7            4.1
    2454713.873            2.8            4.2
    2454715.882           -6.7            4.6
    2454716.875           -7.5            4.1
    2454753.885           10.3            3.6
     2454755.85            4.8            3.8
    2454777.733            6.8            4.1
    2454806.796            3.8            5.5
     2454808.77           11.2            4.3
    2454809.763           18.0            6.1
    2455026.973            9.1            5.7
    2455063.965            0.9            5.0
    2455099.996           14.4            4.9
    2455116.856            1.6            6.8
    2455154.739           15.4            7.6
    2455174.788            9.3            5.8
    2455364.972            9.7            5.0
    2455419.012           17.2            4.7
    2455446.847            5.2            3.6
    2455446.856            4.6            3.1
    2455463.833            2.4            5.2
    2455466.842            7.5            4.8
    2455569.653           11.7            4.1
    2455571.713            6.7            4.6
    2455572.671            7.8            4.8
    2455621.621            2.3            4.6
    2455757.974           19.5            5.0
    2455803.919            0.3            4.3
    2455806.936           13.9            4.3
    2455828.781           -0.8            4.2
    2455831.849           13.0            5.1
    2455861.842            6.4            4.2
    2455864.796           13.8            4.4
    2455892.745            4.0            4.9
