    2451745.994           -4.0            4.3
    2451778.895           10.4            3.7
    2451808.867           13.0            3.6
    2451853.766            6.7            4.1
    2451856.801            6.3            4.6
    2451898.637           11.3            8.0
    2451932.609           -0.1            3.9
    2452163.861           16.6            4.9
    2452175.851           -1.6            4.0
    2452307.598            6.8            4.5
    2452465.989            6.2            5.3
    2452483.985           14.0            5.0
    2452494.987            4.9            5.0
    2452517.936            0.2            5.2
     2452528.91           10.8            5.2
     2452530.91           10.3            4.5
    2452541.904            0.2            4.5
    2452543.883            3.0            5.0
    2452559.914            3.1            6.4
    2452561.795            6.5            8.4
    2452571.791           -0.2            5.0
     2452589.81           -7.2            5.7
    2452603.782            3.5            4.9
    2452605.724           11.6            4.8
    2452616.772            9.4            5.9
    2452665.604           -0.6            4.2
    2452668.611            3.3            5.3
    2452837.972            9.0            5.4
    2452861.963           -2.4            4.1
    2452863.985           15.6            5.2
    2452879.918           -6.2            4.2
    2452880.947           -0.7            5.0
    2452898.911           -2.0            4.7
    2452900.928            1.9            4.8
    2452932.839            7.1            4.3
    2452934.804           -0.7            4.6
    2452963.753            1.7            5.2
    2452965.809           -3.1            5.4
     2453022.63            6.3            5.6
     2453208.01            3.8            3.8
    2453209.978            0.7            3.7
    2453214.961            3.0            4.2
    2453231.961            0.5            4.0
    2453233.909            5.7            3.9
     2453235.96           -5.5            4.2
    2453265.899            5.6            3.8
    2453268.919            9.2            4.0
     2453269.81           10.5            3.5
    2453286.828           13.6            3.8
    2453324.713           10.5            5.5
    2453354.654            1.7            3.8
    2453400.642            4.8            7.5
    2453550.983            1.9            4.4
    2453578.964           14.8            4.6
    2453613.923           11.8            4.2
    2453654.771            3.7            4.1
    2453701.724            1.0            4.6
    2453740.745            2.3            4.7
    2453911.993           10.7            3.6
    2453917.013            3.8            3.9
    2453934.974           -1.3            3.9
    2453968.925            9.2            3.2
    2453981.851           -1.0            3.8
    2453985.899           -6.6            4.0
    2454055.755           14.5            3.9
    2454297.975            9.0            4.1
    2454300.974            5.0            4.0
    2454314.939            3.5            3.6
    2454318.981           -0.8            4.2
    2454344.859            5.7            4.3
    2454348.917           -4.2            4.0
    2454391.887            6.0            5.4
    2454394.775           -5.1            4.2
    2454418.777           14.6            4.5
    2454420.763            8.2            4.2
    2454440.653            4.2            3.4
    2454443.651            1.4            3.6
    2454481.638           -8.8            3.9
    2454503.651           11.9            4.3
    2454645.984            0.5            4.5
    2454646.968           -2.3            4.2
    2454668.009           -4.8            3.7
    2454681.904            8.0            3.8
     2454683.97           12.3            3.8
    2454711.893            7.8            4.1
    2454713.873            0.3            4.2
    2454715.882            6.6            4.6
    2454716.875            9.2            4.1
    2454753.885           -0.0            3.6
     2454755.85           17.6            3.8
    2454777.733            6.6            4.1
    2454806.796            5.6            5.5
     2454808.77           -1.5            4.3
    2454809.763            7.8            6.1
    2455026.973            0.6            5.7
    2455063.965            9.4            5.0
    2455099.996            7.9            4.9
    2455116.856           -8.4            6.8
    2455154.739            4.7            7.6
    2455174.788            4.1            5.8
    2455364.972            3.3            5.0
    2455419.012            2.2            4.7
    2455446.847           -6.1            3.6
    2455446.856           -6.6            3.1
    2455463.833            2.9            5.2
    2455466.842           16.4            4.8
    2455569.653            4.2            4.1
    2455571.713            7.9            4.6
    2455572.671            0.2            4.8
    2455621.621            0.8            4.6
    2455757.974           12.9            5.0
    2455803.919           15.9            4.3
    2455806.936           10.9            4.3
    2455828.781           -2.6            4.2
    2455831.849            2.2            5.1
    2455861.842           15.3            4.2
    2455864.796            4.8            4.4
    2455892.745            2.4            4.9
