    2451745.994            1.6            4.3
    2451778.895           17.4            3.7
    2451808.867            1.2            3.6
    2451853.766          -12.9            4.1
    2451856.801           19.4            4.6
    2451898.637           16.3            8.0
    2451932.609           15.1            3.9
    2452163.861            5.8            4.9
    2452175.851           19.9            4.0
    2452307.598            5.8            4.5
    2452465.989           17.0            5.3
    2452483.985           -6.7            5.0
    2452494.987            4.6            5.0
    2452517.936            5.7            5.2
     2452528.91           22.8            5.2
     2452530.91            6.3            4.5
    2452541.904           11.5            4.5
    2452543.883            4.6            5.0
    2452559.914            9.1            6.4
    2452561.795           -0.1            8.4
    2452571.791          -10.7            5.0
     2452589.81           19.6            5.7
    2452603.782            5.3            4.9
    2452605.724           -3.8            4.8
    2452616.772           22.9            5.9
    2452665.604           14.2            4.2
    2452668.611           -7.5            5.3
    2452837.972           12.9            5.4
    2452861.963            8.2            4.1
    2452863.985           -1.0            5.2
    2452879.918            3.9            4.2
    2452880.947          -13.4            5.0
    2452898.911            3.5            4.7
    2452900.928           21.4            4.8
    2452932.839          -11.5            4.3
    2452934.804          -12.6            4.6
    2452963.753           25.4            5.2
    2452965.809           21.0            5.4
     2453022.63            7.5            5.6
     2453208.01           -4.6            3.8
    2453209.978            0.7            3.7
    2453214.961            0.4            4.2
    2453231.961            3.4            4.0
    2453233.909            7.9            3.9
     2453235.96           -0.9            4.2
    2453265.899           11.8            3.8
    2453268.919           -6.3            4.0
     2453269.81            5.4            3.5
    2453286.828           24.1            3.8
    2453324.713           16.1            5.5
    2453354.654            0.9            3.8
    2453400.642           11.7            7.5
    2453550.983           -1.8            4.4
    2453578.964           17.0            4.6
    2453613.923            1.7            4.2
    2453654.771           13.8            4.1
    2453701.724           -3.1            4.6
    2453740.745           10.3            4.7
    2453911.993           -7.1            3.6
    2453917.013           13.5            3.9
    2453934.974           -2.2            3.9
    2453968.925            6.6            3.2
    2453981.851           21.8            3.8
    2453985.899           19.0            4.0
    2454055.755            8.2            3.9
    2454297.975          -12.4            4.1
    2454300.974           10.2            4.0
    2454314.939           -9.3            3.6
    2454318.981            1.3            4.2
    2454344.859           13.9            4.3
    2454348.917            2.5            4.0
    2454391.887            3.0            5.4
    2454394.775            1.7            4.2
    2454418.777            3.9            4.5
    2454420.763           19.0            4.2
    2454440.653          -11.2            3.4
    2454443.651            9.3            3.6
    2454481.638            5.4            3.9
    2454503.651           -0.2            4.3
    2454645.984           11.2            4.5
    2454646.968           -6.0            4.2
    2454668.009            7.3            3.7
    2454681.904           16.9            3.8
     2454683.97            0.3            3.8
    2454711.893          -16.4            4.1
    2454713.873          -13.8            4.2
    2454715.882          -12.1            4.6
    2454716.875           19.4            4.1
    2454753.885          -10.7            3.6
     2454755.85          -11.9            3.8
    2454777.733            2.1            4.1
    2454806.796            6.6            5.5
     2454808.77           -0.6            4.3
    2454809.763           20.7            6.1
    2455026.973            3.2            5.7
    2455063.965           11.6            5.0
    2455099.996          -12.9            4.9
    2455116.856           -0.3            6.8
    2455154.739           -8.0            7.6
    2455174.788           19.1            5.8
    2455364.972            2.2            5.0
    2455419.012            3.3            4.7
    2455446.847          -19.4            3.6
    2455446.856          -19.8            3.1
    2455463.833          -10.9            5.2
    2455466.842           28.2            4.8
    2455569.653           17.6            4.1
    2455571.713           24.7            4.6
    2455572.671            2.7            4.8
    2455621.621           10.6            4.6
    2455757.974           -0.3            5.0
    2455803.919            0.2            4.3
    2455806.936           25.8            4.3
    2455828.781            2.9            4.2
    2455831.849            6.4            5.1
    2455861.842            7.4            4.2
    2455864.796            2.2            4.4
    2455892.745           13.6            4.9
