    2451745.994           -4.4            4.3
    2451778.895            4.9            3.7
    2451808.867            7.0            3.6
    2451853.766           11.6            4.1
    2451856.801            5.9            4.6
    2451898.637            5.2            8.0
    2451932.609            9.3            3.9
    2452163.861            1.5            4.9
    2452175.851           13.1            4.0
    2452307.598            9.1            4.5
    2452465.989            3.8            5.3
    2452483.985           18.1            5.0
    2452494.987            4.1            5.0
    2452517.936           -8.7            5.2
     2452528.91           15.4            5.2
     2452530.91           14.4            4.5
    2452541.904           14.4            4.5
    2452543.883            1.0            5.0
    2452559.914            0.8            6.4
    2452561.795           -0.4            8.4
    2452571.791           12.0            5.0
     2452589.81           -0.2            5.7
    2452603.782           -2.8            4.9
    2452605.724           -5.7            4.8
    2452616.772           16.8            5.9
    2452665.604           12.5            4.2
    2452668.611            6.7            5.3
    2452837.972            4.4            5.4
    2452861.963           14.4            4.1
    2452863.985            7.6            5.2
    2452879.918           -2.4            4.2
    2452880.947           12.2            5.0
    2452898.911            9.7            4.7
    2452900.928           10.9            4.8
    2452932.839            3.9            4.3
    2452934.804            1.1            4.6
    2452963.753            3.4            5.2
    2452965.809           -7.0            5.4
     2453022.63           15.4            5.6
     2453208.01           10.6            3.8
    2453209.978           18.6            3.7
    2453214.961           10.7            4.2
    2453231.961          -13.5            4.0
    2453233.909          -11.9            3.9
     2453235.96            4.6            4.2
    2453265.899            6.4            3.8
    2453268.919           -3.0            4.0
     2453269.81            1.1            3.5
    2453286.828            8.4            3.8
    2453324.713            2.1            5.5
    2453354.654            1.1            3.8
    2453400.642           16.1            7.5
    2453550.983            1.9            4.4
    2453578.964            9.0            4.6
    2453613.923           14.3            4.2
    2453654.771           13.5            4.1
    2453701.724           11.6            4.6
    2453740.745            7.0            4.7
    2453911.993            7.1            3.6
    2453917.013            9.9            3.9
    2453934.974            9.5            3.9
    2453968.925            6.0            3.2
    2453981.851           22.5            3.8
    2453985.899           -1.5            4.0
    2454055.755            0.6            3.9
    2454297.975           11.2            4.1
    2454300.974           -4.1            4.0
    2454314.939          -10.1            3.6
    2454318.981           -8.0            4.2
    2454344.859           -5.7            4.3
    2454348.917            6.3            4.0
    2454391.887            6.9            5.4
    2454394.775           11.1            4.2
    2454418.777            9.9            4.5
    2454420.763            7.4            4.2
    2454440.653            4.6            3.4
    2454443.651           12.9            3.6
    2454481.638            3.0            3.9
    2454503.651           -2.0            4.3
    2454645.984            0.1            4.5
    2454646.968           10.4            4.2
    2454668.009            1.2            3.7
    2454681.904            6.2            3.8
     2454683.97            3.6            3.8
    2454711.893            4.9            4.1
    2454713.873            3.5            4.2
    2454715.882           -0.8            4.6
    2454716.875            6.2            4.1
    2454753.885           11.6            3.6
     2454755.85           -2.6            3.8
    2454777.733            9.8            4.1
    2454806.796          -11.8            5.5
     2454808.77           -7.7            4.3
    2454809.763            9.4            6.1
    2455026.973            3.8            5.7
    2455063.965            7.5            5.0
    2455099.996           18.4            4.9
    2455116.856           -4.7            6.8
    2455154.739            6.2            7.6
    2455174.788            1.7            5.8
    2455364.972            5.3            5.0
    2455419.012            2.2            4.7
    2455446.847            2.7            3.6
    2455446.856            2.1            3.1
    2455463.833           12.0            5.2
    2455466.842           10.9            4.8
    2455569.653           -4.1            4.1
    2455571.713          -13.4            4.6
    2455572.671            5.7            4.8
    2455621.621            2.7            4.6
    2455757.974            8.1            5.0
    2455803.919            1.6            4.3
    2455806.936           10.4            4.3
    2455828.781            5.5            4.2
    2455831.849           13.3            5.1
    2455861.842           -2.1            4.2
    2455864.796           16.5            4.4
    2455892.745            1.6            4.9
