    2451745.994           13.2            4.3
    2451778.895          -15.5            3.7
    2451808.867          -20.0            3.6
    2451853.766           -7.6            4.1
    2451856.801           13.9            4.6
    2451898.637          -15.6            8.0
    2451932.609           -0.2            3.9
    2452163.861           -4.1            4.9
    2452175.851           25.9            4.0
    2452307.598           -0.9            4.5
    2452465.989          -10.6            5.3
    2452483.985           14.2            5.0
    2452494.987           14.0            5.0
    2452517.936           16.7            5.2
     2452528.91           25.3            5.2
     2452530.91           20.0            4.5
    2452541.904           21.2            4.5
    2452543.883           16.7            5.0
    2452559.914           -4.1            6.4
    2452561.795           -1.2            8.4
    2452571.791           18.7            5.0
     2452589.81           -0.6            5.7
    2452603.782           15.4            4.9
    2452605.724            9.8            4.8
    2452616.772           16.2            5.9
    2452665.604            5.4            4.2
    2452668.611            5.8            5.3
    2452837.972           -9.2            5.4
    2452861.963           -3.4            4.1
    2452863.985           -9.0            5.2
    2452879.918           23.5            4.2
    2452880.947           -3.5            5.0
    2452898.911           10.0            4.7
    2452900.928           12.4            4.8
    2452932.839            9.6            4.3
    2452934.804           -3.3            4.6
    2452963.753           18.0            5.2
    2452965.809           14.9            5.4
     2453022.63            8.1            5.6
     2453208.01           -3.6            3.8
    2453209.978            1.5            3.7
    2453214.961           -2.1            4.2
    2453231.961          -15.6            4.0
    2453233.909           -7.2            3.9
     2453235.96           -5.0            4.2
    2453265.899            0.7            3.8
    2453268.919            2.7            4.0
     2453269.81            3.8            3.5
    2453286.828           14.6            3.8
    2453324.713           18.9            5.5
    2453354.654           19.3            3.8
    2453400.642           -3.9            7.5
    2453550.983          -11.5            4.4
    2453578.964           -1.9            4.6
    2453613.923           12.7            4.2
    2453654.771           14.8            4.1
    2453701.724           17.6            4.6
    2453740.745            8.4            4.7
    2453911.993            1.9            3.6
    2453917.013          -10.6            3.9
    2453934.974           14.7            3.9
    2453968.925           19.2            3.2
    2453981.851           24.7            3.8
    2453985.899            4.9            4.0
    2454055.755          -18.4            3.9
    2454297.975          -11.5            4.1
    2454300.974           21.0            4.0
    2454314.939           -4.5            3.6
    2454318.981          -15.3            4.2
    2454344.859           -5.8            4.3
    2454348.917          -15.4            4.0
    2454391.887           -9.5            5.4
    2454394.775           20.9            4.2
    2454418.777           10.6            4.5
    2454420.763           14.3            4.2
    2454440.653           -7.4            3.4
    2454443.651            6.3            3.6
    2454481.638          -15.1            3.9
    2454503.651           11.6            4.3
    2454645.984           12.3            4.5
    2454646.968            9.5            4.2
    2454668.009          -10.2            3.7
    2454681.904           14.2            3.8
     2454683.97           21.7            3.8
    2454711.893           10.0            4.1
    2454713.873           16.2            4.2
    2454715.882           21.3            4.6
    2454716.875           -4.5            4.1
    2454753.885           -6.3            3.6
     2454755.85           -6.0            3.8
    2454777.733           17.9            4.1
    2454806.796           -3.6            5.5
     2454808.77           -1.4            4.3
    2454809.763            8.7            6.1
    2455026.973            5.5            5.7
    2455063.965          -14.1            5.0
    2455099.996           -5.3            4.9
    2455116.856            2.8            6.8
    2455154.739           17.3            7.6
    2455174.788           -8.5            5.8
    2455364.972            5.3            5.0
    2455419.012          -14.3            4.7
    2455446.847          -16.6            3.6
    2455446.856          -17.1            3.1
    2455463.833           -4.0            5.2
    2455466.842            7.7            4.8
    2455569.653            8.6            4.1
    2455571.713           13.5            4.6
    2455572.671            3.0            4.8
    2455621.621           11.1            4.6
    2455757.974           12.1            5.0
    2455803.919           -2.0            4.3
    2455806.936            7.0            4.3
    2455828.781           18.6            4.2
    2455831.849           -9.0            5.1
    2455861.842          -16.3            4.2
    2455864.796           12.8            4.4
    2455892.745           12.6            4.9
