    2451745.994           11.9            4.3
    2451778.895           10.6            3.7
    2451808.867           -0.4            3.6
    2451853.766           -1.2            4.1
    2451856.801            4.8            4.6
    2451898.637           11.6            8.0
    2451932.609           -2.3            3.9
    2452163.861            1.6            4.9
    2452175.851            7.3            4.0
    2452307.598           -2.7            4.5
    2452465.989           -5.9            5.3
    2452483.985            5.8            5.0
    2452494.987            3.2            5.0
    2452517.936            5.5            5.2
     2452528.91           17.0            5.2
     2452530.91            8.6            4.5
    2452541.904           15.2            4.5
    2452543.883           10.9            5.0
    2452559.914            2.5            6.4
    2452561.795           17.9            8.4
    2452571.791           -3.5            5.0
     2452589.81           11.1            5.7
    2452603.782            4.2            4.9
    2452605.724            0.4            4.8
    2452616.772            6.7            5.9
    2452665.604           -2.6            4.2
    2452668.611            5.3            5.3
    2452837.972            8.4            5.4
    2452861.963           -7.1            4.1
    2452863.985            8.4            5.2
    2452879.918            2.3            4.2
    2452880.947           -3.4            5.0
    2452898.911            8.4            4.7
    2452900.928           -4.4            4.8
    2452932.839            0.8            4.3
    2452934.804           -0.9            4.6
    2452963.753           18.6            5.2
    2452965.809            5.6            5.4
     2453022.63           11.1            5.6
     2453208.01            7.2            3.8
    2453209.978           -6.0            3.7
    2453214.961            7.3            4.2
    2453231.961            5.9            4.0
    2453233.909           12.0            3.9
     2453235.96           -3.1            4.2
    2453265.899            8.9            3.8
    2453268.919           -6.4            4.0
     2453269.81           -8.9            3.5
    2453286.828            9.4            3.8
    2453324.713           16.1            5.5
    2453354.654           -3.3            3.8
    2453400.642            0.9            7.5
    2453550.983            3.3            4.4
    2453578.964           -2.1            4.6
    2453613.923            3.8            4.2
    2453654.771           11.9            4.1
    2453701.724            9.8            4.6
    2453740.745           13.8            4.7
    2453911.993           11.8            3.6
    2453917.013           14.7            3.9
    2453934.974            2.3            3.9
    2453968.925            1.8            3.2
    2453981.851           -2.5            3.8
    2453985.899           -5.9            4.0
    2454055.755           12.4            3.9
    2454297.975           11.7            4.1
    2454300.974            9.3            4.0
    2454314.939           -0.3            3.6
    2454318.981           13.2            4.2
    2454344.859            9.0            4.3
    2454348.917           -6.1            4.0
    2454391.887           10.9            5.4
    2454394.775           -7.6            4.2
    2454418.777            7.3            4.5
    2454420.763           -7.0            4.2
    2454440.653           -4.7            3.4
    2454443.651           12.1            3.6
    2454481.638            4.3            3.9
    2454503.651           13.4            4.3
    2454645.984            5.2            4.5
    2454646.968           12.5            4.2
    2454668.009           13.6            3.7
    2454681.904            9.7            3.8
     2454683.97           -5.3            3.8
    2454711.893            3.2            4.1
    2454713.873           15.1            4.2
    2454715.882            3.6            4.6
    2454716.875           -3.1            4.1
    2454753.885            7.1            3.6
     2454755.85           -6.9            3.8
    2454777.733           -3.4            4.1
    2454806.796           12.8            5.5
     2454808.77           -1.8            4.3
    2454809.763           -0.1            6.1
    2455026.973           -2.6            5.7
    2455063.965           10.6            5.0
    2455099.996            0.4            4.9
    2455116.856            3.0            6.8
    2455154.739           15.1            7.6
    2455174.788           15.9            5.8
    2455364.972           12.9            5.0
    2455419.012           14.3            4.7
    2455446.847            1.4            3.6
    2455446.856            0.9            3.1
    2455463.833           14.2            5.2
    2455466.842           -2.7            4.8
    2455569.653           10.3            4.1
    2455571.713           -2.9            4.6
    2455572.671           -5.8            4.8
    2455621.621           18.7            4.6
    2455757.974           -0.7            5.0
    2455803.919            1.9            4.3
    2455806.936           14.2            4.3
    2455828.781           -2.7            4.2
    2455831.849           12.6            5.1
    2455861.842           -1.9            4.2
    2455864.796           14.1            4.4
    2455892.745            7.9            4.9
