    2451745.994            7.5            4.3
    2451778.895            3.6            3.7
    2451808.867            4.4            3.6
    2451853.766            5.5            4.1
    2451856.801           -3.8            4.6
    2451898.637            4.1            8.0
    2451932.609            7.9            3.9
    2452163.861            9.9            4.9
    2452175.851            8.1            4.0
    2452307.598            2.2            4.5
    2452465.989           -2.0            5.3
    2452483.985            4.7            5.0
    2452494.987            7.2            5.0
    2452517.936            0.6            5.2
     2452528.91            7.7            5.2
     2452530.91            9.1            4.5
    2452541.904            7.5            4.5
    2452543.883            4.6            5.0
    2452559.914            2.6            6.4
    2452561.795            3.4            8.4
    2452571.791            4.3            5.0
     2452589.81            9.3            5.7
    2452603.782           -1.1            4.9
    2452605.724           -1.3            4.8
    2452616.772           10.0            5.9
    2452665.604           -3.0            4.2
    2452668.611            9.0            5.3
    2452837.972            1.2            5.4
    2452861.963            8.0            4.1
    2452863.985            3.3            5.2
    2452879.918            4.4            4.2
    2452880.947            7.3            5.0
    2452898.911            1.5            4.7
    2452900.928           -0.2            4.8
    2452932.839            8.5            4.3
    2452934.804            3.6            4.6
    2452963.753            6.8            5.2
    2452965.809            9.8            5.4
     2453022.63            2.1            5.6
     2453208.01            5.8            3.8
    2453209.978            7.2            3.7
    2453214.961           -2.5            4.2
    2453231.961           -1.9            4.0
    2453233.909            2.7            3.9
     2453235.96            4.3            4.2
    2453265.899            2.3            3.8
    2453268.919            4.6            4.0
     2453269.81           10.1            3.5
    2453286.828           11.2            3.8
    2453324.713            6.0            5.5
    2453354.654            2.3            3.8
    2453400.642           10.6            7.5
    2453550.983            6.3            4.4
    2453578.964           -3.5            4.6
    2453613.923           -3.3            4.2
    2453654.771            7.5            4.1
    2453701.724            0.9            4.6
    2453740.745            8.1            4.7
    2453911.993            4.4            3.6
    2453917.013            5.4            3.9
    2453934.974           -0.2            3.9
    2453968.925            2.7            3.2
    2453981.851            4.3            3.8
    2453985.899            2.8            4.0
    2454055.755            3.0            3.9
    2454297.975            9.3            4.1
    2454300.974           -0.0            4.0
    2454314.939            6.8            3.6
    2454318.981            0.6            4.2
    2454344.859           -0.4            4.3
    2454348.917            6.6            4.0
    2454391.887            5.8            5.4
    2454394.775            1.3            4.2
    2454418.777            7.0            4.5
    2454420.763            3.1            4.2
    2454440.653            0.3            3.4
    2454443.651            7.5            3.6
    2454481.638            3.0            3.9
    2454503.651            9.3            4.3
    2454645.984            5.1            4.5
    2454646.968            7.3            4.2
    2454668.009            5.9            3.7
    2454681.904            5.6            3.8
     2454683.97            2.0            3.8
    2454711.893            5.5            4.1
    2454713.873           10.9            4.2
    2454715.882            9.2            4.6
    2454716.875            1.5            4.1
    2454753.885           -3.9            3.6
     2454755.85            1.7            3.8
    2454777.733            2.5            4.1
    2454806.796            2.6            5.5
     2454808.77            6.3            4.3
    2454809.763            9.2            6.1
    2455026.973            8.7            5.7
    2455063.965            5.8            5.0
    2455099.996            4.6            4.9
    2455116.856            8.6            6.8
    2455154.739            4.9            7.6
    2455174.788            7.6            5.8
    2455364.972            5.2            5.0
    2455419.012           10.7            4.7
    2455446.847            4.1            3.6
    2455446.856            3.6            3.1
    2455463.833            8.8            5.2
    2455466.842            4.0            4.8
    2455569.653           -1.8            4.1
    2455571.713           -3.6            4.6
    2455572.671            3.5            4.8
    2455621.621            1.9            4.6
    2455757.974            9.1            5.0
    2455803.919            5.1            4.3
    2455806.936           -0.5            4.3
    2455828.781           10.4            4.2
    2455831.849            0.9            5.1
    2455861.842           12.0            4.2
    2455864.796            3.7            4.4
    2455892.745            3.7            4.9
