    2451745.994           11.1            4.3
    2451778.895            0.3            3.7
    2451808.867           -6.2            3.6
    2451853.766           -3.4            4.1
    2451856.801           -4.1            4.6
    2451898.637            7.5            8.0
    2451932.609            7.6            3.9
    2452163.861            2.8            4.9
    2452175.851           -0.2            4.0
    2452307.598           11.5            4.5
    2452465.989            4.3            5.3
    2452483.985            0.6            5.0
    2452494.987            3.4            5.0
    2452517.936            4.4            5.2
     2452528.91            2.5            5.2
     2452530.91            8.1            4.5
    2452541.904           -0.7            4.5
    2452543.883           -1.3            5.0
    2452559.914           14.0            6.4
    2452561.795            9.1            8.4
    2452571.791            6.8            5.0
     2452589.81            0.9            5.7
    2452603.782            8.4            4.9
    2452605.724            9.7            4.8
    2452616.772            1.6            5.9
    2452665.604            2.7            4.2
    2452668.611           -1.3            5.3
    2452837.972            5.9            5.4
    2452861.963           -0.2            4.1
    2452863.985           -4.1            5.2
    2452879.918           11.3            4.2
    2452880.947            9.2            5.0
    2452898.911            5.8            4.7
    2452900.928            7.5            4.8
    2452932.839            2.2            4.3
    2452934.804            4.9            4.6
    2452963.753            1.0            5.2
    2452965.809           -1.3            5.4
     2453022.63            6.8            5.6
     2453208.01            0.7            3.8
    2453209.978            5.0            3.7
    2453214.961            9.4            4.2
    2453231.961           -0.9            4.0
    2453233.909            1.7            3.9
     2453235.96            5.8            4.2
    2453265.899            3.0            3.8
    2453268.919            3.9            4.0
     2453269.81            7.9            3.5
    2453286.828           -2.7            3.8
    2453324.713            5.8            5.5
    2453354.654           -1.2            3.8
    2453400.642           10.5            7.5
    2453550.983            4.1            4.4
    2453578.964            5.6            4.6
    2453613.923            6.7            4.2
    2453654.771           -1.3            4.1
    2453701.724           -2.7            4.6
    2453740.745           12.4            4.7
    2453911.993            7.5            3.6
    2453917.013            0.3            3.9
    2453934.974           12.8            3.9
    2453968.925           -0.4            3.2
    2453981.851            1.5            3.8
    2453985.899            2.8            4.0
    2454055.755            7.0            3.9
    2454297.975            5.0            4.1
    2454300.974            3.2            4.0
    2454314.939            4.2            3.6
    2454318.981           -3.4            4.2
    2454344.859            1.9            4.3
    2454348.917           -1.4            4.0
    2454391.887            5.8            5.4
    2454394.775            4.8            4.2
    2454418.777            0.4            4.5
    2454420.763            0.4            4.2
    2454440.653            4.7            3.4
    2454443.651           -1.4            3.6
    2454481.638            0.9            3.9
    2454503.651            6.2            4.3
    2454645.984            5.3            4.5
    2454646.968            2.6            4.2
    2454668.009            3.6            3.7
    2454681.904            1.2            3.8
     2454683.97           -3.9            3.8
    2454711.893            4.5            4.1
    2454713.873            2.4            4.2
    2454715.882            4.5            4.6
    2454716.875           -2.6            4.1
    2454753.885            1.8            3.6
     2454755.85            7.9            3.8
    2454777.733            5.2            4.1
    2454806.796            3.8            5.5
     2454808.77           -3.4            4.3
    2454809.763           -1.7            6.1
    2455026.973            4.5            5.7
    2455063.965            0.5            5.0
    2455099.996            9.3            4.9
    2455116.856            2.3            6.8
    2455154.739            1.9            7.6
    2455174.788            6.0            5.8
    2455364.972           10.5            5.0
    2455419.012            5.4            4.7
    2455446.847            6.8            3.6
    2455446.856            6.3            3.1
    2455463.833            2.8            5.2
    2455466.842            7.7            4.8
    2455569.653            5.6            4.1
    2455571.713            8.9            4.6
    2455572.671           11.4            4.8
    2455621.621           -3.4            4.6
    2455757.974           10.4            5.0
    2455803.919           -1.6            4.3
    2455806.936            0.7            4.3
    2455828.781           -4.7            4.2
    2455831.849            3.0            5.1
    2455861.842            1.8            4.2
    2455864.796            2.5            4.4
    2455892.745           11.6            4.9
