    2451745.994            0.8            4.3
    2451778.895           10.2            3.7
    2451808.867            3.6            3.6
    2451853.766           -6.1            4.1
    2451856.801            7.6            4.6
    2451898.637            8.4            8.0
    2451932.609          -13.0            3.9
    2452163.861            5.7            4.9
    2452175.851            2.4            4.0
    2452307.598           17.8            4.5
    2452465.989           -5.1            5.3
    2452483.985            4.7            5.0
    2452494.987            6.2            5.0
    2452517.936           20.9            5.2
     2452528.91           22.5            5.2
     2452530.91            5.2            4.5
    2452541.904            7.3            4.5
    2452543.883           18.7            5.0
    2452559.914            8.6            6.4
    2452561.795           12.3            8.4
    2452571.791           21.3            5.0
     2452589.81            6.2            5.7
    2452603.782          -17.8            4.9
    2452605.724            3.5            4.8
    2452616.772           12.2            5.9
    2452665.604           15.3            4.2
    2452668.611            3.5            5.3
    2452837.972            2.0            5.4
    2452861.963            2.2            4.1
    2452863.985           -6.8            5.2
    2452879.918          -12.6            4.2
    2452880.947            1.5            5.0
    2452898.911           24.3            4.7
    2452900.928            3.9            4.8
    2452932.839            3.3            4.3
    2452934.804           -9.4            4.6
    2452963.753           -2.8            5.2
    2452965.809           27.3            5.4
     2453022.63            9.3            5.6
     2453208.01           -1.5            3.8
    2453209.978           16.5            3.7
    2453214.961           25.1            4.2
    2453231.961            8.9            4.0
    2453233.909          -17.4            3.9
     2453235.96           -0.6            4.2
    2453265.899           14.9            3.8
    2453268.919            5.4            4.0
     2453269.81            9.3            3.5
    2453286.828            7.9            3.8
    2453324.713           16.2            5.5
    2453354.654            3.8            3.8
    2453400.642           -5.0            7.5
    2453550.983           -2.7            4.4
    2453578.964           -8.3            4.6
    2453613.923           13.1            4.2
    2453654.771            0.5            4.1
    2453701.724            3.0            4.6
    2453740.745            6.2            4.7
    2453911.993            2.9            3.6
    2453917.013          -12.1            3.9
    2453934.974           17.9            3.9
    2453968.925           12.5            3.2
    2453981.851            1.7            3.8
    2453985.899            8.0            4.0
    2454055.755           -5.0            3.9
    2454297.975           -6.1            4.1
    2454300.974           14.2            4.0
    2454314.939          -10.5            3.6
    2454318.981           16.9            4.2
    2454344.859           15.0            4.3
    2454348.917            0.7            4.0
    2454391.887           -3.5            5.4
    2454394.775            6.0            4.2
    2454418.777            8.3            4.5
    2454420.763           -8.0            4.2
    2454440.653           12.8            3.4
    2454443.651           12.3            3.6
    2454481.638           -5.8            3.9
    2454503.651           -7.6            4.3
    2454645.984           12.7            4.5
    2454646.968           -0.6            4.2
    2454668.009           -9.2            3.7
    2454681.904           -8.6            3.8
     2454683.97            2.7            3.8
    2454711.893            7.2            4.1
    2454713.873           -1.4            4.2
    2454715.882           18.9            4.6
    2454716.875           27.9            4.1
    2454753.885            4.1            3.6
     2454755.85           24.2            3.8
    2454777.733            2.6            4.1
    2454806.796           -3.9            5.5
     2454808.77           -9.0            4.3
    2454809.763           14.9            6.1
    2455026.973           13.5            5.7
    2455063.965           -4.9            5.0
    2455099.996           11.9            4.9
    2455116.856            2.0            6.8
    2455154.739           30.6            7.6
    2455174.788           -4.6            5.8
    2455364.972            8.7            5.0
    2455419.012            3.0            4.7
    2455446.847           -3.2            3.6
    2455446.856           -3.5            3.1
    2455463.833            8.2            5.2
    2455466.842            1.0            4.8
    2455569.653            2.5            4.1
    2455571.713          -10.9            4.6
    2455572.671          -18.3            4.8
    2455621.621            3.3            4.6
    2455757.974           20.5            5.0
    2455803.919           -5.1            4.3
    2455806.936           10.3            4.3
    2455828.781            0.5            4.2
    2455831.849           -5.8            5.1
    2455861.842            0.6            4.2
    2455864.796            9.6            4.4
    2455892.745            9.0            4.9
