    2451745.994           18.8            4.3
    2451778.895           20.2            3.7
    2451808.867            1.5            3.6
    2451853.766           11.5            4.1
    2451856.801           10.0            4.6
    2451898.637           27.1            8.0
    2451932.609           10.2            3.9
    2452163.861           19.5            4.9
    2452175.851           -6.5            4.0
    2452307.598           12.9            4.5
    2452465.989           23.3            5.3
    2452483.985          -12.7            5.0
    2452494.987           29.0            5.0
    2452517.936           22.0            5.2
     2452528.91           -0.1            5.2
     2452530.91           -4.8            4.5
    2452541.904           24.5            4.5
    2452543.883           28.1            5.0
    2452559.914            2.9            6.4
    2452561.795           -6.0            8.4
    2452571.791           11.1            5.0
     2452589.81           19.5            5.7
    2452603.782          -11.7            4.9
    2452605.724          -16.2            4.8
    2452616.772           24.8            5.9
    2452665.604           13.9            4.2
    2452668.611           12.2            5.3
    2452837.972           -3.4            5.4
    2452861.963           -7.4            4.1
    2452863.985          -17.3            5.2
    2452879.918           21.3            4.2
    2452880.947           10.3            5.0
    2452898.911           17.5            4.7
    2452900.928           28.5            4.8
    2452932.839            7.0            4.3
    2452934.804            3.7            4.6
    2452963.753            2.1            5.2
    2452965.809           -5.8            5.4
     2453022.63            1.3            5.6
     2453208.01            0.6            3.8
    2453209.978            7.3            3.7
    2453214.961           19.6            4.2
    2453231.961            4.9            4.0
    2453233.909            2.6            3.9
     2453235.96           13.3            4.2
    2453265.899           25.5            3.8
    2453268.919           -2.1            4.0
     2453269.81           15.2            3.5
    2453286.828           24.1            3.8
    2453324.713            0.2            5.5
    2453354.654          -10.5            3.8
    2453400.642           -1.3            7.5
    2453550.983           21.2            4.4
    2453578.964           15.8            4.6
    2453613.923          -12.6            4.2
    2453654.771           18.7            4.1
    2453701.724           13.7            4.6
    2453740.745            5.8            4.7
    2453911.993           12.4            3.6
    2453917.013            3.7            3.9
    2453934.974           11.9            3.9
    2453968.925          -11.9            3.2
    2453981.851           18.6            3.8
    2453985.899           15.8            4.0
    2454055.755           23.1            3.9
    2454297.975            7.8            4.1
    2454300.974            6.1            4.0
    2454314.939            5.8            3.6
    2454318.981           11.5            4.2
    2454344.859           18.4            4.3
    2454348.917            2.0            4.0
    2454391.887           23.1            5.4
    2454394.775           12.9            4.2
    2454418.777           26.6            4.5
    2454420.763           24.7            4.2
    2454440.653            1.8            3.4
    2454443.651           20.3            3.6
    2454481.638           -5.0            3.9
    2454503.651          -14.7            4.3
    2454645.984            2.4            4.5
    2454646.968           -7.2            4.2
    2454668.009           -9.7            3.7
    2454681.904           16.8            3.8
     2454683.97            5.9            3.8
    2454711.893           -7.7            4.1
    2454713.873          -12.9            4.2
    2454715.882          -16.4            4.6
    2454716.875           -3.6            4.1
    2454753.885           12.5            3.6
     2454755.85           10.1            3.8
    2454777.733           19.3            4.1
    2454806.796           10.5            5.5
     2454808.77            0.7            4.3
    2454809.763            9.6            6.1
    2455026.973          -18.2            5.7
    2455063.965           24.2            5.0
    2455099.996           -8.4            4.9
    2455116.856           12.6            6.8
    2455154.739          -10.1            7.6
    2455174.788           -2.3            5.8
    2455364.972          -15.9            5.0
    2455419.012           20.9            4.7
    2455446.847           12.1            3.6
    2455446.856           12.1            3.1
    2455463.833          -10.3            5.2
    2455466.842           12.8            4.8
    2455569.653           19.3            4.1
    2455571.713           27.8            4.6
    2455572.671           12.2            4.8
    2455621.621           21.1            4.6
    2455757.974           17.6            5.0
    2455803.919            9.5            4.3
    2455806.936           32.2            4.3
    2455828.781           -4.7            4.2
    2455831.849           25.4            5.1
    2455861.842           20.5            4.2
    2455864.796           -1.0            4.4
    2455892.745           -2.2            4.9
