    2451745.994           17.9            4.3
    2451778.895          -15.1            3.7
    2451808.867          -10.9            3.6
    2451853.766            2.0            4.1
    2451856.801          -10.9            4.6
    2451898.637           20.2            8.0
    2451932.609            5.7            3.9
    2452163.861           26.4            4.9
    2452175.851           10.2            4.0
    2452307.598           18.4            4.5
    2452465.989           30.2            5.3
    2452483.985           30.0            5.0
    2452494.987           22.1            5.0
    2452517.936          -11.1            5.2
     2452528.91          -16.4            5.2
     2452530.91           -0.1            4.5
    2452541.904           -5.1            4.5
    2452543.883           23.8            5.0
    2452559.914          -13.4            6.4
    2452561.795           21.0            8.4
    2452571.791           -3.8            5.0
     2452589.81          -10.4            5.7
    2452603.782           11.4            4.9
    2452605.724            6.5            4.8
    2452616.772            6.5            5.9
    2452665.604           10.5            4.2
    2452668.611           -1.1            5.3
    2452837.972            0.2            5.4
    2452861.963          -15.1            4.1
    2452863.985           15.2            5.2
    2452879.918          -15.5            4.2
    2452880.947          -13.3            5.0
    2452898.911          -17.0            4.7
    2452900.928            6.5            4.8
    2452932.839           15.0            4.3
    2452934.804           -2.8            4.6
    2452963.753           10.2            5.2
    2452965.809           -7.1            5.4
     2453022.63           31.3            5.6
     2453208.01            9.1            3.8
    2453209.978           18.6            3.7
    2453214.961           13.8            4.2
    2453231.961          -14.3            4.0
    2453233.909           17.1            3.9
     2453235.96           14.4            4.2
    2453265.899           16.3            3.8
    2453268.919           -2.3            4.0
     2453269.81            4.1            3.5
    2453286.828            3.7            3.8
    2453324.713           26.0            5.5
    2453354.654           23.2            3.8
    2453400.642           -0.1            7.5
    2453550.983           -1.4            4.4
    2453578.964           29.2            4.6
    2453613.923            0.6            4.2
    2453654.771           -5.2            4.1
    2453701.724           -4.9            4.6
    2453740.745           -3.6            4.7
    2453911.993           18.8            3.6
    2453917.013            8.7            3.9
    2453934.974            1.4            3.9
    2453968.925            4.9            3.2
    2453981.851          -13.9            3.8
    2453985.899            8.0            4.0
    2454055.755           12.5            3.9
    2454297.975           10.7            4.1
    2454300.974            9.9            4.0
    2454314.939          -15.1            3.6
    2454318.981           12.0            4.2
    2454344.859          -16.5            4.3
    2454348.917           17.1            4.0
    2454391.887           -9.8            5.4
    2454394.775            3.7            4.2
    2454418.777           11.4            4.5
    2454420.763            6.0            4.2
    2454440.653          -16.4            3.4
    2454443.651            7.3            3.6
    2454481.638            1.0            3.9
    2454503.651           17.0            4.3
    2454645.984          -12.0            4.5
    2454646.968          -20.2            4.2
    2454668.009           11.5            3.7
    2454681.904           13.1            3.8
     2454683.97           -6.5            3.8
    2454711.893           13.4            4.1
    2454713.873          -12.9            4.2
    2454715.882            7.9            4.6
    2454716.875           14.1            4.1
    2454753.885           -0.5            3.6
     2454755.85          -15.1            3.8
    2454777.733           19.9            4.1
    2454806.796           22.4            5.5
     2454808.77           11.0            4.3
    2454809.763           -4.0            6.1
    2455026.973          -10.0            5.7
    2455063.965           -3.9            5.0
    2455099.996            5.4            4.9
    2455116.856            8.0            6.8
    2455154.739          -16.7            7.6
    2455174.788           -7.2            5.8
    2455364.972           17.8            5.0
    2455419.012            8.6            4.7
    2455446.847           -6.3            3.6
    2455446.856           -6.7            3.1
    2455463.833           -3.7            5.2
    2455466.842            8.6            4.8
    2455569.653           25.9            4.1
    2455571.713           -5.5            4.6
    2455572.671          -16.7            4.8
    2455621.621          -10.4            4.6
    2455757.974            6.5            5.0
    2455803.919           16.2            4.3
    2455806.936            2.8            4.3
    2455828.781            4.2            4.2
    2455831.849            7.7            5.1
    2455861.842            9.0            4.2
    2455864.796            4.7            4.4
    2455892.745           -3.1            4.9
