    2451745.994           -2.2            4.3
    2451778.895            4.8            3.7
    2451808.867            3.3            3.6
    2451853.766            7.6            4.1
    2451856.801            7.4            4.6
    2451898.637            5.5            8.0
    2451932.609            5.9            3.9
    2452163.861           -1.9            4.9
    2452175.851            7.6            4.0
    2452307.598           -3.3            4.5
    2452465.989            7.9            5.3
    2452483.985            3.5            5.0
    2452494.987            6.9            5.0
    2452517.936            7.2            5.2
     2452528.91           10.3            5.2
     2452530.91            1.7            4.5
    2452541.904           12.7            4.5
    2452543.883            9.9            5.0
    2452559.914            3.3            6.4
    2452561.795           12.2            8.4
    2452571.791            6.4            5.0
     2452589.81            5.3            5.7
    2452603.782           11.7            4.9
    2452605.724            9.6            4.8
    2452616.772           -0.9            5.9
    2452665.604            6.4            4.2
    2452668.611            7.3            5.3
    2452837.972            6.6            5.4
    2452861.963           10.2            4.1
    2452863.985            3.1            5.2
    2452879.918            9.8            4.2
    2452880.947           10.1            5.0
    2452898.911            3.6            4.7
    2452900.928            0.2            4.8
    2452932.839            8.6            4.3
    2452934.804            1.6            4.6
    2452963.753            1.6            5.2
    2452965.809            8.1            5.4
     2453022.63            7.8            5.6
     2453208.01            6.6            3.8
    2453209.978            7.7            3.7
    2453214.961            7.5            4.2
    2453231.961            9.0            4.0
    2453233.909            8.6            3.9
     2453235.96            3.4            4.2
    2453265.899            8.9            3.8
    2453268.919           -3.1            4.0
     2453269.81            1.8            3.5
    2453286.828            0.1            3.8
    2453324.713            2.8            5.5
    2453354.654            2.5            3.8
    2453400.642            3.9            7.5
    2453550.983            4.6            4.4
    2453578.964            9.2            4.6
    2453613.923            7.7            4.2
    2453654.771            2.1            4.1
    2453701.724            1.1            4.6
    2453740.745            3.9            4.7
    2453911.993            4.0            3.6
    2453917.013            2.9            3.9
    2453934.974           -0.9            3.9
    2453968.925           -1.1            3.2
    2453981.851           -0.3            3.8
    2453985.899            7.1            4.0
    2454055.755           11.9            3.9
    2454297.975            2.9            4.1
    2454300.974            0.1            4.0
    2454314.939            1.1            3.6
    2454318.981            5.7            4.2
    2454344.859            4.9            4.3
    2454348.917           -0.1            4.0
    2454391.887            3.1            5.4
    2454394.775            8.2            4.2
    2454418.777            3.8            4.5
    2454420.763           -3.6            4.2
    2454440.653            2.2            3.4
    2454443.651           -3.8            3.6
    2454481.638           -1.5            3.9
    2454503.651            5.3            4.3
    2454645.984            4.1            4.5
    2454646.968            8.5            4.2
    2454668.009           -1.0            3.7
    2454681.904            3.0            3.8
     2454683.97            8.7            3.8
    2454711.893           -0.4            4.1
    2454713.873            7.5            4.2
    2454715.882            2.2            4.6
    2454716.875            2.7            4.1
    2454753.885            3.1            3.6
     2454755.85           12.2            3.8
    2454777.733            1.9            4.1
    2454806.796            6.4            5.5
     2454808.77           13.6            4.3
    2454809.763            7.1            6.1
    2455026.973            9.9            5.7
    2455063.965            5.2            5.0
    2455099.996            9.8            4.9
    2455116.856            3.1            6.8
    2455154.739           11.0            7.6
    2455174.788            8.6            5.8
    2455364.972            8.2            5.0
    2455419.012            7.4            4.7
    2455446.847            7.4            3.6
    2455446.856            6.9            3.1
    2455463.833           -0.1            5.2
    2455466.842           -1.5            4.8
    2455569.653           11.5            4.1
    2455571.713            4.8            4.6
    2455572.671            5.6            4.8
    2455621.621            6.3            4.6
    2455757.974            1.2            5.0
    2455803.919            5.1            4.3
    2455806.936           -1.9            4.3
    2455828.781            2.2            4.2
    2455831.849           11.1            5.1
    2455861.842            3.1            4.2
    2455864.796            6.4            4.4
    2455892.745            5.8            4.9
