    2451745.994           21.6            4.3
    2451778.895           31.3            3.7
    2451808.867            9.4            3.6
    2451853.766           13.1            4.1
    2451856.801          -13.2            4.6
    2451898.637           10.1            8.0
    2451932.609           33.1            3.9
    2452163.861           36.6            4.9
    2452175.851           -3.2            4.0
    2452307.598           11.4            4.5
    2452465.989           37.2            5.3
    2452483.985           17.8            5.0
    2452494.987            6.4            5.0
    2452517.936           19.8            5.2
     2452528.91           -3.4            5.2
     2452530.91            5.3            4.5
    2452541.904          -13.8            4.5
    2452543.883            0.2            5.0
    2452559.914          -11.3            6.4
    2452561.795           14.0            8.4
    2452571.791           12.8            5.0
     2452589.81           12.2            5.7
    2452603.782          -23.8            4.9
    2452605.724           10.5            4.8
    2452616.772            2.8            5.9
    2452665.604          -17.2            4.2
    2452668.611          -14.7            5.3
    2452837.972            0.3            5.4
    2452861.963            0.4            4.1
    2452863.985            9.9            5.2
    2452879.918            8.0            4.2
    2452880.947           34.9            5.0
    2452898.911           -1.1            4.7
    2452900.928           24.7            4.8
    2452932.839           20.7            4.3
    2452934.804           16.4            4.6
    2452963.753           17.6            5.2
    2452965.809           19.6            5.4
     2453022.63           -8.8            5.6
     2453208.01           -3.7            3.8
    2453209.978          -11.4            3.7
    2453214.961           20.3            4.2
    2453231.961            5.5            4.0
    2453233.909           14.6            3.9
     2453235.96           -1.0            4.2
    2453265.899           23.4            3.8
    2453268.919            4.5            4.0
     2453269.81          -15.8            3.5
    2453286.828           11.6            3.8
    2453324.713          -16.2            5.5
    2453354.654          -10.8            3.8
    2453400.642           23.5            7.5
    2453550.983            9.6            4.4
    2453578.964           15.0            4.6
    2453613.923          -28.9            4.2
    2453654.771          -20.3            4.1
    2453701.724            7.9            4.6
    2453740.745           22.3            4.7
    2453911.993           20.5            3.6
    2453917.013          -20.2            3.9
    2453934.974           13.5            3.9
    2453968.925            6.5            3.2
    2453981.851            9.5            3.8
    2453985.899           20.4            4.0
    2454055.755            4.7            3.9
    2454297.975            7.2            4.1
    2454300.974          -27.0            4.0
    2454314.939           11.0            3.6
    2454318.981           18.6            4.2
    2454344.859          -13.0            4.3
    2454348.917           11.1            4.0
    2454391.887          -14.5            5.4
    2454394.775           -7.8            4.2
    2454418.777           13.1            4.5
    2454420.763           22.7            4.2
    2454440.653           13.4            3.4
    2454443.651          -14.1            3.6
    2454481.638           23.0            3.9
    2454503.651           13.9            4.3
    2454645.984            4.4            4.5
    2454646.968          -13.3            4.2
    2454668.009           -2.4            3.7
    2454681.904           11.0            3.8
     2454683.97           -8.6            3.8
    2454711.893            7.7            4.1
    2454713.873           24.9            4.2
    2454715.882          -13.2            4.6
    2454716.875            7.6            4.1
    2454753.885           16.8            3.6
     2454755.85          -19.8            3.8
    2454777.733           -1.9            4.1
    2454806.796          -17.3            5.5
     2454808.77            3.0            4.3
    2454809.763           -8.2            6.1
    2455026.973           15.0            5.7
    2455063.965           34.1            5.0
    2455099.996          -22.3            4.9
    2455116.856            4.1            6.8
    2455154.739           -1.2            7.6
    2455174.788           -8.6            5.8
    2455364.972           -9.6            5.0
    2455419.012            5.7            4.7
    2455446.847          -14.1            3.6
    2455446.856          -13.5            3.1
    2455463.833          -14.4            5.2
    2455466.842          -21.3            4.8
    2455569.653            1.4            4.1
    2455571.713            9.9            4.6
    2455572.671           14.4            4.8
    2455621.621           17.9            4.6
    2455757.974           -0.0            5.0
    2455803.919            9.3            4.3
    2455806.936          -28.5            4.3
    2455828.781            2.4            4.2
    2455831.849           17.8            5.1
    2455861.842           -2.7            4.2
    2455864.796            7.3            4.4
    2455892.745            9.0            4.9
