    2451745.994           -6.3            4.3
    2451778.895            2.7            3.7
    2451808.867           12.8            3.6
    2451853.766            0.2            4.1
    2451856.801           -4.3            4.6
    2451898.637            3.8            8.0
    2451932.609            8.7            3.9
    2452163.861           -5.5            4.9
    2452175.851           10.6            4.0
    2452307.598            7.6            4.5
    2452465.989           -1.8            5.3
    2452483.985           -5.0            5.0
    2452494.987           11.1            5.0
    2452517.936            4.2            5.2
     2452528.91           15.3            5.2
     2452530.91            5.3            4.5
    2452541.904           12.6            4.5
    2452543.883            7.0            5.0
    2452559.914           14.7            6.4
    2452561.795            5.9            8.4
    2452571.791           -1.8            5.0
     2452589.81           -3.8            5.7
    2452603.782           15.9            4.9
    2452605.724            7.0            4.8
    2452616.772           13.0            5.9
    2452665.604           12.4            4.2
    2452668.611            9.8            5.3
    2452837.972            7.9            5.4
    2452861.963           12.2            4.1
    2452863.985           11.9            5.2
    2452879.918           11.6            4.2
    2452880.947           -5.2            5.0
    2452898.911           -1.5            4.7
    2452900.928            9.1            4.8
    2452932.839           -6.1            4.3
    2452934.804           -0.5            4.6
    2452963.753           -5.3            5.2
    2452965.809            0.3            5.4
     2453022.63            0.9            5.6
     2453208.01            7.2            3.8
    2453209.978           14.1            3.7
    2453214.961           13.1            4.2
    2453231.961           -5.4            4.0
    2453233.909            4.9            3.9
     2453235.96           14.4            4.2
    2453265.899           -0.2            3.8
    2453268.919            8.8            4.0
     2453269.81            9.6            3.5
    2453286.828            4.5            3.8
    2453324.713           -2.7            5.5
    2453354.654           11.5            3.8
    2453400.642           15.1            7.5
    2453550.983           10.6            4.4
    2453578.964           14.6            4.6
    2453613.923           -3.8            4.2
    2453654.771           -2.6            4.1
    2453701.724           -5.6            4.6
    2453740.745            3.0            4.7
    2453911.993           10.5            3.6
    2453917.013           11.7            3.9
    2453934.974           12.6            3.9
    2453968.925            7.8            3.2
    2453981.851           11.3            3.8
    2453985.899            2.2            4.0
    2454055.755            7.0            3.9
    2454297.975            1.5            4.1
    2454300.974            9.9            4.0
    2454314.939            2.7            3.6
    2454318.981            8.1            4.2
    2454344.859            9.5            4.3
    2454348.917           -2.3            4.0
    2454391.887           12.0            5.4
    2454394.775            6.6            4.2
    2454418.777           -6.3            4.5
    2454420.763            2.3            4.2
    2454440.653           11.1            3.4
    2454443.651            7.9            3.6
    2454481.638           11.3            3.9
    2454503.651           -2.6            4.3
    2454645.984           -3.0            4.5
    2454646.968           13.5            4.2
    2454668.009           13.1            3.7
    2454681.904           -7.1            3.8
     2454683.97            0.5            3.8
    2454711.893           10.2            4.1
    2454713.873           10.1            4.2
    2454715.882           -0.4            4.6
    2454716.875           13.9            4.1
    2454753.885           -2.8            3.6
     2454755.85            9.1            3.8
    2454777.733           -1.2            4.1
    2454806.796           12.8            5.5
     2454808.77           -1.5            4.3
    2454809.763           14.2            6.1
    2455026.973            5.3            5.7
    2455063.965           -1.8            5.0
    2455099.996           -4.6            4.9
    2455116.856           16.8            6.8
    2455154.739            6.4            7.6
    2455174.788           -2.0            5.8
    2455364.972            5.2            5.0
    2455419.012            7.5            4.7
    2455446.847           11.2            3.6
    2455446.856           10.7            3.1
    2455463.833           -1.8            5.2
    2455466.842            4.0            4.8
    2455569.653           -2.5            4.1
    2455571.713           -0.2            4.6
    2455572.671            5.2            4.8
    2455621.621            4.2            4.6
    2455757.974           -2.5            5.0
    2455803.919           -0.6            4.3
    2455806.936           -2.8            4.3
    2455828.781           14.2            4.2
    2455831.849            9.9            5.1
    2455861.842            9.7            4.2
    2455864.796           14.0            4.4
    2455892.745            7.7            4.9
