    2451745.994            9.7            4.3
    2451778.895          -20.7            3.7
    2451808.867           -4.5            3.6
    2451853.766           27.8            4.1
    2451856.801           25.6            4.6
    2451898.637          -12.2            8.0
    2451932.609           -8.3            3.9
    2452163.861            6.4            4.9
    2452175.851          -15.3            4.0
    2452307.598          -16.5            4.5
    2452465.989          -19.3            5.3
    2452483.985          -13.8            5.0
    2452494.987            5.7            5.0
    2452517.936           19.9            5.2
     2452528.91           30.6            5.2
     2452530.91           26.9            4.5
    2452541.904           23.9            4.5
    2452543.883           24.7            5.0
    2452559.914           -0.1            6.4
    2452561.795           14.6            8.4
    2452571.791           -9.4            5.0
     2452589.81          -16.9            5.7
    2452603.782          -14.3            4.9
    2452605.724          -16.8            4.8
    2452616.772            7.2            5.9
    2452665.604           27.9            4.2
    2452668.611           20.7            5.3
    2452837.972           17.0            5.4
    2452861.963          -21.9            4.1
    2452863.985          -21.5            5.2
    2452879.918          -20.9            4.2
    2452880.947          -16.3            5.0
    2452898.911            2.3            4.7
    2452900.928           11.3            4.8
    2452932.839           22.4            4.3
    2452934.804           26.5            4.6
    2452963.753            0.9            5.2
    2452965.809           -9.1            5.4
     2453022.63            3.5            5.6
     2453208.01           21.0            3.8
    2453209.978           24.2            3.7
    2453214.961           29.4            4.2
    2453231.961           19.7            4.0
    2453233.909           22.7            3.9
     2453235.96           11.7            4.2
    2453265.899          -12.4            3.8
    2453268.919          -15.2            4.0
     2453269.81          -12.8            3.5
    2453286.828          -13.8            3.8
    2453324.713           14.0            5.5
    2453354.654           25.1            3.8
    2453400.642          -12.1            7.5
    2453550.983          -17.6            4.4
    2453578.964           -4.3            4.6
    2453613.923           27.4            4.2
    2453654.771            1.5            4.1
    2453701.724           -8.5            4.6
    2453740.745           18.4            4.7
    2453911.993           20.1            3.6
    2453917.013           20.5            3.9
    2453934.974            2.6            3.9
    2453968.925          -12.5            3.2
    2453981.851          -15.9            3.8
    2453985.899            1.6            4.0
    2454055.755            3.6            3.9
    2454297.975           29.4            4.1
    2454300.974           27.2            4.0
    2454314.939           29.0            3.6
    2454318.981           17.4            4.2
    2454344.859           -5.0            4.3
    2454348.917          -10.0            4.0
    2454391.887            8.0            5.4
    2454394.775           -3.5            4.2
    2454418.777           29.8            4.5
    2454420.763           29.1            4.2
    2454440.653           23.7            3.4
    2454443.651           17.4            3.6
    2454481.638          -19.5            3.9
    2454503.651            2.9            4.3
    2454645.984          -17.1            4.5
    2454646.968          -18.6            4.2
    2454668.009           -5.6            3.7
    2454681.904            3.8            3.8
     2454683.97           11.5            3.8
    2454711.893           28.5            4.1
    2454713.873           27.3            4.2
    2454715.882           23.0            4.6
    2454716.875           20.3            4.1
    2454753.885          -23.2            3.6
     2454755.85          -20.7            3.8
    2454777.733          -14.0            4.1
    2454806.796           20.2            5.5
     2454808.77           20.3            4.3
    2454809.763           23.6            6.1
    2455026.973           -4.9            5.7
    2455063.965          -11.3            5.0
    2455099.996           22.5            4.9
    2455116.856           20.3            6.8
    2455154.739           -4.6            7.6
    2455174.788           -5.8            5.8
    2455364.972            4.8            5.0
    2455419.012           -1.2            4.7
    2455446.847          -14.3            3.6
    2455446.856          -15.3            3.1
    2455463.833          -13.7            5.2
    2455466.842           -6.1            4.8
    2455569.653          -11.8            4.1
    2455571.713          -11.0            4.6
    2455572.671          -12.4            4.8
    2455621.621           30.6            4.6
    2455757.974            1.2            5.0
    2455803.919           18.1            4.3
    2455806.936           17.0            4.3
    2455828.781           13.6            4.2
    2455831.849           -2.2            5.1
    2455861.842           -7.4            4.2
    2455864.796           -9.1            4.4
    2455892.745           12.9            4.9
