    2451745.994            1.1            4.3
    2451778.895            9.7            3.7
    2451808.867            7.7            3.6
    2451853.766           12.1            4.1
    2451856.801            1.1            4.6
    2451898.637            8.1            8.0
    2451932.609           10.3            3.9
    2452163.861            2.2            4.9
    2452175.851            0.4            4.0
    2452307.598            3.7            4.5
    2452465.989           -2.1            5.3
    2452483.985           14.7            5.0
    2452494.987            6.0            5.0
    2452517.936           12.1            5.2
     2452528.91            8.0            5.2
     2452530.91            9.3            4.5
    2452541.904            9.8            4.5
    2452543.883           11.6            5.0
    2452559.914            2.2            6.4
    2452561.795            3.2            8.4
    2452571.791            7.8            5.0
     2452589.81            4.6            5.7
    2452603.782            3.5            4.9
    2452605.724            5.7            4.8
    2452616.772            3.7            5.9
    2452665.604            0.7            4.2
    2452668.611            1.4            5.3
    2452837.972           10.1            5.4
    2452861.963           -2.1            4.1
    2452863.985            1.4            5.2
    2452879.918            6.2            4.2
    2452880.947           -2.4            5.0
    2452898.911            9.5            4.7
    2452900.928            6.3            4.8
    2452932.839            1.8            4.3
    2452934.804           -1.9            4.6
    2452963.753            2.3            5.2
    2452965.809            3.8            5.4
     2453022.63            7.7            5.6
     2453208.01            7.2            3.8
    2453209.978            4.1            3.7
    2453214.961            4.4            4.2
    2453231.961            7.7            4.0
    2453233.909            8.4            3.9
     2453235.96            7.9            4.2
    2453265.899            5.8            3.8
    2453268.919           -5.3            4.0
     2453269.81            6.8            3.5
    2453286.828            9.7            3.8
    2453324.713            1.3            5.5
    2453354.654            3.5            3.8
    2453400.642            1.1            7.5
    2453550.983           12.6            4.4
    2453578.964           12.9            4.6
    2453613.923           -0.4            4.2
    2453654.771           -1.2            4.1
    2453701.724            0.7            4.6
    2453740.745           11.8            4.7
    2453911.993            1.2            3.6
    2453917.013            6.0            3.9
    2453934.974            7.6            3.9
    2453968.925            9.5            3.2
    2453981.851            1.9            3.8
    2453985.899            8.0            4.0
    2454055.755            9.1            3.9
    2454297.975            2.7            4.1
    2454300.974           11.0            4.0
    2454314.939           -2.2            3.6
    2454318.981            0.0            4.2
    2454344.859            1.7            4.3
    2454348.917            1.2            4.0
    2454391.887            1.2            5.4
    2454394.775            7.4            4.2
    2454418.777           -2.7            4.5
    2454420.763           -0.2            4.2
    2454440.653           -2.3            3.4
    2454443.651            7.1            3.6
    2454481.638            9.1            3.9
    2454503.651            3.6            4.3
    2454645.984           11.6            4.5
    2454646.968           -0.7            4.2
    2454668.009           -3.3            3.7
    2454681.904           11.4            3.8
     2454683.97            9.4            3.8
    2454711.893           11.6            4.1
    2454713.873            9.0            4.2
    2454715.882            6.3            4.6
    2454716.875           -0.4            4.1
    2454753.885            0.2            3.6
     2454755.85           -0.5            3.8
    2454777.733            5.8            4.1
    2454806.796           -2.9            5.5
     2454808.77           -2.4            4.3
    2454809.763           11.7            6.1
    2455026.973            9.1            5.7
    2455063.965            8.0            5.0
    2455099.996            6.1            4.9
    2455116.856           15.5            6.8
    2455154.739           10.4            7.6
    2455174.788            7.4            5.8
    2455364.972            2.7            5.0
    2455419.012           14.1            4.7
    2455446.847           13.3            3.6
    2455446.856           12.8            3.1
    2455463.833            8.9            5.2
    2455466.842           -1.2            4.8
    2455569.653           -2.3            4.1
    2455571.713           -2.9            4.6
    2455572.671            7.2            4.8
    2455621.621            8.4            4.6
    2455757.974            9.0            5.0
    2455803.919            4.0            4.3
    2455806.936           12.7            4.3
    2455828.781            4.1            4.2
    2455831.849            9.1            5.1
    2455861.842           10.4            4.2
    2455864.796            5.7            4.4
    2455892.745            1.2            4.9
