    2451745.994           -7.1            4.3
    2451778.895           16.0            3.7
    2451808.867           -3.9            3.6
    2451853.766            0.9            4.1
    2451856.801           10.2            4.6
    2451898.637           18.5            8.0
    2451932.609           -0.5            3.9
    2452163.861            7.3            4.9
    2452175.851           14.8            4.0
    2452307.598          -10.0            4.5
    2452465.989            7.1            5.3
    2452483.985            2.4            5.0
    2452494.987            5.7            5.0
    2452517.936            7.6            5.2
     2452528.91           -5.5            5.2
     2452530.91            1.5            4.5
    2452541.904            2.2            4.5
    2452543.883            3.6            5.0
    2452559.914            9.4            6.4
    2452561.795           16.4            8.4
    2452571.791            4.4            5.0
     2452589.81           19.3            5.7
    2452603.782           10.6            4.9
    2452605.724           12.3            4.8
    2452616.772           17.9            5.9
    2452665.604           -4.6            4.2
    2452668.611            4.2            5.3
    2452837.972           15.2            5.4
    2452861.963            4.3            4.1
    2452863.985            8.0            5.2
    2452879.918           17.3            4.2
    2452880.947           12.1            5.0
    2452898.911           -6.1            4.7
    2452900.928           -3.2            4.8
    2452932.839            8.9            4.3
    2452934.804           12.4            4.6
    2452963.753           13.1            5.2
    2452965.809           -0.5            5.4
     2453022.63           -3.5            5.6
     2453208.01            5.0            3.8
    2453209.978            7.5            3.7
    2453214.961           -1.0            4.2
    2453231.961           -3.0            4.0
    2453233.909          -10.4            3.9
     2453235.96           -2.5            4.2
    2453265.899           11.8            3.8
    2453268.919            7.1            4.0
     2453269.81            4.7            3.5
    2453286.828           -8.4            3.8
    2453324.713            9.6            5.5
    2453354.654            1.6            3.8
    2453400.642            6.7            7.5
    2453550.983            2.3            4.4
    2453578.964            1.0            4.6
    2453613.923           11.5            4.2
    2453654.771            6.2            4.1
    2453701.724           -2.4            4.6
    2453740.745           -1.4            4.7
    2453911.993           10.2            3.6
    2453917.013           17.4            3.9
    2453934.974           -4.6            3.9
    2453968.925           11.7            3.2
    2453981.851            9.8            3.8
    2453985.899            3.7            4.0
    2454055.755           -9.4            3.9
    2454297.975            5.2            4.1
    2454300.974           10.1            4.0
    2454314.939           15.8            3.6
    2454318.981           -3.5            4.2
    2454344.859            3.9            4.3
    2454348.917           -1.0            4.0
    2454391.887           -1.2            5.4
    2454394.775            1.6            4.2
    2454418.777           -6.4            4.5
    2454420.763           -2.2            4.2
    2454440.653            2.9            3.4
    2454443.651           -4.6            3.6
    2454481.638            7.9            3.9
    2454503.651           14.7            4.3
    2454645.984           10.4            4.5
    2454646.968           18.5            4.2
    2454668.009            1.6            3.7
    2454681.904           -3.9            3.8
     2454683.97            7.5            3.8
    2454711.893            7.0            4.1
    2454713.873            6.9            4.2
    2454715.882            6.7            4.6
    2454716.875            7.5            4.1
    2454753.885           22.9            3.6
     2454755.85           14.7            3.8
    2454777.733           -4.0            4.1
    2454806.796           12.9            5.5
     2454808.77           11.9            4.3
    2454809.763            7.0            6.1
    2455026.973           -4.0            5.7
    2455063.965           -7.1            5.0
    2455099.996           15.9            4.9
    2455116.856           12.9            6.8
    2455154.739           11.6            7.6
    2455174.788           -2.0            5.8
    2455364.972           13.6            5.0
    2455419.012           10.6            4.7
    2455446.847            5.2            3.6
    2455446.856            4.4            3.1
    2455463.833            3.7            5.2
    2455466.842            3.8            4.8
    2455569.653            9.0            4.1
    2455571.713            2.2            4.6
    2455572.671            0.6            4.8
    2455621.621            7.2            4.6
    2455757.974            5.6            5.0
    2455803.919           10.0            4.3
    2455806.936            2.4            4.3
    2455828.781            4.9            4.2
    2455831.849           16.5            5.1
    2455861.842           -1.7            4.2
    2455864.796           -9.7            4.4
    2455892.745           -3.8            4.9
