    2451745.994            7.2            4.3
    2451778.895            6.2            3.7
    2451808.867            6.3            3.6
    2451853.766            6.4            4.1
    2451856.801            5.9            4.6
    2451898.637            9.2            8.0
    2451932.609            2.8            3.9
    2452163.861            1.3            4.9
    2452175.851            4.7            4.0
    2452307.598            0.9            4.5
    2452465.989            0.5            5.3
    2452483.985            9.4            5.0
    2452494.987            2.6            5.0
    2452517.936            0.8            5.2
     2452528.91            5.6            5.2
     2452530.91            0.4            4.5
    2452541.904            5.1            4.5
    2452543.883            1.2            5.0
    2452559.914            3.5            6.4
    2452561.795           10.5            8.4
    2452571.791            6.2            5.0
     2452589.81            3.4            5.7
    2452603.782            7.6            4.9
    2452605.724            4.1            4.8
    2452616.772            8.4            5.9
    2452665.604            3.7            4.2
    2452668.611            5.7            5.3
    2452837.972            5.6            5.4
    2452861.963            2.9            4.1
    2452863.985            5.3            5.2
    2452879.918            4.1            4.2
    2452880.947            8.4            5.0
    2452898.911            3.4            4.7
    2452900.928            4.5            4.8
    2452932.839            6.9            4.3
    2452934.804            4.0            4.6
    2452963.753            4.1            5.2
    2452965.809            7.3            5.4
     2453022.63            2.1            5.6
     2453208.01            1.1            3.8
    2453209.978            0.6            3.7
    2453214.961            8.4            4.2
    2453231.961            6.6            4.0
    2453233.909            0.9            3.9
     2453235.96            0.9            4.2
    2453265.899            1.5            3.8
    2453268.919            2.7            4.0
     2453269.81            4.7            3.5
    2453286.828            5.4            3.8
    2453324.713            3.1            5.5
    2453354.654            3.5            3.8
    2453400.642           12.9            7.5
    2453550.983            3.5            4.4
    2453578.964            4.8            4.6
    2453613.923            3.6            4.2
    2453654.771            6.7            4.1
    2453701.724            1.6            4.6
    2453740.745            1.1            4.7
    2453911.993            0.0            3.6
    2453917.013            8.1            3.9
    2453934.974            0.8            3.9
    2453968.925            6.3            3.2
    2453981.851            6.2            3.8
    2453985.899            8.5            4.0
    2454055.755           -0.8            3.9
    2454297.975            5.7            4.1
    2454300.974            8.9            4.0
    2454314.939            4.3            3.6
    2454318.981            1.2            4.2
    2454344.859            1.7            4.3
    2454348.917            2.3            4.0
    2454391.887            8.6            5.4
    2454394.775            8.6            4.2
    2454418.777            4.5            4.5
    2454420.763            8.4            4.2
    2454440.653            4.9            3.4
    2454443.651            5.2            3.6
    2454481.638           -0.8            3.9
    2454503.651            2.9            4.3
    2454645.984            7.8            4.5
    2454646.968            3.0            4.2
    2454668.009            4.9            3.7
    2454681.904            2.7            3.8
     2454683.97            6.2            3.8
    2454711.893            2.4            4.1
    2454713.873            9.4            4.2
    2454715.882            4.1            4.6
    2454716.875            7.4            4.1
    2454753.885            3.3            3.6
     2454755.85            7.9            3.8
    2454777.733            4.4            4.1
    2454806.796            5.6            5.5
     2454808.77            5.0            4.3
    2454809.763            3.0            6.1
    2455026.973            1.6            5.7
    2455063.965            3.8            5.0
    2455099.996            8.5            4.9
    2455116.856            8.1            6.8
    2455154.739            6.6            7.6
    2455174.788            8.7            5.8
    2455364.972            3.8            5.0
    2455419.012            8.6            4.7
    2455446.847            0.2            3.6
    2455446.856           -0.3            3.1
    2455463.833            4.8            5.2
    2455466.842            5.4            4.8
    2455569.653           -0.2            4.1
    2455571.713            7.5            4.6
    2455572.671            4.1            4.8
    2455621.621            0.3            4.6
    2455757.974            3.7            5.0
    2455803.919            1.3            4.3
    2455806.936           -0.3            4.3
    2455828.781            8.4            4.2
    2455831.849            7.2            5.1
    2455861.842            1.8            4.2
    2455864.796            6.5            4.4
    2455892.745            7.6            4.9
