    2451745.994           -0.5            4.3
    2451778.895           -1.7            3.7
    2451808.867            6.6            3.6
    2451853.766           -0.4            4.1
    2451856.801            1.0            4.6
    2451898.637           23.0            8.0
    2451932.609           18.9            3.9
    2452163.861            2.2            4.9
    2452175.851           18.4            4.0
    2452307.598           -1.5            4.5
    2452465.989           14.6            5.3
    2452483.985           -5.0            5.0
    2452494.987           -5.4            5.0
    2452517.936           -5.5            5.2
     2452528.91           -3.1            5.2
     2452530.91            4.2            4.5
    2452541.904            5.2            4.5
    2452543.883          -12.2            5.0
    2452559.914           16.9            6.4
    2452561.795            9.2            8.4
    2452571.791            1.0            5.0
     2452589.81           -1.9            5.7
    2452603.782           -2.3            4.9
    2452605.724           -5.7            4.8
    2452616.772           -2.1            5.9
    2452665.604           -5.2            4.2
    2452668.611           19.9            5.3
    2452837.972            2.6            5.4
    2452861.963           -2.9            4.1
    2452863.985           10.4            5.2
    2452879.918            8.0            4.2
    2452880.947            2.6            5.0
    2452898.911            2.0            4.7
    2452900.928           -4.6            4.8
    2452932.839            8.2            4.3
    2452934.804           -0.5            4.6
    2452963.753            5.0            5.2
    2452965.809           13.8            5.4
     2453022.63           -2.3            5.6
     2453208.01            8.6            3.8
    2453209.978           -6.3            3.7
    2453214.961            7.7            4.2
    2453231.961          -10.6            4.0
    2453233.909            5.5            3.9
     2453235.96            4.9            4.2
    2453265.899           -5.0            3.8
    2453268.919            4.7            4.0
     2453269.81            0.2            3.5
    2453286.828           -7.1            3.8
    2453324.713           13.3            5.5
    2453354.654           -7.4            3.8
    2453400.642            5.5            7.5
    2453550.983            8.8            4.4
    2453578.964           12.1            4.6
    2453613.923            8.1            4.2
    2453654.771           12.1            4.1
    2453701.724            8.7            4.6
    2453740.745          -12.3            4.7
    2453911.993            9.1            3.6
    2453917.013           12.8            3.9
    2453934.974          -10.6            3.9
    2453968.925           -8.6            3.2
    2453981.851            6.6            3.8
    2453985.899           11.8            4.0
    2454055.755           -4.7            3.9
    2454297.975            6.6            4.1
    2454300.974           -3.6            4.0
    2454314.939           13.1            3.6
    2454318.981            4.4            4.2
    2454344.859           -3.9            4.3
    2454348.917            4.6            4.0
    2454391.887           23.5            5.4
    2454394.775          -13.5            4.2
    2454418.777           14.4            4.5
    2454420.763            0.5            4.2
    2454440.653           -5.9            3.4
    2454443.651            3.4            3.6
    2454481.638            5.6            3.9
    2454503.651           -5.1            4.3
    2454645.984           12.8            4.5
    2454646.968           15.4            4.2
    2454668.009           17.4            3.7
    2454681.904           -0.2            3.8
     2454683.97          -14.2            3.8
    2454711.893           -5.3            4.1
    2454713.873           15.0            4.2
    2454715.882            2.1            4.6
    2454716.875          -10.2            4.1
    2454753.885           -9.8            3.6
     2454755.85            5.8            3.8
    2454777.733           -8.0            4.1
    2454806.796            0.1            5.5
     2454808.77            6.1            4.3
    2454809.763           10.8            6.1
    2455026.973           -1.1            5.7
    2455063.965           -7.8            5.0
    2455099.996            4.7            4.9
    2455116.856            4.2            6.8
    2455154.739           13.4            7.6
    2455174.788           14.0            5.8
    2455364.972           -7.3            5.0
    2455419.012           11.4            4.7
    2455446.847          -10.6            3.6
    2455446.856          -10.8            3.1
    2455463.833            8.5            5.2
    2455466.842           11.1            4.8
    2455569.653          -14.2            4.1
    2455571.713            3.7            4.6
    2455572.671           15.5            4.8
    2455621.621           22.6            4.6
    2455757.974          -14.7            5.0
    2455803.919           15.2            4.3
    2455806.936           -7.0            4.3
    2455828.781           11.1            4.2
    2455831.849            3.8            5.1
    2455861.842            4.0            4.2
    2455864.796           12.5            4.4
    2455892.745            6.6            4.9
