    2451745.994            7.3            4.3
    2451778.895           -4.4            3.7
    2451808.867           -0.5            3.6
    2451853.766           -3.5            4.1
    2451856.801            7.4            4.6
    2451898.637           -1.4            8.0
    2451932.609           15.6            3.9
    2452163.861            3.3            4.9
    2452175.851           -1.7            4.0
    2452307.598            3.1            4.5
    2452465.989           11.4            5.3
    2452483.985            3.8            5.0
    2452494.987            3.5            5.0
    2452517.936           14.9            5.2
     2452528.91           -2.4            5.2
     2452530.91           -4.6            4.5
    2452541.904            6.4            4.5
    2452543.883            8.0            5.0
    2452559.914           10.3            6.4
    2452561.795           18.0            8.4
    2452571.791            1.6            5.0
     2452589.81            0.8            5.7
    2452603.782            3.2            4.9
    2452605.724            3.7            4.8
    2452616.772            5.1            5.9
    2452665.604           14.1            4.2
    2452668.611            3.1            5.3
    2452837.972           18.3            5.4
    2452861.963            1.3            4.1
    2452863.985            0.5            5.2
    2452879.918           17.5            4.2
    2452880.947           10.5            5.0
    2452898.911           10.8            4.7
    2452900.928           13.4            4.8
    2452932.839            1.0            4.3
    2452934.804            2.9            4.6
    2452963.753           10.2            5.2
    2452965.809           -0.0            5.4
     2453022.63           15.9            5.6
     2453208.01           -4.1            3.8
    2453209.978           -6.2            3.7
    2453214.961           19.1            4.2
    2453231.961            9.1            4.0
    2453233.909           12.0            3.9
     2453235.96           13.9            4.2
    2453265.899          -10.3            3.8
    2453268.919           -8.6            4.0
     2453269.81            0.8            3.5
    2453286.828          -11.8            3.8
    2453324.713           -9.0            5.5
    2453354.654           19.6            3.8
    2453400.642           14.5            7.5
    2453550.983           14.0            4.4
    2453578.964            3.9            4.6
    2453613.923           12.6            4.2
    2453654.771           21.4            4.1
    2453701.724           -3.1            4.6
    2453740.745            2.9            4.7
    2453911.993           20.4            3.6
    2453917.013           -3.5            3.9
    2453934.974           19.8            3.9
    2453968.925            2.7            3.2
    2453981.851          -10.1            3.8
    2453985.899           -0.9            4.0
    2454055.755            7.3            3.9
    2454297.975          -10.7            4.1
    2454300.974          -10.7            4.0
    2454314.939            4.1            3.6
    2454318.981          -15.0            4.2
    2454344.859           -1.2            4.3
    2454348.917           18.5            4.0
    2454391.887           14.0            5.4
    2454394.775           10.3            4.2
    2454418.777           -1.9            4.5
    2454420.763          -11.8            4.2
    2454440.653          -11.0            3.4
    2454443.651           -9.8            3.6
    2454481.638          -13.9            3.9
    2454503.651           -5.9            4.3
    2454645.984           15.1            4.5
    2454646.968           24.1            4.2
    2454668.009           23.7            3.7
    2454681.904            3.3            3.8
     2454683.97           10.6            3.8
    2454711.893            8.3            4.1
    2454713.873           -1.1            4.2
    2454715.882          -10.9            4.6
    2454716.875          -10.1            4.1
    2454753.885           -0.3            3.6
     2454755.85          -10.1            3.8
    2454777.733          -13.4            4.1
    2454806.796           16.4            5.5
     2454808.77           25.0            4.3
    2454809.763           21.7            6.1
    2455026.973           18.0            5.7
    2455063.965           10.3            5.0
    2455099.996           -1.3            4.9
    2455116.856           -3.3            6.8
    2455154.739           -4.1            7.6
    2455174.788           -4.1            5.8
    2455364.972            5.2            5.0
    2455419.012           -0.4            4.7
    2455446.847            5.6            3.6
    2455446.856            5.6            3.1
    2455463.833           17.8            5.2
    2455466.842           15.2            4.8
    2455569.653            1.1            4.1
    2455571.713           -8.0            4.6
    2455572.671           -1.6            4.8
    2455621.621            9.2            4.6
    2455757.974            9.4            5.0
    2455803.919           11.5            4.3
    2455806.936            3.8            4.3
    2455828.781            5.2            4.2
    2455831.849           -5.3            5.1
    2455861.842           19.1            4.2
    2455864.796           13.2            4.4
    2455892.745           -2.7            4.9
