    2451745.994           -3.1            4.3
    2451778.895           -0.2            3.7
    2451808.867            4.0            3.6
    2451853.766            3.7            4.1
    2451856.801           11.3            4.6
    2451898.637           13.2            8.0
    2451932.609           11.6            3.9
    2452163.861            6.8            4.9
    2452175.851            1.5            4.0
    2452307.598            1.6            4.5
    2452465.989           11.3            5.3
    2452483.985           -1.5            5.0
    2452494.987            5.1            5.0
    2452517.936            4.2            5.2
     2452528.91            8.3            5.2
     2452530.91            6.7            4.5
    2452541.904            5.0            4.5
    2452543.883            5.0            5.0
    2452559.914           11.8            6.4
    2452561.795            7.2            8.4
    2452571.791            6.9            5.0
     2452589.81            1.4            5.7
    2452603.782            4.4            4.9
    2452605.724            7.2            4.8
    2452616.772            3.0            5.9
    2452665.604            3.1            4.2
    2452668.611            6.9            5.3
    2452837.972            8.9            5.4
    2452861.963            9.1            4.1
    2452863.985           12.9            5.2
    2452879.918            0.7            4.2
    2452880.947           -2.1            5.0
    2452898.911           11.0            4.7
    2452900.928            7.2            4.8
    2452932.839           11.5            4.3
    2452934.804           13.5            4.6
    2452963.753           14.5            5.2
    2452965.809           16.0            5.4
     2453022.63           10.5            5.6
     2453208.01            1.8            3.8
    2453209.978            2.9            3.7
    2453214.961            2.2            4.2
    2453231.961            7.5            4.0
    2453233.909           10.6            3.9
     2453235.96           10.9            4.2
    2453265.899            8.8            3.8
    2453268.919           12.6            4.0
     2453269.81            2.9            3.5
    2453286.828           -5.9            3.8
    2453324.713            1.9            5.5
    2453354.654            5.3            3.8
    2453400.642            5.2            7.5
    2453550.983            6.4            4.4
    2453578.964            1.2            4.6
    2453613.923           -6.4            4.2
    2453654.771            4.1            4.1
    2453701.724            3.2            4.6
    2453740.745           11.4            4.7
    2453911.993           -1.8            3.6
    2453917.013           -6.8            3.9
    2453934.974           12.2            3.9
    2453968.925            4.3            3.2
    2453981.851           -0.3            3.8
    2453985.899           -6.6            4.0
    2454055.755            6.0            3.9
    2454297.975           10.4            4.1
    2454300.974            4.6            4.0
    2454314.939           -5.4            3.6
    2454318.981            5.5            4.2
    2454344.859            6.6            4.3
    2454348.917           -5.6            4.0
    2454391.887            6.5            5.4
    2454394.775           11.5            4.2
    2454418.777            2.2            4.5
    2454420.763            4.8            4.2
    2454440.653            3.1            3.4
    2454443.651           -2.4            3.6
    2454481.638           -5.3            3.9
    2454503.651           13.3            4.3
    2454645.984            5.6            4.5
    2454646.968           -3.8            4.2
    2454668.009            7.6            3.7
    2454681.904            2.7            3.8
     2454683.97            5.0            3.8
    2454711.893            1.3            4.1
    2454713.873           -6.0            4.2
    2454715.882           -6.0            4.6
    2454716.875            4.3            4.1
    2454753.885           -5.1            3.6
     2454755.85           -3.6            3.8
    2454777.733           -0.9            4.1
    2454806.796           10.0            5.5
     2454808.77            0.4            4.3
    2454809.763            8.6            6.1
    2455026.973            7.9            5.7
    2455063.965            7.5            5.0
    2455099.996            5.0            4.9
    2455116.856           -0.6            6.8
    2455154.739           -0.5            7.6
    2455174.788           12.5            5.8
    2455364.972            8.3            5.0
    2455419.012            3.0            4.7
    2455446.847            2.4            3.6
    2455446.856            1.9            3.1
    2455463.833           12.4            5.2
    2455466.842            6.2            4.8
    2455569.653            7.2            4.1
    2455571.713            5.5            4.6
    2455572.671           15.5            4.8
    2455621.621           -4.1            4.6
    2455757.974            4.2            5.0
    2455803.919            3.7            4.3
    2455806.936           11.4            4.3
    2455828.781            9.5            4.2
    2455831.849            7.8            5.1
    2455861.842            9.7            4.2
    2455864.796            8.5            4.4
    2455892.745           11.7            4.9
