    2451745.994            7.0            4.3
    2451778.895            5.6            3.7
    2451808.867           15.3            3.6
    2451853.766            0.6            4.1
    2451856.801            2.5            4.6
    2451898.637            7.1            8.0
    2451932.609           -4.3            3.9
    2452163.861            4.9            4.9
    2452175.851            8.0            4.0
    2452307.598           10.0            4.5
    2452465.989            5.1            5.3
    2452483.985            1.4            5.0
    2452494.987            7.5            5.0
    2452517.936            7.8            5.2
     2452528.91           -2.8            5.2
     2452530.91            3.3            4.5
    2452541.904            3.0            4.5
    2452543.883           11.2            5.0
    2452559.914           13.1            6.4
    2452561.795           11.8            8.4
    2452571.791           20.0            5.0
     2452589.81            9.3            5.7
    2452603.782            0.6            4.9
    2452605.724            2.5            4.8
    2452616.772            4.8            5.9
    2452665.604            9.8            4.2
    2452668.611            1.7            5.3
    2452837.972            7.6            5.4
    2452861.963           10.3            4.1
    2452863.985            9.7            5.2
    2452879.918           -2.8            4.2
    2452880.947           -4.3            5.0
    2452898.911            3.9            4.7
    2452900.928           13.1            4.8
    2452932.839            1.7            4.3
    2452934.804           -0.0            4.6
    2452963.753            1.7            5.2
    2452965.809            9.7            5.4
     2453022.63            7.8            5.6
     2453208.01            0.3            3.8
    2453209.978           -5.2            3.7
    2453214.961            8.6            4.2
    2453231.961           14.1            4.0
    2453233.909            6.7            3.9
     2453235.96           -3.7            4.2
    2453265.899            1.2            3.8
    2453268.919           12.8            4.0
     2453269.81           10.8            3.5
    2453286.828            8.9            3.8
    2453324.713            9.9            5.5
    2453354.654           -0.5            3.8
    2453400.642           16.2            7.5
    2453550.983           -4.5            4.4
    2453578.964           -2.4            4.6
    2453613.923            4.2            4.2
    2453654.771            7.8            4.1
    2453701.724            9.2            4.6
    2453740.745           11.6            4.7
    2453911.993            8.7            3.6
    2453917.013            6.9            3.9
    2453934.974           -3.3            3.9
    2453968.925            6.9            3.2
    2453981.851            2.5            3.8
    2453985.899           -0.9            4.0
    2454055.755            1.2            3.9
    2454297.975            5.8            4.1
    2454300.974            0.7            4.0
    2454314.939           -3.1            3.6
    2454318.981            1.5            4.2
    2454344.859            5.7            4.3
    2454348.917           11.1            4.0
    2454391.887           10.3            5.4
    2454394.775           -2.2            4.2
    2454418.777            2.9            4.5
    2454420.763           -5.4            4.2
    2454440.653            6.7            3.4
    2454443.651            4.1            3.6
    2454481.638            5.5            3.9
    2454503.651            3.8            4.3
    2454645.984           -0.4            4.5
    2454646.968            1.6            4.2
    2454668.009            0.5            3.7
    2454681.904           -1.7            3.8
     2454683.97           -3.5            3.8
    2454711.893            6.1            4.1
    2454713.873            9.8            4.2
    2454715.882           10.9            4.6
    2454716.875           14.6            4.1
    2454753.885           -0.9            3.6
     2454755.85            7.0            3.8
    2454777.733            1.1            4.1
    2454806.796            7.8            5.5
     2454808.77            6.7            4.3
    2454809.763           13.5            6.1
    2455026.973            0.3            5.7
    2455063.965            5.9            5.0
    2455099.996           13.1            4.9
    2455116.856            3.8            6.8
    2455154.739           12.6            7.6
    2455174.788            9.9            5.8
    2455364.972           11.8            5.0
    2455419.012            1.7            4.7
    2455446.847           -2.7            3.6
    2455446.856           -3.2            3.1
    2455463.833            3.2            5.2
    2455466.842            8.8            4.8
    2455569.653            3.0            4.1
    2455571.713            4.9            4.6
    2455572.671           10.0            4.8
    2455621.621            2.1            4.6
    2455757.974            6.9            5.0
    2455803.919            0.4            4.3
    2455806.936            8.1            4.3
    2455828.781           -1.4            4.2
    2455831.849            3.1            5.1
    2455861.842           13.4            4.2
    2455864.796            7.7            4.4
    2455892.745            6.4            4.9
