    2451745.994           15.8            4.3
    2451778.895           -1.0            3.7
    2451808.867           -9.4            3.6
    2451853.766            8.6            4.1
    2451856.801            5.1            4.6
    2451898.637           16.1            8.0
    2451932.609           -2.0            3.9
    2452163.861            4.7            4.9
    2452175.851           -1.7            4.0
    2452307.598            9.4            4.5
    2452465.989            7.9            5.3
    2452483.985            5.0            5.0
    2452494.987           -1.6            5.0
    2452517.936           15.6            5.2
     2452528.91            8.0            5.2
     2452530.91           14.1            4.5
    2452541.904            4.6            4.5
    2452543.883            8.1            5.0
    2452559.914            9.6            6.4
    2452561.795            5.9            8.4
    2452571.791            4.8            5.0
     2452589.81            3.4            5.7
    2452603.782           12.7            4.9
    2452605.724            6.3            4.8
    2452616.772            2.9            5.9
    2452665.604           -2.0            4.2
    2452668.611            8.8            5.3
    2452837.972            5.8            5.4
    2452861.963            4.9            4.1
    2452863.985            0.9            5.2
    2452879.918            4.0            4.2
    2452880.947            4.5            5.0
    2452898.911            7.0            4.7
    2452900.928           13.2            4.8
    2452932.839            6.0            4.3
    2452934.804            0.9            4.6
    2452963.753           -6.6            5.2
    2452965.809           -5.8            5.4
     2453022.63            5.2            5.6
     2453208.01            4.1            3.8
    2453209.978            2.9            3.7
    2453214.961           -8.3            4.2
    2453231.961            0.1            4.0
    2453233.909            7.0            3.9
     2453235.96           13.1            4.2
    2453265.899           -3.8            3.8
    2453268.919           -2.7            4.0
     2453269.81            1.2            3.5
    2453286.828            3.0            3.8
    2453324.713            5.8            5.5
    2453354.654           -0.2            3.8
    2453400.642            6.2            7.5
    2453550.983            0.9            4.4
    2453578.964            4.8            4.6
    2453613.923            1.0            4.2
    2453654.771          -11.1            4.1
    2453701.724            3.0            4.6
    2453740.745           12.3            4.7
    2453911.993           15.8            3.6
    2453917.013           -4.3            3.9
    2453934.974            4.1            3.9
    2453968.925            1.2            3.2
    2453981.851           16.0            3.8
    2453985.899           -0.6            4.0
    2454055.755            0.7            3.9
    2454297.975           11.3            4.1
    2454300.974            0.4            4.0
    2454314.939           -5.0            3.6
    2454318.981           -4.4            4.2
    2454344.859            3.5            4.3
    2454348.917            8.2            4.0
    2454391.887            9.7            5.4
    2454394.775           10.2            4.2
    2454418.777            7.9            4.5
    2454420.763           10.5            4.2
    2454440.653           -6.1            3.4
    2454443.651            5.0            3.6
    2454481.638           -2.5            3.9
    2454503.651            2.2            4.3
    2454645.984            8.3            4.5
    2454646.968            5.8            4.2
    2454668.009           11.3            3.7
    2454681.904           10.5            3.8
     2454683.97            8.0            3.8
    2454711.893            8.5            4.1
    2454713.873            8.2            4.2
    2454715.882            8.2            4.6
    2454716.875            1.7            4.1
    2454753.885           -6.4            3.6
     2454755.85          -13.4            3.8
    2454777.733           12.5            4.1
    2454806.796            5.6            5.5
     2454808.77           -0.8            4.3
    2454809.763            3.8            6.1
    2455026.973            7.0            5.7
    2455063.965            7.0            5.0
    2455099.996           -0.7            4.9
    2455116.856            7.8            6.8
    2455154.739            0.8            7.6
    2455174.788           10.1            5.8
    2455364.972           10.8            5.0
    2455419.012           -4.5            4.7
    2455446.847           -3.5            3.6
    2455446.856           -4.2            3.1
    2455463.833            6.4            5.2
    2455466.842           18.7            4.8
    2455569.653            0.1            4.1
    2455571.713            2.9            4.6
    2455572.671           -2.2            4.8
    2455621.621            2.9            4.6
    2455757.974           11.6            5.0
    2455803.919           11.5            4.3
    2455806.936            5.3            4.3
    2455828.781            9.6            4.2
    2455831.849            0.7            5.1
    2455861.842           -5.0            4.2
    2455864.796            0.8            4.4
    2455892.745            6.0            4.9
