    2451745.994           12.2            4.3
    2451778.895            7.3            3.7
    2451808.867           -6.8            3.6
    2451853.766            4.9            4.1
    2451856.801            9.3            4.6
    2451898.637           15.0            8.0
    2451932.609           13.9            3.9
    2452163.861           -6.6            4.9
    2452175.851            5.3            4.0
    2452307.598            5.7            4.5
    2452465.989            1.3            5.3
    2452483.985            0.4            5.0
    2452494.987            0.3            5.0
    2452517.936            2.5            5.2
     2452528.91            1.2            5.2
     2452530.91           -4.4            4.5
    2452541.904            3.2            4.5
    2452543.883            2.3            5.0
    2452559.914           -0.7            6.4
    2452561.795            2.7            8.4
    2452571.791           11.9            5.0
     2452589.81            1.8            5.7
    2452603.782           -6.0            4.9
    2452605.724            4.5            4.8
    2452616.772            8.2            5.9
    2452665.604           -2.5            4.2
    2452668.611           -5.9            5.3
    2452837.972            9.7            5.4
    2452861.963            5.8            4.1
    2452863.985            8.4            5.2
    2452879.918            3.3            4.2
    2452880.947           -2.5            5.0
    2452898.911            3.3            4.7
    2452900.928           10.7            4.8
    2452932.839            2.6            4.3
    2452934.804            5.5            4.6
    2452963.753           -3.4            5.2
    2452965.809            0.0            5.4
     2453022.63            9.2            5.6
     2453208.01           -4.1            3.8
    2453209.978           -5.1            3.7
    2453214.961            4.7            4.2
    2453231.961            2.4            4.0
    2453233.909            0.8            3.9
     2453235.96            5.4            4.2
    2453265.899            5.2            3.8
    2453268.919            8.1            4.0
     2453269.81           -5.1            3.5
    2453286.828           11.7            3.8
    2453324.713            8.4            5.5
    2453354.654           -3.7            3.8
    2453400.642            7.4            7.5
    2453550.983           15.5            4.4
    2453578.964            2.5            4.6
    2453613.923           -7.9            4.2
    2453654.771           12.4            4.1
    2453701.724           16.5            4.6
    2453740.745           -6.1            4.7
    2453911.993            7.9            3.6
    2453917.013            9.6            3.9
    2453934.974            5.4            3.9
    2453968.925           -2.7            3.2
    2453981.851            5.6            3.8
    2453985.899            9.1            4.0
    2454055.755            5.5            3.9
    2454297.975            1.4            4.1
    2454300.974           10.2            4.0
    2454314.939           11.9            3.6
    2454318.981           14.3            4.2
    2454344.859            4.0            4.3
    2454348.917            2.7            4.0
    2454391.887           10.9            5.4
    2454394.775            1.0            4.2
    2454418.777           11.6            4.5
    2454420.763           12.4            4.2
    2454440.653           11.0            3.4
    2454443.651           10.7            3.6
    2454481.638           -0.6            3.9
    2454503.651            1.2            4.3
    2454645.984          -10.3            4.5
    2454646.968           -5.4            4.2
    2454668.009            6.1            3.7
    2454681.904           -6.3            3.8
     2454683.97           -2.5            3.8
    2454711.893            6.7            4.1
    2454713.873           10.4            4.2
    2454715.882            6.9            4.6
    2454716.875            0.5            4.1
    2454753.885            7.0            3.6
     2454755.85            4.2            3.8
    2454777.733            2.9            4.1
    2454806.796            9.5            5.5
     2454808.77            3.4            4.3
    2454809.763           11.6            6.1
    2455026.973           15.7            5.7
    2455063.965            0.4            5.0
    2455099.996           14.7            4.9
    2455116.856           -2.0            6.8
    2455154.739           -1.2            7.6
    2455174.788            5.8            5.8
    2455364.972            6.5            5.0
    2455419.012           -0.6            4.7
    2455446.847            6.0            3.6
    2455446.856            5.4            3.1
    2455463.833           11.0            5.2
    2455466.842           19.9            4.8
    2455569.653           -2.7            4.1
    2455571.713           -0.4            4.6
    2455572.671            6.8            4.8
    2455621.621           -1.5            4.6
    2455757.974            9.1            5.0
    2455803.919            9.3            4.3
    2455806.936           -3.3            4.3
    2455828.781            8.4            4.2
    2455831.849            1.5            5.1
    2455861.842           11.0            4.2
    2455864.796           -3.6            4.4
    2455892.745           14.5            4.9
