    2451745.994           -7.6            4.3
    2451778.895            9.1            3.7
    2451808.867           -2.9            3.6
    2451853.766            7.3            4.1
    2451856.801            4.5            4.6
    2451898.637           13.6            8.0
    2451932.609           -0.8            3.9
    2452163.861            5.4            4.9
    2452175.851            9.5            4.0
    2452307.598           24.1            4.5
    2452465.989            7.8            5.3
    2452483.985           -1.2            5.0
    2452494.987           -4.7            5.0
    2452517.936            0.1            5.2
     2452528.91            9.4            5.2
     2452530.91           -5.7            4.5
    2452541.904           15.7            4.5
    2452543.883           15.3            5.0
    2452559.914           14.8            6.4
    2452561.795           22.5            8.4
    2452571.791           24.1            5.0
     2452589.81           12.1            5.7
    2452603.782           -1.5            4.9
    2452605.724           -0.0            4.8
    2452616.772            0.8            5.9
    2452665.604           15.6            4.2
    2452668.611            8.8            5.3
    2452837.972           -1.4            5.4
    2452861.963           12.9            4.1
    2452863.985           21.1            5.2
    2452879.918            8.8            4.2
    2452880.947           -2.2            5.0
    2452898.911           15.8            4.7
    2452900.928            2.7            4.8
    2452932.839            9.5            4.3
    2452934.804           19.8            4.6
    2452963.753            5.8            5.2
    2452965.809           12.5            5.4
     2453022.63            1.6            5.6
     2453208.01           -6.1            3.8
    2453209.978           12.0            3.7
    2453214.961            0.3            4.2
    2453231.961           -4.1            4.0
    2453233.909           -3.5            3.9
     2453235.96           -2.9            4.2
    2453265.899            5.1            3.8
    2453268.919           -6.7            4.0
     2453269.81           -0.7            3.5
    2453286.828           -5.5            3.8
    2453324.713           -6.6            5.5
    2453354.654            7.0            3.8
    2453400.642           11.2            7.5
    2453550.983           -8.8            4.4
    2453578.964           -5.2            4.6
    2453613.923            4.9            4.2
    2453654.771            1.9            4.1
    2453701.724            8.7            4.6
    2453740.745           -0.5            4.7
    2453911.993            4.6            3.6
    2453917.013           -6.3            3.9
    2453934.974           -5.1            3.9
    2453968.925           11.4            3.2
    2453981.851           -2.7            3.8
    2453985.899           11.3            4.0
    2454055.755           -9.0            3.9
    2454297.975            0.9            4.1
    2454300.974            6.5            4.0
    2454314.939            4.6            3.6
    2454318.981            8.3            4.2
    2454344.859           -5.2            4.3
    2454348.917           13.1            4.0
    2454391.887            0.6            5.4
    2454394.775            9.0            4.2
    2454418.777          -11.1            4.5
    2454420.763            1.8            4.2
    2454440.653           11.5            3.4
    2454443.651            0.3            3.6
    2454481.638          -11.2            3.9
    2454503.651           11.2            4.3
    2454645.984            1.0            4.5
    2454646.968           -7.1            4.2
    2454668.009            8.1            3.7
    2454681.904           -0.8            3.8
     2454683.97            3.6            3.8
    2454711.893            7.2            4.1
    2454713.873           -2.1            4.2
    2454715.882           -0.9            4.6
    2454716.875            0.8            4.1
    2454753.885           -5.5            3.6
     2454755.85           -4.6            3.8
    2454777.733           19.2            4.1
    2454806.796           -0.2            5.5
     2454808.77            5.3            4.3
    2454809.763           -6.8            6.1
    2455026.973           21.7            5.7
    2455063.965           -6.2            5.0
    2455099.996            2.4            4.9
    2455116.856           10.0            6.8
    2455154.739            9.2            7.6
    2455174.788           -4.1            5.8
    2455364.972           10.9            5.0
    2455419.012            6.1            4.7
    2455446.847           -0.4            3.6
    2455446.856           -0.8            3.1
    2455463.833            5.9            5.2
    2455466.842           -6.7            4.8
    2455569.653            3.8            4.1
    2455571.713           13.0            4.6
    2455572.671            7.2            4.8
    2455621.621           -1.6            4.6
    2455757.974            6.1            5.0
    2455803.919            4.3            4.3
    2455806.936            3.7            4.3
    2455828.781           13.3            4.2
    2455831.849            7.2            5.1
    2455861.842            6.5            4.2
    2455864.796            6.3            4.4
    2455892.745           -1.5            4.9
