    2451745.994           -7.7            4.3
    2451778.895           -2.6            3.7
    2451808.867            8.9            3.6
    2451853.766            7.5            4.1
    2451856.801            9.7            4.6
    2451898.637           11.5            8.0
    2451932.609           -4.7            3.9
    2452163.861           -0.2            4.9
    2452175.851           13.2            4.0
    2452307.598            6.0            4.5
    2452465.989            6.2            5.3
    2452483.985            5.5            5.0
    2452494.987           10.4            5.0
    2452517.936           -3.3            5.2
     2452528.91            4.3            5.2
     2452530.91           13.3            4.5
    2452541.904            5.4            4.5
    2452543.883           10.6            5.0
    2452559.914            8.2            6.4
    2452561.795            1.1            8.4
    2452571.791            7.3            5.0
     2452589.81           14.8            5.7
    2452603.782            6.7            4.9
    2452605.724           -0.1            4.8
    2452616.772           14.0            5.9
    2452665.604            5.7            4.2
    2452668.611            7.0            5.3
    2452837.972            4.8            5.4
    2452861.963            2.5            4.1
    2452863.985            5.2            5.2
    2452879.918            2.2            4.2
    2452880.947           -0.3            5.0
    2452898.911           10.6            4.7
    2452900.928            1.9            4.8
    2452932.839            5.0            4.3
    2452934.804           10.3            4.6
    2452963.753            7.0            5.2
    2452965.809            4.6            5.4
     2453022.63            3.6            5.6
     2453208.01           10.9            3.8
    2453209.978            8.5            3.7
    2453214.961            4.0            4.2
    2453231.961            1.6            4.0
    2453233.909           -3.0            3.9
     2453235.96           -0.2            4.2
    2453265.899           -2.3            3.8
    2453268.919           -1.9            4.0
     2453269.81            2.6            3.5
    2453286.828            3.1            3.8
    2453324.713            5.4            5.5
    2453354.654           11.9            3.8
    2453400.642           13.5            7.5
    2453550.983           -3.8            4.4
    2453578.964            7.7            4.6
    2453613.923            3.6            4.2
    2453654.771            8.9            4.1
    2453701.724           13.1            4.6
    2453740.745           -4.7            4.7
    2453911.993            2.3            3.6
    2453917.013           -4.1            3.9
    2453934.974            9.5            3.9
    2453968.925            5.0            3.2
    2453981.851           10.6            3.8
    2453985.899           13.2            4.0
    2454055.755           -1.4            3.9
    2454297.975           15.1            4.1
    2454300.974            6.7            4.0
    2454314.939          -11.5            3.6
    2454318.981            4.8            4.2
    2454344.859            3.9            4.3
    2454348.917            6.2            4.0
    2454391.887           18.3            5.4
    2454394.775           11.4            4.2
    2454418.777            4.6            4.5
    2454420.763            0.3            4.2
    2454440.653            3.2            3.4
    2454443.651            2.2            3.6
    2454481.638           11.9            3.9
    2454503.651           -1.4            4.3
    2454645.984            3.8            4.5
    2454646.968           13.6            4.2
    2454668.009            1.7            3.7
    2454681.904            4.8            3.8
     2454683.97           -1.9            3.8
    2454711.893            6.8            4.1
    2454713.873           -0.5            4.2
    2454715.882            0.3            4.6
    2454716.875            3.1            4.1
    2454753.885            2.6            3.6
     2454755.85            6.5            3.8
    2454777.733            8.1            4.1
    2454806.796            8.4            5.5
     2454808.77            1.4            4.3
    2454809.763           11.5            6.1
    2455026.973            8.5            5.7
    2455063.965            7.7            5.0
    2455099.996            6.1            4.9
    2455116.856           10.5            6.8
    2455154.739            9.3            7.6
    2455174.788            4.7            5.8
    2455364.972            6.8            5.0
    2455419.012           10.5            4.7
    2455446.847           -2.7            3.6
    2455446.856           -3.3            3.1
    2455463.833            8.2            5.2
    2455466.842            8.6            4.8
    2455569.653            3.9            4.1
    2455571.713            8.6            4.6
    2455572.671            0.3            4.8
    2455621.621           -1.0            4.6
    2455757.974           10.6            5.0
    2455803.919            7.0            4.3
    2455806.936            7.0            4.3
    2455828.781           11.7            4.2
    2455831.849            6.2            5.1
    2455861.842            2.2            4.2
    2455864.796           -0.3            4.4
    2455892.745           -7.8            4.9
