    2451745.994           -5.2            4.3
    2451778.895           15.5            3.7
    2451808.867          -16.2            3.6
    2451853.766           10.7            4.1
    2451856.801           22.2            4.6
    2451898.637           -1.5            8.0
    2451932.609           -3.2            3.9
    2452163.861            7.9            4.9
    2452175.851           13.4            4.0
    2452307.598           -4.0            4.5
    2452465.989           -7.3            5.3
    2452483.985            6.9            5.0
    2452494.987           -5.1            5.0
    2452517.936           -7.5            5.2
     2452528.91           -8.8            5.2
     2452530.91            8.9            4.5
    2452541.904            9.1            4.5
    2452543.883           -0.2            5.0
    2452559.914            6.4            6.4
    2452561.795            4.0            8.4
    2452571.791           -6.4            5.0
     2452589.81            3.9            5.7
    2452603.782           -6.1            4.9
    2452605.724            6.3            4.8
    2452616.772            7.7            5.9
    2452665.604           20.4            4.2
    2452668.611           16.2            5.3
    2452837.972            3.7            5.4
    2452861.963           20.2            4.1
    2452863.985           11.4            5.2
    2452879.918           -5.5            4.2
    2452880.947           -3.7            5.0
    2452898.911           13.1            4.7
    2452900.928           -8.6            4.8
    2452932.839           -9.4            4.3
    2452934.804          -10.6            4.6
    2452963.753           -4.3            5.2
    2452965.809            5.6            5.4
     2453022.63           10.5            5.6
     2453208.01           -0.5            3.8
    2453209.978           14.6            3.7
    2453214.961           -3.6            4.2
    2453231.961           -4.5            4.0
    2453233.909           12.5            3.9
     2453235.96           15.5            4.2
    2453265.899            8.2            3.8
    2453268.919            1.7            4.0
     2453269.81            0.3            3.5
    2453286.828            1.3            3.8
    2453324.713            1.1            5.5
    2453354.654           16.5            3.8
    2453400.642           18.4            7.5
    2453550.983            7.9            4.4
    2453578.964            8.3            4.6
    2453613.923            9.5            4.2
    2453654.771           -6.5            4.1
    2453701.724            2.0            4.6
    2453740.745           -1.0            4.7
    2453911.993            6.8            3.6
    2453917.013          -10.6            3.9
    2453934.974           -0.6            3.9
    2453968.925           -9.4            3.2
    2453981.851            3.1            3.8
    2453985.899            1.4            4.0
    2454055.755           -5.7            3.9
    2454297.975           -6.6            4.1
    2454300.974            0.9            4.0
    2454314.939            2.1            3.6
    2454318.981           10.5            4.2
    2454344.859           13.4            4.3
    2454348.917            1.9            4.0
    2454391.887           11.1            5.4
    2454394.775            0.3            4.2
    2454418.777           -9.5            4.5
    2454420.763           -2.5            4.2
    2454440.653           -1.9            3.4
    2454443.651            4.7            3.6
    2454481.638           -8.9            3.9
    2454503.651           10.0            4.3
    2454645.984           -7.6            4.5
    2454646.968            6.2            4.2
    2454668.009            6.5            3.7
    2454681.904            8.5            3.8
     2454683.97            3.2            3.8
    2454711.893           -7.3            4.1
    2454713.873            6.8            4.2
    2454715.882            6.1            4.6
    2454716.875           14.3            4.1
    2454753.885           15.1            3.6
     2454755.85           -8.4            3.8
    2454777.733           -0.9            4.1
    2454806.796            6.8            5.5
     2454808.77           16.9            4.3
    2454809.763           -3.9            6.1
    2455026.973           12.9            5.7
    2455063.965           -6.8            5.0
    2455099.996           15.9            4.9
    2455116.856            7.6            6.8
    2455154.739           19.3            7.6
    2455174.788           11.9            5.8
    2455364.972           12.4            5.0
    2455419.012           20.1            4.7
    2455446.847           -7.6            3.6
    2455446.856           -7.9            3.1
    2455463.833           -0.5            5.2
    2455466.842          -11.1            4.8
    2455569.653           12.9            4.1
    2455571.713           23.9            4.6
    2455572.671            8.7            4.8
    2455621.621           -4.3            4.6
    2455757.974            1.4            5.0
    2455803.919          -10.3            4.3
    2455806.936           -9.3            4.3
    2455828.781            4.2            4.2
    2455831.849           12.7            5.1
    2455861.842           -5.5            4.2
    2455864.796            7.4            4.4
    2455892.745          -12.5            4.9
