    2451745.994            0.9            4.3
    2451778.895           -1.4            3.7
    2451808.867           -6.5            3.6
    2451853.766            3.7            4.1
    2451856.801           -0.3            4.6
    2451898.637           14.3            8.0
    2451932.609           11.3            3.9
    2452163.861            0.5            4.9
    2452175.851            3.7            4.0
    2452307.598            4.0            4.5
    2452465.989            2.8            5.3
    2452483.985            4.0            5.0
    2452494.987           -0.9            5.0
    2452517.936            7.6            5.2
     2452528.91           10.7            5.2
     2452530.91           -1.6            4.5
    2452541.904            0.3            4.5
    2452543.883           13.4            5.0
    2452559.914           11.5            6.4
    2452561.795           10.3            8.4
    2452571.791           -2.2            5.0
     2452589.81            4.5            5.7
    2452603.782           -1.0            4.9
    2452605.724            3.9            4.8
    2452616.772            9.3            5.9
    2452665.604            7.1            4.2
    2452668.611            1.6            5.3
    2452837.972            7.3            5.4
    2452861.963            5.7            4.1
    2452863.985            3.8            5.2
    2452879.918           -1.2            4.2
    2452880.947            6.6            5.0
    2452898.911            9.5            4.7
    2452900.928            4.5            4.8
    2452932.839            8.7            4.3
    2452934.804           -0.8            4.6
    2452963.753            3.1            5.2
    2452965.809            4.5            5.4
     2453022.63            3.8            5.6
     2453208.01            8.0            3.8
    2453209.978            0.7            3.7
    2453214.961            8.7            4.2
    2453231.961            7.4            4.0
    2453233.909            1.8            3.9
     2453235.96            6.4            4.2
    2453265.899            9.8            3.8
    2453268.919            6.5            4.0
     2453269.81           13.0            3.5
    2453286.828           -3.1            3.8
    2453324.713            7.1            5.5
    2453354.654            8.1            3.8
    2453400.642            6.4            7.5
    2453550.983            3.0            4.4
    2453578.964            3.6            4.6
    2453613.923           10.3            4.2
    2453654.771            7.6            4.1
    2453701.724            7.6            4.6
    2453740.745            6.2            4.7
    2453911.993            2.8            3.6
    2453917.013            2.8            3.9
    2453934.974            0.2            3.9
    2453968.925            6.5            3.2
    2453981.851           -1.6            3.8
    2453985.899            5.4            4.0
    2454055.755            6.9            3.9
    2454297.975            4.7            4.1
    2454300.974            6.7            4.0
    2454314.939            5.9            3.6
    2454318.981            1.5            4.2
    2454344.859           -2.9            4.3
    2454348.917            1.2            4.0
    2454391.887            5.7            5.4
    2454394.775            8.0            4.2
    2454418.777            5.4            4.5
    2454420.763            8.0            4.2
    2454440.653           -1.1            3.4
    2454443.651            2.5            3.6
    2454481.638            0.6            3.9
    2454503.651            7.0            4.3
    2454645.984            3.0            4.5
    2454646.968            4.7            4.2
    2454668.009            1.3            3.7
    2454681.904           -4.0            3.8
     2454683.97            2.5            3.8
    2454711.893           -0.8            4.1
    2454713.873            7.2            4.2
    2454715.882           -3.0            4.6
    2454716.875            4.2            4.1
    2454753.885           -4.0            3.6
     2454755.85            2.3            3.8
    2454777.733            2.6            4.1
    2454806.796            5.8            5.5
     2454808.77            3.2            4.3
    2454809.763           13.0            6.1
    2455026.973           -0.0            5.7
    2455063.965           -2.1            5.0
    2455099.996            4.2            4.9
    2455116.856            6.6            6.8
    2455154.739            6.3            7.6
    2455174.788            5.9            5.8
    2455364.972            3.3            5.0
    2455419.012            6.6            4.7
    2455446.847            7.6            3.6
    2455446.856            7.1            3.1
    2455463.833            1.6            5.2
    2455466.842            4.8            4.8
    2455569.653            3.5            4.1
    2455571.713            1.3            4.6
    2455572.671            6.7            4.8
    2455621.621            4.9            4.6
    2455757.974            8.9            5.0
    2455803.919            1.9            4.3
    2455806.936            3.7            4.3
    2455828.781           11.3            4.2
    2455831.849            8.9            5.1
    2455861.842            7.3            4.2
    2455864.796           12.6            4.4
    2455892.745           -2.8            4.9
