    2451745.994            5.2            4.3
    2451778.895            6.4            3.7
    2451808.867            3.2            3.6
    2451853.766            2.2            4.1
    2451856.801            3.8            4.6
    2451898.637            2.1            8.0
    2451932.609            7.8            3.9
    2452163.861           -1.4            4.9
    2452175.851            3.5            4.0
    2452307.598            7.0            4.5
    2452465.989            1.2            5.3
    2452483.985            6.1            5.0
    2452494.987            1.0            5.0
    2452517.936            4.3            5.2
     2452528.91            5.7            5.2
     2452530.91            3.4            4.5
    2452541.904            5.7            4.5
    2452543.883            5.9            5.0
    2452559.914            3.2            6.4
    2452561.795            7.8            8.4
    2452571.791            6.2            5.0
     2452589.81            0.7            5.7
    2452603.782            5.6            4.9
    2452605.724            4.8            4.8
    2452616.772           11.1            5.9
    2452665.604            4.8            4.2
    2452668.611            5.6            5.3
    2452837.972            8.6            5.4
    2452861.963            2.2            4.1
    2452863.985            5.5            5.2
    2452879.918            4.9            4.2
    2452880.947            9.3            5.0
    2452898.911            1.0            4.7
    2452900.928            4.4            4.8
    2452932.839            8.1            4.3
    2452934.804            3.1            4.6
    2452963.753            6.4            5.2
    2452965.809            1.9            5.4
     2453022.63            4.4            5.6
     2453208.01            2.2            3.8
    2453209.978            0.5            3.7
    2453214.961            1.8            4.2
    2453231.961            3.2            4.0
    2453233.909            5.3            3.9
     2453235.96            1.7            4.2
    2453265.899            1.8            3.8
    2453268.919            6.0            4.0
     2453269.81            7.3            3.5
    2453286.828            6.9            3.8
    2453324.713            6.7            5.5
    2453354.654            0.2            3.8
    2453400.642            4.1            7.5
    2453550.983            7.5            4.4
    2453578.964            7.2            4.6
    2453613.923            3.3            4.2
    2453654.771            6.0            4.1
    2453701.724            1.8            4.6
    2453740.745            3.5            4.7
    2453911.993            5.7            3.6
    2453917.013            5.7            3.9
    2453934.974            7.3            3.9
    2453968.925            3.1            3.2
    2453981.851            2.6            3.8
    2453985.899            6.7            4.0
    2454055.755           -0.7            3.9
    2454297.975            3.8            4.1
    2454300.974            5.8            4.0
    2454314.939            7.1            3.6
    2454318.981            1.3            4.2
    2454344.859            6.7            4.3
    2454348.917            0.6            4.0
    2454391.887            4.6            5.4
    2454394.775            1.1            4.2
    2454418.777            6.2            4.5
    2454420.763            7.2            4.2
    2454440.653            8.8            3.4
    2454443.651            3.7            3.6
    2454481.638            2.2            3.9
    2454503.651            0.3            4.3
    2454645.984            4.3            4.5
    2454646.968            8.6            4.2
    2454668.009            5.6            3.7
    2454681.904            0.5            3.8
     2454683.97            5.8            3.8
    2454711.893            2.2            4.1
    2454713.873            3.3            4.2
    2454715.882            3.2            4.6
    2454716.875            1.1            4.1
    2454753.885            2.6            3.6
     2454755.85            2.0            3.8
    2454777.733            7.9            4.1
    2454806.796            3.3            5.5
     2454808.77            9.4            4.3
    2454809.763           11.9            6.1
    2455026.973           -0.1            5.7
    2455063.965           -0.1            5.0
    2455099.996            4.2            4.9
    2455116.856           10.8            6.8
    2455154.739           13.8            7.6
    2455174.788            2.9            5.8
    2455364.972           -0.9            5.0
    2455419.012            8.9            4.7
    2455446.847            1.6            3.6
    2455446.856            1.0            3.1
    2455463.833            9.2            5.2
    2455466.842            7.1            4.8
    2455569.653           -0.1            4.1
    2455571.713            0.7            4.6
    2455572.671            5.6            4.8
    2455621.621            4.7            4.6
    2455757.974            7.4            5.0
    2455803.919            6.5            4.3
    2455806.936            5.3            4.3
    2455828.781            1.5            4.2
    2455831.849            9.0            5.1
    2455861.842            6.6            4.2
    2455864.796           -2.5            4.4
    2455892.745            6.3            4.9
