    2451745.994           12.8            4.3
    2451778.895            7.9            3.7
    2451808.867            1.4            3.6
    2451853.766           -0.6            4.1
    2451856.801            0.1            4.6
    2451898.637            3.3            8.0
    2451932.609            5.2            3.9
    2452163.861            5.4            4.9
    2452175.851            6.6            4.0
    2452307.598           18.6            4.5
    2452465.989            5.0            5.3
    2452483.985           12.4            5.0
    2452494.987            4.1            5.0
    2452517.936           13.4            5.2
     2452528.91            9.7            5.2
     2452530.91            5.8            4.5
    2452541.904            5.1            4.5
    2452543.883           12.3            5.0
    2452559.914            9.5            6.4
    2452561.795            8.5            8.4
    2452571.791            8.8            5.0
     2452589.81            1.2            5.7
    2452603.782           -1.9            4.9
    2452605.724            1.7            4.8
    2452616.772            0.9            5.9
    2452665.604            0.1            4.2
    2452668.611            4.4            5.3
    2452837.972            5.2            5.4
    2452861.963            3.0            4.1
    2452863.985            7.2            5.2
    2452879.918            3.7            4.2
    2452880.947            7.2            5.0
    2452898.911            3.3            4.7
    2452900.928           12.3            4.8
    2452932.839            5.5            4.3
    2452934.804           11.9            4.6
    2452963.753           -4.6            5.2
    2452965.809           -2.2            5.4
     2453022.63            0.8            5.6
     2453208.01            3.3            3.8
    2453209.978            2.4            3.7
    2453214.961            6.8            4.2
    2453231.961           10.4            4.0
    2453233.909            2.4            3.9
     2453235.96           -0.6            4.2
    2453265.899            3.7            3.8
    2453268.919            1.6            4.0
     2453269.81           -5.7            3.5
    2453286.828            4.7            3.8
    2453324.713           11.4            5.5
    2453354.654            5.4            3.8
    2453400.642           11.1            7.5
    2453550.983           -6.3            4.4
    2453578.964            6.0            4.6
    2453613.923            6.2            4.2
    2453654.771            4.1            4.1
    2453701.724           10.5            4.6
    2453740.745            6.0            4.7
    2453911.993            8.9            3.6
    2453917.013           10.0            3.9
    2453934.974            6.5            3.9
    2453968.925            0.4            3.2
    2453981.851            3.9            3.8
    2453985.899           -4.9            4.0
    2454055.755            2.5            3.9
    2454297.975           11.6            4.1
    2454300.974            5.9            4.0
    2454314.939           -3.6            3.6
    2454318.981            8.2            4.2
    2454344.859            7.6            4.3
    2454348.917           -8.3            4.0
    2454391.887            1.5            5.4
    2454394.775            2.6            4.2
    2454418.777            6.1            4.5
    2454420.763           15.6            4.2
    2454440.653            0.5            3.4
    2454443.651            1.1            3.6
    2454481.638            3.7            3.9
    2454503.651            4.6            4.3
    2454645.984            5.9            4.5
    2454646.968            4.7            4.2
    2454668.009           16.3            3.7
    2454681.904           15.3            3.8
     2454683.97            7.2            3.8
    2454711.893            4.1            4.1
    2454713.873            6.1            4.2
    2454715.882           12.2            4.6
    2454716.875            1.1            4.1
    2454753.885           -0.6            3.6
     2454755.85            2.4            3.8
    2454777.733            4.6            4.1
    2454806.796           -0.5            5.5
     2454808.77           -0.1            4.3
    2454809.763           -1.7            6.1
    2455026.973           10.4            5.7
    2455063.965           18.9            5.0
    2455099.996            8.8            4.9
    2455116.856            6.6            6.8
    2455154.739            6.6            7.6
    2455174.788            1.1            5.8
    2455364.972            7.2            5.0
    2455419.012            0.6            4.7
    2455446.847            8.9            3.6
    2455446.856            8.2            3.1
    2455463.833            1.0            5.2
    2455466.842            1.5            4.8
    2455569.653           10.2            4.1
    2455571.713            2.7            4.6
    2455572.671            5.3            4.8
    2455621.621           -3.8            4.6
    2455757.974            5.7            5.0
    2455803.919            3.6            4.3
    2455806.936            1.7            4.3
    2455828.781           10.0            4.2
    2455831.849            1.3            5.1
    2455861.842           18.7            4.2
    2455864.796           12.0            4.4
    2455892.745            8.0            4.9
