    2451745.994           13.4            4.3
    2451778.895            1.8            3.7
    2451808.867            0.9            3.6
    2451853.766           -5.7            4.1
    2451856.801            5.6            4.6
    2451898.637           15.4            8.0
    2451932.609           -1.1            3.9
    2452163.861            1.5            4.9
    2452175.851           -0.6            4.0
    2452307.598           14.5            4.5
    2452465.989           15.0            5.3
    2452483.985           16.5            5.0
    2452494.987           14.3            5.0
    2452517.936           -3.7            5.2
     2452528.91            1.8            5.2
     2452530.91            4.8            4.5
    2452541.904           -2.3            4.5
    2452543.883           13.5            5.0
    2452559.914           -0.8            6.4
    2452561.795           19.9            8.4
    2452571.791           10.4            5.0
     2452589.81           13.8            5.7
    2452603.782           10.1            4.9
    2452605.724           -5.0            4.8
    2452616.772           -5.7            5.9
    2452665.604           -1.3            4.2
    2452668.611           10.5            5.3
    2452837.972           -0.9            5.4
    2452861.963           12.9            4.1
    2452863.985           -3.0            5.2
    2452879.918           10.2            4.2
    2452880.947           -4.0            5.0
    2452898.911           -6.8            4.7
    2452900.928           14.2            4.8
    2452932.839           12.9            4.3
    2452934.804           -0.6            4.6
    2452963.753           12.2            5.2
    2452965.809           -2.1            5.4
     2453022.63           -4.9            5.6
     2453208.01           12.1            3.8
    2453209.978            2.1            3.7
    2453214.961           12.4            4.2
    2453231.961           11.9            4.0
    2453233.909           -7.5            3.9
     2453235.96           14.6            4.2
    2453265.899           -7.9            3.8
    2453268.919           -0.6            4.0
     2453269.81           -2.4            3.5
    2453286.828           -5.1            3.8
    2453324.713           11.2            5.5
    2453354.654           -2.7            3.8
    2453400.642           -2.9            7.5
    2453550.983           -4.6            4.4
    2453578.964            4.5            4.6
    2453613.923           13.2            4.2
    2453654.771            1.7            4.1
    2453701.724           13.8            4.6
    2453740.745           11.5            4.7
    2453911.993           -2.6            3.6
    2453917.013           13.2            3.9
    2453934.974           12.0            3.9
    2453968.925            1.3            3.2
    2453981.851           -5.8            3.8
    2453985.899           -7.7            4.0
    2454055.755            3.8            3.9
    2454297.975           15.6            4.1
    2454300.974            9.2            4.0
    2454314.939            4.6            3.6
    2454318.981           11.1            4.2
    2454344.859            3.4            4.3
    2454348.917           -2.3            4.0
    2454391.887           -4.3            5.4
    2454394.775           -1.5            4.2
    2454418.777           13.3            4.5
    2454420.763           -3.4            4.2
    2454440.653           -1.2            3.4
    2454443.651            8.9            3.6
    2454481.638           10.6            3.9
    2454503.651           15.3            4.3
    2454645.984           -3.7            4.5
    2454646.968           13.3            4.2
    2454668.009            4.6            3.7
    2454681.904            5.2            3.8
     2454683.97            1.5            3.8
    2454711.893            6.7            4.1
    2454713.873            5.1            4.2
    2454715.882           -1.0            4.6
    2454716.875           -4.4            4.1
    2454753.885           14.2            3.6
     2454755.85           -5.7            3.8
    2454777.733            8.7            4.1
    2454806.796           15.5            5.5
     2454808.77           -6.4            4.3
    2454809.763            8.6            6.1
    2455026.973           -5.1            5.7
    2455063.965           13.8            5.0
    2455099.996           15.4            4.9
    2455116.856           13.7            6.8
    2455154.739           -0.6            7.6
    2455174.788            9.8            5.8
    2455364.972           -2.4            5.0
    2455419.012           -5.4            4.7
    2455446.847           -6.0            3.6
    2455446.856           -6.4            3.1
    2455463.833            5.6            5.2
    2455466.842           13.7            4.8
    2455569.653           12.4            4.1
    2455571.713           -3.7            4.6
    2455572.671           14.0            4.8
    2455621.621            2.3            4.6
    2455757.974           -3.7            5.0
    2455803.919           -5.4            4.3
    2455806.936           -3.8            4.3
    2455828.781           -1.2            4.2
    2455831.849           -6.5            5.1
    2455861.842           12.1            4.2
    2455864.796            5.0            4.4
    2455892.745           -0.5            4.9
