    2451745.994            5.2            4.3
    2451778.895            4.3            3.7
    2451808.867            1.7            3.6
    2451853.766            1.0            4.1
    2451856.801            2.7            4.6
    2451898.637           10.6            8.0
    2451932.609            6.8            3.9
    2452163.861            4.9            4.9
    2452175.851            0.7            4.0
    2452307.598            4.7            4.5
    2452465.989            2.9            5.3
    2452483.985            3.8            5.0
    2452494.987            6.5            5.0
    2452517.936            5.6            5.2
     2452528.91            9.3            5.2
     2452530.91            8.6            4.5
    2452541.904            5.4            4.5
    2452543.883            5.3            5.0
    2452559.914            8.8            6.4
    2452561.795           11.2            8.4
    2452571.791            6.9            5.0
     2452589.81            3.2            5.7
    2452603.782            5.3            4.9
    2452605.724            5.0            4.8
    2452616.772            2.4            5.9
    2452665.604            4.2            4.2
    2452668.611            6.7            5.3
    2452837.972            5.9            5.4
    2452861.963            8.0            4.1
    2452863.985            8.8            5.2
    2452879.918            2.3            4.2
    2452880.947            3.1            5.0
    2452898.911            5.8            4.7
    2452900.928            5.6            4.8
    2452932.839            4.5            4.3
    2452934.804            5.0            4.6
    2452963.753            5.7            5.2
    2452965.809            6.8            5.4
     2453022.63            5.3            5.6
     2453208.01            0.7            3.8
    2453209.978            0.1            3.7
    2453214.961            0.5            4.2
    2453231.961            4.1            4.0
    2453233.909            3.7            3.9
     2453235.96            3.5            4.2
    2453265.899            5.9            3.8
    2453268.919            6.3            4.0
     2453269.81            5.7            3.5
    2453286.828            3.1            3.8
    2453324.713            4.9            5.5
    2453354.654            1.4            3.8
    2453400.642            4.3            7.5
    2453550.983            2.0            4.4
    2453578.964            2.9            4.6
    2453613.923            4.4            4.2
    2453654.771            1.5            4.1
    2453701.724            3.3            4.6
    2453740.745            7.0            4.7
    2453911.993            3.4            3.6
    2453917.013            4.3            3.9
    2453934.974            7.3            3.9
    2453968.925            4.4            3.2
    2453981.851            0.4            3.8
    2453985.899           -0.2            4.0
    2454055.755            3.9            3.9
    2454297.975            4.2            4.1
    2454300.974            4.1            4.0
    2454314.939           -0.0            3.6
    2454318.981            0.4            4.2
    2454344.859            5.1            4.3
    2454348.917            3.7            4.0
    2454391.887            4.9            5.4
    2454394.775            3.8            4.2
    2454418.777            4.7            4.5
    2454420.763            3.4            4.2
    2454440.653            2.6            3.4
    2454443.651            3.6            3.6
    2454481.638            5.0            3.9
    2454503.651            3.0            4.3
    2454645.984            2.8            4.5
    2454646.968            2.4            4.2
    2454668.009            7.5            3.7
    2454681.904            4.4            3.8
     2454683.97            3.9            3.8
    2454711.893            6.1            4.1
    2454713.873            5.3            4.2
    2454715.882            4.8            4.6
    2454716.875            3.8            4.1
    2454753.885            0.8            3.6
     2454755.85            0.3            3.8
    2454777.733            4.7            4.1
    2454806.796            6.0            5.5
     2454808.77            5.7            4.3
    2454809.763            8.0            6.1
    2455026.973            5.4            5.7
    2455063.965            2.5            5.0
    2455099.996            3.7            4.9
    2455116.856            9.0            6.8
    2455154.739           10.4            7.6
    2455174.788            6.1            5.8
    2455364.972            4.7            5.0
    2455419.012            4.0            4.7
    2455446.847            7.5            3.6
    2455446.856            7.0            3.1
    2455463.833            4.9            5.2
    2455466.842            5.0            4.8
    2455569.653            2.4            4.1
    2455571.713            2.9            4.6
    2455572.671            3.2            4.8
    2455621.621            7.3            4.6
    2455757.974            4.9            5.0
    2455803.919            4.0            4.3
    2455806.936            4.8            4.3
    2455828.781            0.0            4.2
    2455831.849            0.9            5.1
    2455861.842            2.0            4.2
    2455864.796            1.8            4.4
    2455892.745            7.3            4.9
