    2451745.994           16.8            4.3
    2451778.895           -8.3            3.7
    2451808.867           -7.6            3.6
    2451853.766            7.4            4.1
    2451856.801           16.8            4.6
    2451898.637           16.9            8.0
    2451932.609           15.8            3.9
    2452163.861           -2.4            4.9
    2452175.851            4.0            4.0
    2452307.598           -3.6            4.5
    2452465.989           16.3            5.3
    2452483.985           -3.4            5.0
    2452494.987           -8.3            5.0
    2452517.936           -6.7            5.2
     2452528.91           -4.5            5.2
     2452530.91           15.8            4.5
    2452541.904           12.4            4.5
    2452543.883            0.2            5.0
    2452559.914           -1.5            6.4
    2452561.795           20.8            8.4
    2452571.791            1.4            5.0
     2452589.81           -5.5            5.7
    2452603.782           12.1            4.9
    2452605.724           -7.1            4.8
    2452616.772           -6.9            5.9
    2452665.604            2.3            4.2
    2452668.611           16.0            5.3
    2452837.972           -4.3            5.4
    2452861.963           12.7            4.1
    2452863.985           -0.3            5.2
    2452879.918           -5.7            4.2
    2452880.947           10.5            5.0
    2452898.911           -8.1            4.7
    2452900.928           12.5            4.8
    2452932.839           -6.4            4.3
    2452934.804           15.5            4.6
    2452963.753           -2.7            5.2
    2452965.809           16.7            5.4
     2453022.63           14.8            5.6
     2453208.01           -3.9            3.8
    2453209.978            5.5            3.7
    2453214.961           -9.4            4.2
    2453231.961           13.6            4.0
    2453233.909           -7.8            3.9
     2453235.96           14.8            4.2
    2453265.899           13.6            3.8
    2453268.919            0.3            4.0
     2453269.81           14.5            3.5
    2453286.828           -2.6            3.8
    2453324.713           -0.1            5.5
    2453354.654           11.7            3.8
    2453400.642            7.6            7.5
    2453550.983            1.2            4.4
    2453578.964           17.6            4.6
    2453613.923            4.7            4.2
    2453654.771           15.4            4.1
    2453701.724            3.7            4.6
    2453740.745           -7.5            4.7
    2453911.993           -8.4            3.6
    2453917.013            2.5            3.9
    2453934.974           -9.3            3.9
    2453968.925           -2.9            3.2
    2453981.851            8.2            3.8
    2453985.899           12.2            4.0
    2454055.755            9.2            3.9
    2454297.975            5.6            4.1
    2454300.974           -5.7            4.0
    2454314.939            5.8            3.6
    2454318.981            1.7            4.2
    2454344.859           12.8            4.3
    2454348.917           10.5            4.0
    2454391.887           -1.3            5.4
    2454394.775           12.4            4.2
    2454418.777           -7.5            4.5
    2454420.763           13.6            4.2
    2454440.653            4.5            3.4
    2454443.651           12.4            3.6
    2454481.638           17.0            3.9
    2454503.651            4.4            4.3
    2454645.984           11.5            4.5
    2454646.968           -4.5            4.2
    2454668.009           11.9            3.7
    2454681.904           -5.0            3.8
     2454683.97           16.5            3.8
    2454711.893           -3.9            4.1
    2454713.873           13.8            4.2
    2454715.882           -5.7            4.6
    2454716.875            0.3            4.1
    2454753.885           -7.6            3.6
     2454755.85           12.2            3.8
    2454777.733            0.4            4.1
    2454806.796            3.7            5.5
     2454808.77           10.1            4.3
    2454809.763           17.0            6.1
    2455026.973           14.2            5.7
    2455063.965            7.1            5.0
    2455099.996            7.1            4.9
    2455116.856            2.9            6.8
    2455154.739           -2.7            7.6
    2455174.788           14.3            5.8
    2455364.972            6.8            5.0
    2455419.012           17.1            4.7
    2455446.847           -1.6            3.6
    2455446.856           -2.2            3.1
    2455463.833            3.1            5.2
    2455466.842           -7.7            4.8
    2455569.653           -8.5            4.1
    2455571.713           13.4            4.6
    2455572.671           -0.9            4.8
    2455621.621           11.8            4.6
    2455757.974           13.1            5.0
    2455803.919           17.7            4.3
    2455806.936           10.4            4.3
    2455828.781           -5.6            4.2
    2455831.849           -0.4            5.1
    2455861.842            4.2            4.2
    2455864.796           13.0            4.4
    2455892.745            0.9            4.9
