    2451745.994            3.1            4.3
    2451778.895            1.2            3.7
    2451808.867            5.4            3.6
    2451853.766            4.6            4.1
    2451856.801            4.1            4.6
    2451898.637            5.2            8.0
    2451932.609            2.1            3.9
    2452163.861            1.9            4.9
    2452175.851            7.5            4.0
    2452307.598            3.9            4.5
    2452465.989            5.2            5.3
    2452483.985            4.8            5.0
    2452494.987            6.1            5.0
    2452517.936            9.0            5.2
     2452528.91            6.5            5.2
     2452530.91            2.9            4.5
    2452541.904            5.2            4.5
    2452543.883            7.9            5.0
    2452559.914            1.3            6.4
    2452561.795            7.0            8.4
    2452571.791            6.8            5.0
     2452589.81            5.4            5.7
    2452603.782           10.0            4.9
    2452605.724            4.9            4.8
    2452616.772            2.8            5.9
    2452665.604            3.3            4.2
    2452668.611            2.0            5.3
    2452837.972            4.0            5.4
    2452861.963            5.3            4.1
    2452863.985            7.9            5.2
    2452879.918            5.3            4.2
    2452880.947            3.4            5.0
    2452898.911            5.3            4.7
    2452900.928            5.8            4.8
    2452932.839           -0.3            4.3
    2452934.804            2.3            4.6
    2452963.753            3.2            5.2
    2452965.809            0.2            5.4
     2453022.63            2.9            5.6
     2453208.01            5.4            3.8
    2453209.978            6.5            3.7
    2453214.961            3.2            4.2
    2453231.961            7.3            4.0
    2453233.909            6.0            3.9
     2453235.96            8.0            4.2
    2453265.899            3.2            3.8
    2453268.919            2.3            4.0
     2453269.81            4.0            3.5
    2453286.828            0.4            3.8
    2453324.713            2.3            5.5
    2453354.654            7.6            3.8
    2453400.642            6.7            7.5
    2453550.983            4.9            4.4
    2453578.964            3.9            4.6
    2453613.923            4.4            4.2
    2453654.771            4.0            4.1
    2453701.724            6.9            4.6
    2453740.745            6.8            4.7
    2453911.993            3.7            3.6
    2453917.013            4.4            3.9
    2453934.974            1.7            3.9
    2453968.925            1.3            3.2
    2453981.851            4.8            3.8
    2453985.899            3.2            4.0
    2454055.755            0.6            3.9
    2454297.975            7.1            4.1
    2454300.974            6.0            4.0
    2454314.939            3.8            3.6
    2454318.981            5.5            4.2
    2454344.859            2.5            4.3
    2454348.917            3.3            4.0
    2454391.887            2.4            5.4
    2454394.775            2.7            4.2
    2454418.777            4.7            4.5
    2454420.763            4.2            4.2
    2454440.653            2.0            3.4
    2454443.651            1.7            3.6
    2454481.638            2.5            3.9
    2454503.651            5.1            4.3
    2454645.984            4.1            4.5
    2454646.968            5.7            4.2
    2454668.009            6.5            3.7
    2454681.904            1.6            3.8
     2454683.97           -2.0            3.8
    2454711.893            1.4            4.1
    2454713.873            7.0            4.2
    2454715.882            5.2            4.6
    2454716.875            5.7            4.1
    2454753.885            8.3            3.6
     2454755.85            7.0            3.8
    2454777.733            7.1            4.1
    2454806.796            5.7            5.5
     2454808.77            3.6            4.3
    2454809.763            8.7            6.1
    2455026.973            4.7            5.7
    2455063.965            5.2            5.0
    2455099.996            8.6            4.9
    2455116.856            8.0            6.8
    2455154.739            8.4            7.6
    2455174.788            2.0            5.8
    2455364.972            5.0            5.0
    2455419.012            5.7            4.7
    2455446.847            2.4            3.6
    2455446.856            1.9            3.1
    2455463.833            5.5            5.2
    2455466.842            6.6            4.8
    2455569.653            4.7            4.1
    2455571.713            5.6            4.6
    2455572.671            8.4            4.8
    2455621.621            5.3            4.6
    2455757.974            7.3            5.0
    2455803.919            1.6            4.3
    2455806.936            0.3            4.3
    2455828.781            3.0            4.2
    2455831.849            3.6            5.1
    2455861.842            3.7            4.2
    2455864.796            5.9            4.4
    2455892.745            5.0            4.9
