    2451745.994            9.0            4.3
    2451778.895           -6.7            3.7
    2451808.867           -3.4            3.6
    2451853.766            6.0            4.1
    2451856.801            9.2            4.6
    2451898.637           10.1            8.0
    2451932.609           13.7            3.9
    2452163.861            5.1            4.9
    2452175.851           -4.4            4.0
    2452307.598          -13.9            4.5
    2452465.989          -10.0            5.3
    2452483.985            5.5            5.0
    2452494.987           13.2            5.0
    2452517.936            0.2            5.2
     2452528.91           10.0            5.2
     2452530.91            4.5            4.5
    2452541.904           29.1            4.5
    2452543.883           11.6            5.0
    2452559.914            5.6            6.4
    2452561.795            4.1            8.4
    2452571.791           15.8            5.0
     2452589.81           11.5            5.7
    2452603.782           29.5            4.9
    2452605.724           21.1            4.8
    2452616.772           15.6            5.9
    2452665.604           12.1            4.2
    2452668.611           16.9            5.3
    2452837.972          -16.9            5.4
    2452861.963           14.9            4.1
    2452863.985           15.0            5.2
    2452879.918           24.4            4.2
    2452880.947           11.4            5.0
    2452898.911          -13.8            4.7
    2452900.928           -4.6            4.8
    2452932.839           -3.1            4.3
    2452934.804           22.2            4.6
    2452963.753            8.2            5.2
    2452965.809            0.1            5.4
     2453022.63           -8.5            5.6
     2453208.01            5.9            3.8
    2453209.978            0.6            3.7
    2453214.961           12.8            4.2
    2453231.961           -2.0            4.0
    2453233.909            2.5            3.9
     2453235.96            0.2            4.2
    2453265.899           16.0            3.8
    2453268.919           -2.6            4.0
     2453269.81           27.0            3.5
    2453286.828           -5.2            3.8
    2453324.713           13.3            5.5
    2453354.654           -4.0            3.8
    2453400.642           -4.7            7.5
    2453550.983           18.3            4.4
    2453578.964            4.3            4.6
    2453613.923           -3.2            4.2
    2453654.771           14.4            4.1
    2453701.724            6.3            4.6
    2453740.745          -12.7            4.7
    2453911.993           18.8            3.6
    2453917.013            4.7            3.9
    2453934.974            4.9            3.9
    2453968.925           13.6            3.2
    2453981.851           16.2            3.8
    2453985.899           -0.6            4.0
    2454055.755            0.2            3.9
    2454297.975            9.7            4.1
    2454300.974           10.5            4.0
    2454314.939            3.2            3.6
    2454318.981          -20.3            4.2
    2454344.859           13.1            4.3
    2454348.917           -5.2            4.0
    2454391.887           -8.1            5.4
    2454394.775            9.6            4.2
    2454418.777           18.8            4.5
    2454420.763            9.2            4.2
    2454440.653           -0.6            3.4
    2454443.651           -7.2            3.6
    2454481.638           22.0            3.9
    2454503.651           -9.5            4.3
    2454645.984            6.5            4.5
    2454646.968            5.7            4.2
    2454668.009          -14.5            3.7
    2454681.904           -0.4            3.8
     2454683.97           -9.7            3.8
    2454711.893           -1.5            4.1
    2454713.873           -0.2            4.2
    2454715.882          -20.0            4.6
    2454716.875            7.7            4.1
    2454753.885           25.1            3.6
     2454755.85           23.6            3.8
    2454777.733           -2.5            4.1
    2454806.796           -3.9            5.5
     2454808.77           -3.0            4.3
    2454809.763            4.2            6.1
    2455026.973           12.0            5.7
    2455063.965            8.3            5.0
    2455099.996          -14.1            4.9
    2455116.856            0.6            6.8
    2455154.739           11.1            7.6
    2455174.788            0.3            5.8
    2455364.972           18.0            5.0
    2455419.012          -16.8            4.7
    2455446.847           10.8            3.6
    2455446.856            9.9            3.1
    2455463.833          -12.9            5.2
    2455466.842            2.8            4.8
    2455569.653           13.3            4.1
    2455571.713            4.7            4.6
    2455572.671           13.8            4.8
    2455621.621           19.1            4.6
    2455757.974            1.7            5.0
    2455803.919           -2.3            4.3
    2455806.936            1.9            4.3
    2455828.781           -9.9            4.2
    2455831.849          -10.6            5.1
    2455861.842           -0.9            4.2
    2455864.796            9.6            4.4
    2455892.745           -1.6            4.9
