    2451745.994           13.5            4.3
    2451778.895           16.5            3.7
    2451808.867           13.1            3.6
    2451853.766            1.7            4.1
    2451856.801            4.4            4.6
    2451898.637           -2.5            8.0
    2451932.609           16.7            3.9
    2452163.861           18.7            4.9
    2452175.851            4.2            4.0
    2452307.598           15.6            4.5
    2452465.989           16.1            5.3
    2452483.985           14.7            5.0
    2452494.987           10.2            5.0
    2452517.936            8.9            5.2
     2452528.91            7.1            5.2
     2452530.91           -4.4            4.5
    2452541.904           -8.9            4.5
    2452543.883           -0.6            5.0
    2452559.914            5.4            6.4
    2452561.795            0.5            8.4
    2452571.791           -0.8            5.0
     2452589.81           14.2            5.7
    2452603.782           -6.3            4.9
    2452605.724            1.8            4.8
    2452616.772            2.8            5.9
    2452665.604           -6.6            4.2
    2452668.611            3.4            5.3
    2452837.972           17.8            5.4
    2452861.963           10.1            4.1
    2452863.985           -4.0            5.2
    2452879.918           12.5            4.2
    2452880.947           10.8            5.0
    2452898.911            8.8            4.7
    2452900.928           12.2            4.8
    2452932.839           14.3            4.3
    2452934.804            1.6            4.6
    2452963.753           18.2            5.2
    2452965.809            2.6            5.4
     2453022.63           10.5            5.6
     2453208.01           -9.3            3.8
    2453209.978           -3.1            3.7
    2453214.961           11.9            4.2
    2453231.961           13.8            4.0
    2453233.909           20.3            3.9
     2453235.96            9.4            4.2
    2453265.899           10.0            3.8
    2453268.919           -6.0            4.0
     2453269.81           -4.3            3.5
    2453286.828           15.1            3.8
    2453324.713            8.0            5.5
    2453354.654           -1.9            3.8
    2453400.642           10.6            7.5
    2453550.983           -6.6            4.4
    2453578.964            8.7            4.6
    2453613.923           -3.9            4.2
    2453654.771          -11.6            4.1
    2453701.724           15.4            4.6
    2453740.745           13.2            4.7
    2453911.993           14.8            3.6
    2453917.013           -4.5            3.9
    2453934.974           -0.2            3.9
    2453968.925           -2.7            3.2
    2453981.851           13.0            3.8
    2453985.899           -0.6            4.0
    2454055.755           16.3            3.9
    2454297.975            1.4            4.1
    2454300.974           -8.4            4.0
    2454314.939           15.1            3.6
    2454318.981           -2.3            4.2
    2454344.859           11.0            4.3
    2454348.917            2.4            4.0
    2454391.887           -4.1            5.4
    2454394.775           -0.5            4.2
    2454418.777           17.5            4.5
    2454420.763            8.7            4.2
    2454440.653           12.9            3.4
    2454443.651           -3.7            3.6
    2454481.638           10.2            3.9
    2454503.651            2.7            4.3
    2454645.984            1.8            4.5
    2454646.968            8.5            4.2
    2454668.009           11.0            3.7
    2454681.904           11.5            3.8
     2454683.97           -2.8            3.8
    2454711.893           10.3            4.1
    2454713.873           -0.1            4.2
    2454715.882           -4.7            4.6
    2454716.875           -2.4            4.1
    2454753.885            6.5            3.6
     2454755.85           -0.7            3.8
    2454777.733           -5.8            4.1
    2454806.796           -1.0            5.5
     2454808.77           -0.4            4.3
    2454809.763            5.8            6.1
    2455026.973           -0.6            5.7
    2455063.965           16.7            5.0
    2455099.996           -4.7            4.9
    2455116.856           17.4            6.8
    2455154.739            4.4            7.6
    2455174.788            6.3            5.8
    2455364.972            8.8            5.0
    2455419.012           11.5            4.7
    2455446.847           -1.6            3.6
    2455446.856           -1.4            3.1
    2455463.833           -9.6            5.2
    2455466.842            2.9            4.8
    2455569.653           -4.1            4.1
    2455571.713           10.1            4.6
    2455572.671           11.9            4.8
    2455621.621            6.3            4.6
    2455757.974           -0.3            5.0
    2455803.919            7.7            4.3
    2455806.936           -5.0            4.3
    2455828.781           -5.2            4.2
    2455831.849            9.4            5.1
    2455861.842            8.7            4.2
    2455864.796           15.9            4.4
    2455892.745            5.2            4.9
