    2451745.994           16.5            4.3
    2451778.895           11.9            3.7
    2451808.867           -3.0            3.6
    2451853.766            8.6            4.1
    2451856.801            8.6            4.6
    2451898.637           12.5            8.0
    2451932.609           14.4            3.9
    2452163.861           10.4            4.9
    2452175.851           -0.8            4.0
    2452307.598            1.6            4.5
    2452465.989            8.0            5.3
    2452483.985            5.1            5.0
    2452494.987           15.4            5.0
    2452517.936           17.1            5.2
     2452528.91           -0.5            5.2
     2452530.91            8.6            4.5
    2452541.904            5.2            4.5
    2452543.883           18.2            5.0
    2452559.914            1.9            6.4
    2452561.795            0.4            8.4
    2452571.791            0.1            5.0
     2452589.81           14.2            5.7
    2452603.782            7.1            4.9
    2452605.724            5.5            4.8
    2452616.772            8.9            5.9
    2452665.604           -3.5            4.2
    2452668.611            9.0            5.3
    2452837.972           12.7            5.4
    2452861.963           12.3            4.1
    2452863.985           14.9            5.2
    2452879.918           -1.1            4.2
    2452880.947            9.8            5.0
    2452898.911           -5.7            4.7
    2452900.928            6.8            4.8
    2452932.839            0.9            4.3
    2452934.804           -2.9            4.6
    2452963.753           -1.1            5.2
    2452965.809            8.7            5.4
     2453022.63            7.4            5.6
     2453208.01           16.0            3.8
    2453209.978            4.6            3.7
    2453214.961           14.5            4.2
    2453231.961           -3.0            4.0
    2453233.909           16.9            3.9
     2453235.96            6.6            4.2
    2453265.899            8.8            3.8
    2453268.919            8.3            4.0
     2453269.81           11.4            3.5
    2453286.828            8.6            3.8
    2453324.713            3.1            5.5
    2453354.654           12.7            3.8
    2453400.642           21.3            7.5
    2453550.983            3.6            4.4
    2453578.964           -0.9            4.6
    2453613.923           15.3            4.2
    2453654.771           -1.7            4.1
    2453701.724            9.7            4.6
    2453740.745           16.3            4.7
    2453911.993            2.4            3.6
    2453917.013            1.6            3.9
    2453934.974            1.7            3.9
    2453968.925            0.2            3.2
    2453981.851            2.6            3.8
    2453985.899           19.4            4.0
    2454055.755           -7.5            3.9
    2454297.975           -1.4            4.1
    2454300.974           -2.0            4.0
    2454314.939           -5.3            3.6
    2454318.981            7.8            4.2
    2454344.859            6.0            4.3
    2454348.917            3.4            4.0
    2454391.887           15.2            5.4
    2454394.775            4.7            4.2
    2454418.777            7.0            4.5
    2454420.763            7.9            4.2
    2454440.653           12.4            3.4
    2454443.651           15.8            3.6
    2454481.638          -10.4            3.9
    2454503.651            0.7            4.3
    2454645.984            3.7            4.5
    2454646.968            2.1            4.2
    2454668.009          -10.7            3.7
    2454681.904            8.7            3.8
     2454683.97            6.8            3.8
    2454711.893           17.7            4.1
    2454713.873           -2.1            4.2
    2454715.882            6.5            4.6
    2454716.875            0.4            4.1
    2454753.885           -0.7            3.6
     2454755.85           -2.9            3.8
    2454777.733            7.7            4.1
    2454806.796            6.7            5.5
     2454808.77           -0.8            4.3
    2454809.763           16.0            6.1
    2455026.973            1.6            5.7
    2455063.965            5.2            5.0
    2455099.996           -5.4            4.9
    2455116.856           11.2            6.8
    2455154.739            0.2            7.6
    2455174.788           -3.0            5.8
    2455364.972           -4.7            5.0
    2455419.012           -1.8            4.7
    2455446.847           -0.9            3.6
    2455446.856           -1.3            3.1
    2455463.833           11.3            5.2
    2455466.842            3.1            4.8
    2455569.653            6.9            4.1
    2455571.713            5.9            4.6
    2455572.671            0.9            4.8
    2455621.621           11.2            4.6
    2455757.974            4.1            5.0
    2455803.919           13.5            4.3
    2455806.936           14.9            4.3
    2455828.781            5.9            4.2
    2455831.849           -0.8            5.1
    2455861.842            5.8            4.2
    2455864.796           -7.3            4.4
    2455892.745            7.2            4.9
