    2451745.994           18.2            4.3
    2451778.895           -9.7            3.7
    2451808.867            6.7            3.6
    2451853.766           28.6            4.1
    2451856.801           -7.0            4.6
    2451898.637            2.6            8.0
    2451932.609           13.9            3.9
    2452163.861           -1.9            4.9
    2452175.851            3.4            4.0
    2452307.598           28.8            4.5
    2452465.989          -19.2            5.3
    2452483.985            3.2            5.0
    2452494.987           -8.3            5.0
    2452517.936            6.4            5.2
     2452528.91           19.2            5.2
     2452530.91            8.6            4.5
    2452541.904           21.0            4.5
    2452543.883           19.2            5.0
    2452559.914           -4.2            6.4
    2452561.795          -14.7            8.4
    2452571.791           12.8            5.0
     2452589.81          -11.2            5.7
    2452603.782           -4.2            4.9
    2452605.724            8.0            4.8
    2452616.772            1.2            5.9
    2452665.604           33.2            4.2
    2452668.611           -4.8            5.3
    2452837.972           -8.3            5.4
    2452861.963           11.7            4.1
    2452863.985           -2.3            5.2
    2452879.918            2.9            4.2
    2452880.947           -0.7            5.0
    2452898.911           13.8            4.7
    2452900.928           17.0            4.8
    2452932.839           -9.8            4.3
    2452934.804          -10.5            4.6
    2452963.753            3.8            5.2
    2452965.809            5.9            5.4
     2453022.63           32.6            5.6
     2453208.01            1.8            3.8
    2453209.978          -10.6            3.7
    2453214.961            5.6            4.2
    2453231.961           18.3            4.0
    2453233.909           14.5            3.9
     2453235.96            6.3            4.2
    2453265.899          -22.4            3.8
    2453268.919           -1.3            4.0
     2453269.81           -6.7            3.5
    2453286.828           23.3            3.8
    2453324.713           -8.7            5.5
    2453354.654           22.2            3.8
    2453400.642           -5.4            7.5
    2453550.983           10.2            4.4
    2453578.964           12.2            4.6
    2453613.923            0.2            4.2
    2453654.771            6.4            4.1
    2453701.724           25.5            4.6
    2453740.745           13.6            4.7
    2453911.993            1.5            3.6
    2453917.013            4.2            3.9
    2453934.974           17.5            3.9
    2453968.925          -21.2            3.2
    2453981.851           -7.7            3.8
    2453985.899           -3.3            4.0
    2454055.755            4.1            3.9
    2454297.975           16.6            4.1
    2454300.974          -12.4            4.0
    2454314.939          -16.6            3.6
    2454318.981            7.0            4.2
    2454344.859            1.5            4.3
    2454348.917           15.7            4.0
    2454391.887            5.4            5.4
    2454394.775            5.4            4.2
    2454418.777           26.5            4.5
    2454420.763           -2.3            4.2
    2454440.653            3.4            3.4
    2454443.651           15.3            3.6
    2454481.638           -3.1            3.9
    2454503.651          -11.9            4.3
    2454645.984           -6.8            4.5
    2454646.968          -15.6            4.2
    2454668.009           27.3            3.7
    2454681.904           23.5            3.8
     2454683.97           -4.9            3.8
    2454711.893          -13.2            4.1
    2454713.873          -12.1            4.2
    2454715.882            5.0            4.6
    2454716.875            6.3            4.1
    2454753.885          -13.4            3.6
     2454755.85          -16.5            3.8
    2454777.733           16.1            4.1
    2454806.796          -13.8            5.5
     2454808.77          -16.7            4.3
    2454809.763           -4.9            6.1
    2455026.973           24.2            5.7
    2455063.965           18.5            5.0
    2455099.996           -5.6            4.9
    2455116.856            1.6            6.8
    2455154.739           -9.0            7.6
    2455174.788           17.9            5.8
    2455364.972          -10.3            5.0
    2455419.012           11.0            4.7
    2455446.847          -14.0            3.6
    2455446.856          -14.0            3.1
    2455463.833            5.4            5.2
    2455466.842           30.6            4.8
    2455569.653          -14.8            4.1
    2455571.713            8.5            4.6
    2455572.671           20.1            4.8
    2455621.621            0.1            4.6
    2455757.974           14.6            5.0
    2455803.919          -10.5            4.3
    2455806.936            7.0            4.3
    2455828.781           -2.3            4.2
    2455831.849          -19.0            5.1
    2455861.842           19.8            4.2
    2455864.796           19.8            4.4
    2455892.745            8.4            4.9
