    2451745.994           36.7            4.3
    2451778.895           -1.3            3.7
    2451808.867           -6.6            3.6
    2451853.766            8.2            4.1
    2451856.801            5.4            4.6
    2451898.637            7.4            8.0
    2451932.609            5.7            3.9
    2452163.861           14.4            4.9
    2452175.851           19.1            4.0
    2452307.598           -2.1            4.5
    2452465.989          -10.2            5.3
    2452483.985           12.3            5.0
    2452494.987            8.3            5.0
    2452517.936           -6.2            5.2
     2452528.91          -15.2            5.2
     2452530.91            8.4            4.5
    2452541.904           19.2            4.5
    2452543.883           23.3            5.0
    2452559.914            2.5            6.4
    2452561.795           22.9            8.4
    2452571.791           10.3            5.0
     2452589.81           -0.6            5.7
    2452603.782           12.4            4.9
    2452605.724          -11.2            4.8
    2452616.772            7.1            5.9
    2452665.604          -12.1            4.2
    2452668.611           14.9            5.3
    2452837.972           10.0            5.4
    2452861.963           -5.4            4.1
    2452863.985          -25.2            5.2
    2452879.918           12.7            4.2
    2452880.947            2.3            5.0
    2452898.911           13.7            4.7
    2452900.928          -12.2            4.8
    2452932.839           -1.3            4.3
    2452934.804          -25.3            4.6
    2452963.753           17.5            5.2
    2452965.809           18.3            5.4
     2453022.63            8.5            5.6
     2453208.01           25.6            3.8
    2453209.978           16.3            3.7
    2453214.961           -2.4            4.2
    2453231.961           -4.2            4.0
    2453233.909           28.1            3.9
     2453235.96           21.0            4.2
    2453265.899           16.0            3.8
    2453268.919          -12.3            4.0
     2453269.81           16.1            3.5
    2453286.828           19.0            3.8
    2453324.713           -6.3            5.5
    2453354.654           -8.2            3.8
    2453400.642           22.2            7.5
    2453550.983           -2.6            4.4
    2453578.964           -4.0            4.6
    2453613.923            2.7            4.2
    2453654.771           13.7            4.1
    2453701.724          -14.9            4.6
    2453740.745           19.9            4.7
    2453911.993           18.5            3.6
    2453917.013           -9.4            3.9
    2453934.974           10.3            3.9
    2453968.925          -14.1            3.2
    2453981.851            3.9            3.8
    2453985.899          -27.0            4.0
    2454055.755           12.7            3.9
    2454297.975           -8.0            4.1
    2454300.974            5.4            4.0
    2454314.939          -13.5            3.6
    2454318.981           22.7            4.2
    2454344.859          -11.2            4.3
    2454348.917           20.0            4.0
    2454391.887           -5.2            5.4
    2454394.775          -27.5            4.2
    2454418.777           10.4            4.5
    2454420.763           17.3            4.2
    2454440.653           34.7            3.4
    2454443.651            4.2            3.6
    2454481.638           14.3            3.9
    2454503.651            0.2            4.3
    2454645.984           12.8            4.5
    2454646.968          -14.3            4.2
    2454668.009            5.8            3.7
    2454681.904           15.9            3.8
     2454683.97           16.9            3.8
    2454711.893           12.9            4.1
    2454713.873           -3.0            4.2
    2454715.882           -0.4            4.6
    2454716.875           13.6            4.1
    2454753.885          -21.5            3.6
     2454755.85            0.9            3.8
    2454777.733           -8.9            4.1
    2454806.796            3.4            5.5
     2454808.77           31.4            4.3
    2454809.763          -15.1            6.1
    2455026.973           22.2            5.7
    2455063.965           10.0            5.0
    2455099.996           20.5            4.9
    2455116.856           42.6            6.8
    2455154.739           -1.0            7.6
    2455174.788           16.9            5.8
    2455364.972           14.5            5.0
    2455419.012           11.4            4.7
    2455446.847           -8.9            3.6
    2455446.856           -9.8            3.1
    2455463.833            2.8            5.2
    2455466.842          -32.6            4.8
    2455569.653          -14.3            4.1
    2455571.713          -16.1            4.6
    2455572.671           27.2            4.8
    2455621.621           16.1            4.6
    2455757.974           -6.9            5.0
    2455803.919           16.2            4.3
    2455806.936           -7.2            4.3
    2455828.781           -2.5            4.2
    2455831.849           13.5            5.1
    2455861.842           20.1            4.2
    2455864.796           -6.0            4.4
    2455892.745          -12.0            4.9
