    2451745.994           12.2            4.3
    2451778.895           10.7            3.7
    2451808.867          -10.0            3.6
    2451853.766           18.0            4.1
    2451856.801          -14.4            4.6
    2451898.637           -2.3            8.0
    2451932.609            9.5            3.9
    2452163.861           11.2            4.9
    2452175.851            8.2            4.0
    2452307.598           14.4            4.5
    2452465.989           -3.7            5.3
    2452483.985           13.0            5.0
    2452494.987            6.5            5.0
    2452517.936            1.6            5.2
     2452528.91           -0.1            5.2
     2452530.91          -10.0            4.5
    2452541.904           14.2            4.5
    2452543.883            1.2            5.0
    2452559.914            1.4            6.4
    2452561.795           -1.0            8.4
    2452571.791           15.2            5.0
     2452589.81           13.2            5.7
    2452603.782          -16.0            4.9
    2452605.724           -5.4            4.8
    2452616.772            6.5            5.9
    2452665.604            6.6            4.2
    2452668.611           -4.5            5.3
    2452837.972           12.1            5.4
    2452861.963            4.6            4.1
    2452863.985           -4.4            5.2
    2452879.918            6.0            4.2
    2452880.947            7.8            5.0
    2452898.911           -9.3            4.7
    2452900.928           -4.3            4.8
    2452932.839           -0.9            4.3
    2452934.804            6.8            4.6
    2452963.753           -4.5            5.2
    2452965.809           -5.2            5.4
     2453022.63           19.4            5.6
     2453208.01           22.8            3.8
    2453209.978           11.6            3.7
    2453214.961           -7.2            4.2
    2453231.961          -11.0            4.0
    2453233.909           -0.9            3.9
     2453235.96           -6.9            4.2
    2453265.899           10.0            3.8
    2453268.919           -6.0            4.0
     2453269.81           -5.2            3.5
    2453286.828            7.3            3.8
    2453324.713           14.2            5.5
    2453354.654          -10.0            3.8
    2453400.642           10.9            7.5
    2453550.983           15.3            4.4
    2453578.964           -7.1            4.6
    2453613.923           13.8            4.2
    2453654.771            4.0            4.1
    2453701.724           -2.4            4.6
    2453740.745           11.5            4.7
    2453911.993           -4.7            3.6
    2453917.013           17.5            3.9
    2453934.974           -7.0            3.9
    2453968.925           10.1            3.2
    2453981.851           18.1            3.8
    2453985.899           15.7            4.0
    2454055.755          -10.6            3.9
    2454297.975           14.0            4.1
    2454300.974           -2.5            4.0
    2454314.939            5.7            3.6
    2454318.981           16.4            4.2
    2454344.859           -6.4            4.3
    2454348.917           -1.2            4.0
    2454391.887            8.3            5.4
    2454394.775           -1.9            4.2
    2454418.777            6.7            4.5
    2454420.763           13.6            4.2
    2454440.653          -11.1            3.4
    2454443.651            9.7            3.6
    2454481.638           -5.9            3.9
    2454503.651           15.3            4.3
    2454645.984           -8.9            4.5
    2454646.968           14.4            4.2
    2454668.009           23.2            3.7
    2454681.904            1.4            3.8
     2454683.97           -5.0            3.8
    2454711.893           15.7            4.1
    2454713.873           13.0            4.2
    2454715.882           23.4            4.6
    2454716.875           -6.9            4.1
    2454753.885            8.8            3.6
     2454755.85            6.9            3.8
    2454777.733           -4.7            4.1
    2454806.796           -5.6            5.5
     2454808.77           -6.5            4.3
    2454809.763           14.2            6.1
    2455026.973            2.1            5.7
    2455063.965           -0.7            5.0
    2455099.996           -4.8            4.9
    2455116.856            7.7            6.8
    2455154.739           25.6            7.6
    2455174.788           -8.3            5.8
    2455364.972           27.7            5.0
    2455419.012           11.0            4.7
    2455446.847          -11.4            3.6
    2455446.856          -12.2            3.1
    2455463.833           -5.0            5.2
    2455466.842           18.2            4.8
    2455569.653           -2.7            4.1
    2455571.713          -13.7            4.6
    2455572.671           11.4            4.8
    2455621.621          -12.1            4.6
    2455757.974           15.3            5.0
    2455803.919           19.1            4.3
    2455806.936          -12.5            4.3
    2455828.781           21.1            4.2
    2455831.849           -6.5            5.1
    2455861.842           10.9            4.2
    2455864.796           -3.3            4.4
    2455892.745            3.8            4.9
