    2451745.994            0.9            4.3
    2451778.895            1.1            3.7
    2451808.867           -2.1            3.6
    2451853.766           -5.3            4.1
    2451856.801           10.4            4.6
    2451898.637            1.5            8.0
    2451932.609           -0.5            3.9
    2452163.861           -0.7            4.9
    2452175.851           10.8            4.0
    2452307.598           -2.5            4.5
    2452465.989           13.8            5.3
    2452483.985            5.4            5.0
    2452494.987            8.2            5.0
    2452517.936           -0.6            5.2
     2452528.91            9.9            5.2
     2452530.91           12.7            4.5
    2452541.904            1.3            4.5
    2452543.883            1.6            5.0
    2452559.914            9.0            6.4
    2452561.795            0.2            8.4
    2452571.791           -2.3            5.0
     2452589.81            5.3            5.7
    2452603.782           12.4            4.9
    2452605.724            0.0            4.8
    2452616.772           -3.9            5.9
    2452665.604            5.1            4.2
    2452668.611            8.2            5.3
    2452837.972            6.6            5.4
    2452861.963           -3.3            4.1
    2452863.985            7.8            5.2
    2452879.918            2.5            4.2
    2452880.947            0.3            5.0
    2452898.911            4.5            4.7
    2452900.928            5.4            4.8
    2452932.839            2.3            4.3
    2452934.804           -1.8            4.6
    2452963.753            6.8            5.2
    2452965.809            6.5            5.4
     2453022.63           12.1            5.6
     2453208.01           -0.1            3.8
    2453209.978            7.9            3.7
    2453214.961            3.5            4.2
    2453231.961            2.4            4.0
    2453233.909            2.9            3.9
     2453235.96           -2.2            4.2
    2453265.899            3.3            3.8
    2453268.919            3.8            4.0
     2453269.81           -3.3            3.5
    2453286.828            4.7            3.8
    2453324.713           -2.7            5.5
    2453354.654            1.1            3.8
    2453400.642           10.8            7.5
    2453550.983           -1.8            4.4
    2453578.964            0.7            4.6
    2453613.923            5.1            4.2
    2453654.771            1.5            4.1
    2453701.724           10.2            4.6
    2453740.745            9.8            4.7
    2453911.993           11.0            3.6
    2453917.013            2.7            3.9
    2453934.974           -3.7            3.9
    2453968.925           -0.6            3.2
    2453981.851            8.0            3.8
    2453985.899           10.6            4.0
    2454055.755           10.3            3.9
    2454297.975           -0.7            4.1
    2454300.974           10.8            4.0
    2454314.939           -0.0            3.6
    2454318.981            1.9            4.2
    2454344.859            1.6            4.3
    2454348.917            4.8            4.0
    2454391.887            4.4            5.4
    2454394.775           10.5            4.2
    2454418.777            9.6            4.5
    2454420.763           11.2            4.2
    2454440.653            5.4            3.4
    2454443.651            2.5            3.6
    2454481.638           -0.5            3.9
    2454503.651           10.2            4.3
    2454645.984            7.3            4.5
    2454646.968            6.7            4.2
    2454668.009            0.6            3.7
    2454681.904            1.7            3.8
     2454683.97            9.1            3.8
    2454711.893            5.5            4.1
    2454713.873            5.7            4.2
    2454715.882           -0.3            4.6
    2454716.875           -4.0            4.1
    2454753.885            5.7            3.6
     2454755.85            6.1            3.8
    2454777.733            3.5            4.1
    2454806.796           -0.6            5.5
     2454808.77            5.1            4.3
    2454809.763            5.9            6.1
    2455026.973            0.1            5.7
    2455063.965           11.1            5.0
    2455099.996            1.6            4.9
    2455116.856            1.6            6.8
    2455154.739            2.7            7.6
    2455174.788            7.7            5.8
    2455364.972           12.1            5.0
    2455419.012            7.9            4.7
    2455446.847            8.5            3.6
    2455446.856            8.0            3.1
    2455463.833            3.9            5.2
    2455466.842           10.6            4.8
    2455569.653            0.6            4.1
    2455571.713            2.5            4.6
    2455572.671            1.3            4.8
    2455621.621            6.9            4.6
    2455757.974           12.5            5.0
    2455803.919            4.8            4.3
    2455806.936            4.0            4.3
    2455828.781            6.7            4.2
    2455831.849           10.5            5.1
    2455861.842            1.0            4.2
    2455864.796            7.7            4.4
    2455892.745            5.8            4.9
