    2451745.994           16.1            4.3
    2451778.895           -0.6            3.7
    2451808.867            3.5            3.6
    2451853.766           12.4            4.1
    2451856.801            7.5            4.6
    2451898.637            2.9            8.0
    2451932.609            4.8            3.9
    2452163.861            6.0            4.9
    2452175.851            0.8            4.0
    2452307.598           12.5            4.5
    2452465.989            0.0            5.3
    2452483.985            4.4            5.0
    2452494.987           -4.6            5.0
    2452517.936            6.3            5.2
     2452528.91           15.6            5.2
     2452530.91            2.9            4.5
    2452541.904           -4.2            4.5
    2452543.883            8.2            5.0
    2452559.914            1.7            6.4
    2452561.795            2.7            8.4
    2452571.791           11.7            5.0
     2452589.81           13.7            5.7
    2452603.782            4.5            4.9
    2452605.724           -6.7            4.8
    2452616.772            7.3            5.9
    2452665.604           11.0            4.2
    2452668.611            5.8            5.3
    2452837.972            6.2            5.4
    2452861.963           -1.3            4.1
    2452863.985           10.8            5.2
    2452879.918           -0.1            4.2
    2452880.947           11.2            5.0
    2452898.911            5.6            4.7
    2452900.928           15.2            4.8
    2452932.839            6.4            4.3
    2452934.804           -0.4            4.6
    2452963.753            4.1            5.2
    2452965.809            9.7            5.4
     2453022.63            2.5            5.6
     2453208.01           -0.2            3.8
    2453209.978           14.0            3.7
    2453214.961            1.0            4.2
    2453231.961           -3.2            4.0
    2453233.909           -2.8            3.9
     2453235.96           14.0            4.2
    2453265.899            5.9            3.8
    2453268.919           -4.1            4.0
     2453269.81           -3.6            3.5
    2453286.828           -8.0            3.8
    2453324.713           -3.0            5.5
    2453354.654           11.3            3.8
    2453400.642            6.9            7.5
    2453550.983           -2.5            4.4
    2453578.964            4.5            4.6
    2453613.923            8.9            4.2
    2453654.771           14.0            4.1
    2453701.724           15.5            4.6
    2453740.745           -2.0            4.7
    2453911.993            2.0            3.6
    2453917.013            8.9            3.9
    2453934.974            0.8            3.9
    2453968.925            4.1            3.2
    2453981.851           -1.3            3.8
    2453985.899            4.8            4.0
    2454055.755            6.9            3.9
    2454297.975            5.0            4.1
    2454300.974           11.1            4.0
    2454314.939            1.2            3.6
    2454318.981            7.9            4.2
    2454344.859            5.4            4.3
    2454348.917            1.9            4.0
    2454391.887            7.9            5.4
    2454394.775            7.8            4.2
    2454418.777           -1.1            4.5
    2454420.763           11.5            4.2
    2454440.653           11.5            3.4
    2454443.651            3.6            3.6
    2454481.638            9.2            3.9
    2454503.651            2.9            4.3
    2454645.984           -1.6            4.5
    2454646.968           11.4            4.2
    2454668.009           10.0            3.7
    2454681.904            9.8            3.8
     2454683.97            6.1            3.8
    2454711.893           10.7            4.1
    2454713.873           12.1            4.2
    2454715.882           -3.9            4.6
    2454716.875            5.8            4.1
    2454753.885           -1.6            3.6
     2454755.85            4.6            3.8
    2454777.733            6.5            4.1
    2454806.796            3.1            5.5
     2454808.77           -5.8            4.3
    2454809.763           10.3            6.1
    2455026.973           -4.0            5.7
    2455063.965            4.5            5.0
    2455099.996           -2.3            4.9
    2455116.856           -1.4            6.8
    2455154.739           -1.9            7.6
    2455174.788            8.3            5.8
    2455364.972            4.5            5.0
    2455419.012            4.8            4.7
    2455446.847            6.0            3.6
    2455446.856            5.7            3.1
    2455463.833           -0.3            5.2
    2455466.842            7.8            4.8
    2455569.653           10.3            4.1
    2455571.713           -2.4            4.6
    2455572.671            5.8            4.8
    2455621.621           13.7            4.6
    2455757.974            8.6            5.0
    2455803.919            1.0            4.3
    2455806.936           -5.9            4.3
    2455828.781           11.5            4.2
    2455831.849           13.1            5.1
    2455861.842           -5.9            4.2
    2455864.796           -3.9            4.4
    2455892.745           10.2            4.9
