    2451745.994           15.4            4.3
    2451778.895            5.3            3.7
    2451808.867           -6.9            3.6
    2451853.766            0.7            4.1
    2451856.801          -10.6            4.6
    2451898.637           20.6            8.0
    2451932.609           -0.9            3.9
    2452163.861            2.7            4.9
    2452175.851            6.7            4.0
    2452307.598           16.1            4.5
    2452465.989            7.2            5.3
    2452483.985           13.0            5.0
    2452494.987            7.6            5.0
    2452517.936            4.6            5.2
     2452528.91            3.2            5.2
     2452530.91            0.8            4.5
    2452541.904           12.1            4.5
    2452543.883            3.7            5.0
    2452559.914           17.0            6.4
    2452561.795           11.3            8.4
    2452571.791            1.4            5.0
     2452589.81           14.5            5.7
    2452603.782           -2.0            4.9
    2452605.724           -4.7            4.8
    2452616.772           12.6            5.9
    2452665.604           21.5            4.2
    2452668.611           15.5            5.3
    2452837.972           -3.0            5.4
    2452861.963           -4.4            4.1
    2452863.985            1.4            5.2
    2452879.918            5.9            4.2
    2452880.947           -4.9            5.0
    2452898.911            8.5            4.7
    2452900.928           17.5            4.8
    2452932.839           -9.3            4.3
    2452934.804            0.8            4.6
    2452963.753           -5.8            5.2
    2452965.809            9.0            5.4
     2453022.63           13.0            5.6
     2453208.01           11.6            3.8
    2453209.978           11.8            3.7
    2453214.961           -1.1            4.2
    2453231.961           11.4            4.0
    2453233.909           21.5            3.9
     2453235.96            5.8            4.2
    2453265.899           -4.3            3.8
    2453268.919           -3.3            4.0
     2453269.81          -11.6            3.5
    2453286.828            9.3            3.8
    2453324.713           -4.6            5.5
    2453354.654            2.6            3.8
    2453400.642           -0.6            7.5
    2453550.983            4.4            4.4
    2453578.964           -1.8            4.6
    2453613.923            3.9            4.2
    2453654.771           -7.8            4.1
    2453701.724            6.6            4.6
    2453740.745            7.2            4.7
    2453911.993            3.3            3.6
    2453917.013          -14.6            3.9
    2453934.974            2.3            3.9
    2453968.925           -7.9            3.2
    2453981.851           10.3            3.8
    2453985.899            1.2            4.0
    2454055.755           13.9            3.9
    2454297.975           -7.6            4.1
    2454300.974           -3.5            4.0
    2454314.939           15.0            3.6
    2454318.981            2.0            4.2
    2454344.859           10.0            4.3
    2454348.917           -2.8            4.0
    2454391.887            2.5            5.4
    2454394.775           -0.6            4.2
    2454418.777            3.8            4.5
    2454420.763            4.1            4.2
    2454440.653           11.5            3.4
    2454443.651           11.0            3.6
    2454481.638            3.1            3.9
    2454503.651           -5.6            4.3
    2454645.984            8.8            4.5
    2454646.968           16.4            4.2
    2454668.009            9.7            3.7
    2454681.904            3.7            3.8
     2454683.97          -12.4            3.8
    2454711.893           -5.4            4.1
    2454713.873           -9.0            4.2
    2454715.882            6.8            4.6
    2454716.875            3.0            4.1
    2454753.885            3.1            3.6
     2454755.85           -6.3            3.8
    2454777.733           14.4            4.1
    2454806.796           -9.5            5.5
     2454808.77            1.9            4.3
    2454809.763           -5.3            6.1
    2455026.973            5.6            5.7
    2455063.965            9.0            5.0
    2455099.996            3.7            4.9
    2455116.856           -5.7            6.8
    2455154.739           10.4            7.6
    2455174.788            2.7            5.8
    2455364.972            7.2            5.0
    2455419.012            9.7            4.7
    2455446.847            3.1            3.6
    2455446.856            2.2            3.1
    2455463.833            6.3            5.2
    2455466.842           13.0            4.8
    2455569.653            4.1            4.1
    2455571.713           11.9            4.6
    2455572.671            6.4            4.8
    2455621.621            1.6            4.6
    2455757.974            8.2            5.0
    2455803.919           11.2            4.3
    2455806.936            7.4            4.3
    2455828.781           12.9            4.2
    2455831.849            4.2            5.1
    2455861.842           -3.3            4.2
    2455864.796           -2.7            4.4
    2455892.745           -2.4            4.9
