    2451745.994           -5.0            4.3
    2451778.895           21.8            3.7
    2451808.867            9.4            3.6
    2451853.766           13.4            4.1
    2451856.801          -11.1            4.6
    2451898.637           12.4            8.0
    2451932.609           -0.4            3.9
    2452163.861          -14.1            4.9
    2452175.851           16.3            4.0
    2452307.598            8.2            4.5
    2452465.989            4.2            5.3
    2452483.985           10.8            5.0
    2452494.987           10.6            5.0
    2452517.936            1.1            5.2
     2452528.91            7.5            5.2
     2452530.91           -8.6            4.5
    2452541.904           11.5            4.5
    2452543.883            0.1            5.0
    2452559.914           -3.3            6.4
    2452561.795            0.2            8.4
    2452571.791           18.8            5.0
     2452589.81          -10.9            5.7
    2452603.782          -11.0            4.9
    2452605.724           -0.9            4.8
    2452616.772           12.3            5.9
    2452665.604           -2.8            4.2
    2452668.611           23.9            5.3
    2452837.972           -3.8            5.4
    2452861.963           10.4            4.1
    2452863.985           16.9            5.2
    2452879.918           11.6            4.2
    2452880.947           -3.1            5.0
    2452898.911           -3.9            4.7
    2452900.928           10.3            4.8
    2452932.839            1.9            4.3
    2452934.804           -0.7            4.6
    2452963.753           -7.0            5.2
    2452965.809            6.6            5.4
     2453022.63           -3.3            5.6
     2453208.01           20.5            3.8
    2453209.978            0.1            3.7
    2453214.961           19.6            4.2
    2453231.961           12.7            4.0
    2453233.909           -9.9            3.9
     2453235.96            8.2            4.2
    2453265.899            6.3            3.8
    2453268.919            5.0            4.0
     2453269.81           10.8            3.5
    2453286.828            0.2            3.8
    2453324.713           -1.8            5.5
    2453354.654           -5.2            3.8
    2453400.642           17.8            7.5
    2453550.983            6.7            4.4
    2453578.964           -7.9            4.6
    2453613.923           -2.8            4.2
    2453654.771            1.2            4.1
    2453701.724           12.9            4.6
    2453740.745            1.3            4.7
    2453911.993           12.7            3.6
    2453917.013            1.3            3.9
    2453934.974           17.0            3.9
    2453968.925           -0.7            3.2
    2453981.851            1.3            3.8
    2453985.899           15.4            4.0
    2454055.755           -0.9            3.9
    2454297.975           -2.8            4.1
    2454300.974           22.8            4.0
    2454314.939           19.0            3.6
    2454318.981           -7.8            4.2
    2454344.859           14.3            4.3
    2454348.917           -8.7            4.0
    2454391.887            2.1            5.4
    2454394.775           -4.1            4.2
    2454418.777           14.1            4.5
    2454420.763            6.6            4.2
    2454440.653            2.9            3.4
    2454443.651           19.8            3.6
    2454481.638            6.8            3.9
    2454503.651           -6.1            4.3
    2454645.984           13.1            4.5
    2454646.968           16.0            4.2
    2454668.009           23.0            3.7
    2454681.904           14.4            3.8
     2454683.97            6.2            3.8
    2454711.893           13.0            4.1
    2454713.873            7.5            4.2
    2454715.882           -1.4            4.6
    2454716.875           -2.7            4.1
    2454753.885            6.1            3.6
     2454755.85           13.4            3.8
    2454777.733            0.9            4.1
    2454806.796           11.2            5.5
     2454808.77           14.6            4.3
    2454809.763           17.8            6.1
    2455026.973           14.7            5.7
    2455063.965            9.7            5.0
    2455099.996           16.5            4.9
    2455116.856           19.8            6.8
    2455154.739           11.2            7.6
    2455174.788           13.0            5.8
    2455364.972           11.3            5.0
    2455419.012           -2.7            4.7
    2455446.847           14.5            3.6
    2455446.856           13.4            3.1
    2455463.833           -1.6            5.2
    2455466.842           11.0            4.8
    2455569.653           -1.9            4.1
    2455571.713           18.9            4.6
    2455572.671           10.4            4.8
    2455621.621           -6.1            4.6
    2455757.974            6.4            5.0
    2455803.919            8.7            4.3
    2455806.936           -3.1            4.3
    2455828.781            6.5            4.2
    2455831.849           -8.3            5.1
    2455861.842            6.4            4.2
    2455864.796           21.7            4.4
    2455892.745           18.4            4.9
