    2451745.994            9.8            4.3
    2451778.895            3.3            3.7
    2451808.867            1.3            3.6
    2451853.766            6.6            4.1
    2451856.801            9.4            4.6
    2451898.637            5.5            8.0
    2451932.609            2.7            3.9
    2452163.861           10.9            4.9
    2452175.851            7.3            4.0
    2452307.598           -0.5            4.5
    2452465.989            3.4            5.3
    2452483.985            9.1            5.0
    2452494.987            5.4            5.0
    2452517.936           -0.5            5.2
     2452528.91            1.4            5.2
     2452530.91            6.8            4.5
    2452541.904            8.9            4.5
    2452543.883            7.1            5.0
    2452559.914            7.6            6.4
    2452561.795           13.9            8.4
    2452571.791           11.0            5.0
     2452589.81            7.4            5.7
    2452603.782            7.0            4.9
    2452605.724            0.9            4.8
    2452616.772            0.0            5.9
    2452665.604            0.7            4.2
    2452668.611            4.5            5.3
    2452837.972            3.5            5.4
    2452861.963            7.8            4.1
    2452863.985            2.9            5.2
    2452879.918            9.9            4.2
    2452880.947           11.0            5.0
    2452898.911            8.2            4.7
    2452900.928           10.2            4.8
    2452932.839            3.1            4.3
    2452934.804           -1.3            4.6
    2452963.753            2.1            5.2
    2452965.809            1.1            5.4
     2453022.63            4.0            5.6
     2453208.01            8.5            3.8
    2453209.978            7.9            3.7
    2453214.961            0.2            4.2
    2453231.961            1.0            4.0
    2453233.909           -2.2            3.9
     2453235.96            2.3            4.2
    2453265.899            3.2            3.8
    2453268.919            9.3            4.0
     2453269.81            7.5            3.5
    2453286.828            7.3            3.8
    2453324.713            1.7            5.5
    2453354.654            0.1            3.8
    2453400.642            7.7            7.5
    2453550.983           -0.3            4.4
    2453578.964            6.9            4.6
    2453613.923            3.2            4.2
    2453654.771            5.2            4.1
    2453701.724            0.5            4.6
    2453740.745           -1.1            4.7
    2453911.993            1.7            3.6
    2453917.013            7.0            3.9
    2453934.974            8.4            3.9
    2453968.925           -1.1            3.2
    2453981.851            2.0            3.8
    2453985.899            8.9            4.0
    2454055.755            6.8            3.9
    2454297.975            0.0            4.1
    2454300.974            5.1            4.0
    2454314.939            7.2            3.6
    2454318.981            0.2            4.2
    2454344.859            6.2            4.3
    2454348.917           -1.4            4.0
    2454391.887            9.9            5.4
    2454394.775            6.9            4.2
    2454418.777            1.1            4.5
    2454420.763            6.4            4.2
    2454440.653            4.4            3.4
    2454443.651            7.3            3.6
    2454481.638            8.1            3.9
    2454503.651            8.8            4.3
    2454645.984           -0.7            4.5
    2454646.968           -1.4            4.2
    2454668.009           -0.4            3.7
    2454681.904            8.4            3.8
     2454683.97            3.6            3.8
    2454711.893            9.9            4.1
    2454713.873            5.1            4.2
    2454715.882            0.6            4.6
    2454716.875            0.3            4.1
    2454753.885            2.0            3.6
     2454755.85           -2.1            3.8
    2454777.733            1.0            4.1
    2454806.796            2.1            5.5
     2454808.77            6.5            4.3
    2454809.763           11.0            6.1
    2455026.973            5.7            5.7
    2455063.965           -0.7            5.0
    2455099.996           10.0            4.9
    2455116.856            7.9            6.8
    2455154.739            2.3            7.6
    2455174.788            0.3            5.8
    2455364.972            2.3            5.0
    2455419.012            9.3            4.7
    2455446.847            8.4            3.6
    2455446.856            7.9            3.1
    2455463.833            0.9            5.2
    2455466.842            8.6            4.8
    2455569.653            2.8            4.1
    2455571.713           -1.4            4.6
    2455572.671           -0.9            4.8
    2455621.621            0.4            4.6
    2455757.974            6.8            5.0
    2455803.919            5.9            4.3
    2455806.936            8.3            4.3
    2455828.781            3.4            4.2
    2455831.849            2.2            5.1
    2455861.842            0.4            4.2
    2455864.796            8.6            4.4
    2455892.745            3.5            4.9
