    2451745.994            7.7            4.3
    2451778.895           -5.3            3.7
    2451808.867            6.4            3.6
    2451853.766            1.2            4.1
    2451856.801            4.9            4.6
    2451898.637           24.1            8.0
    2451932.609           -5.3            3.9
    2452163.861            9.8            4.9
    2452175.851           11.5            4.0
    2452307.598           11.6            4.5
    2452465.989            8.3            5.3
    2452483.985            4.1            5.0
    2452494.987           14.4            5.0
    2452517.936            7.1            5.2
     2452528.91           -3.8            5.2
     2452530.91            4.1            4.5
    2452541.904           -2.7            4.5
    2452543.883            7.7            5.0
    2452559.914            4.2            6.4
    2452561.795            8.0            8.4
    2452571.791           12.7            5.0
     2452589.81            2.8            5.7
    2452603.782           10.5            4.9
    2452605.724           -5.6            4.8
    2452616.772           13.3            5.9
    2452665.604           -2.1            4.2
    2452668.611           10.4            5.3
    2452837.972            2.4            5.4
    2452861.963           13.9            4.1
    2452863.985            1.8            5.2
    2452879.918            5.0            4.2
    2452880.947            9.3            5.0
    2452898.911            1.0            4.7
    2452900.928           10.1            4.8
    2452932.839            7.5            4.3
    2452934.804            4.5            4.6
    2452963.753            3.8            5.2
    2452965.809           -3.3            5.4
     2453022.63            6.4            5.6
     2453208.01           -7.0            3.8
    2453209.978            5.8            3.7
    2453214.961            2.5            4.2
    2453231.961           16.8            4.0
    2453233.909            4.8            3.9
     2453235.96           14.1            4.2
    2453265.899           -4.1            3.8
    2453268.919            5.9            4.0
     2453269.81            3.6            3.5
    2453286.828            6.8            3.8
    2453324.713           19.0            5.5
    2453354.654           -4.6            3.8
    2453400.642            5.4            7.5
    2453550.983            9.4            4.4
    2453578.964           -1.3            4.6
    2453613.923           -2.7            4.2
    2453654.771           -3.2            4.1
    2453701.724           10.8            4.6
    2453740.745            1.6            4.7
    2453911.993           12.2            3.6
    2453917.013            7.9            3.9
    2453934.974            7.1            3.9
    2453968.925            7.2            3.2
    2453981.851            2.0            3.8
    2453985.899            3.0            4.0
    2454055.755            5.4            3.9
    2454297.975           14.9            4.1
    2454300.974            9.3            4.0
    2454314.939           -5.5            3.6
    2454318.981           -0.1            4.2
    2454344.859            2.3            4.3
    2454348.917            6.4            4.0
    2454391.887           -3.6            5.4
    2454394.775            5.0            4.2
    2454418.777            5.5            4.5
    2454420.763           -7.2            4.2
    2454440.653            4.0            3.4
    2454443.651           -5.2            3.6
    2454481.638            4.5            3.9
    2454503.651           -4.0            4.3
    2454645.984            7.0            4.5
    2454646.968           -4.9            4.2
    2454668.009           15.0            3.7
    2454681.904           -0.9            3.8
     2454683.97            7.4            3.8
    2454711.893           11.0            4.1
    2454713.873            1.5            4.2
    2454715.882           11.8            4.6
    2454716.875           -6.3            4.1
    2454753.885            8.5            3.6
     2454755.85           -2.1            3.8
    2454777.733            0.7            4.1
    2454806.796            3.0            5.5
     2454808.77            8.1            4.3
    2454809.763           -6.1            6.1
    2455026.973            0.5            5.7
    2455063.965           15.0            5.0
    2455099.996           -5.6            4.9
    2455116.856            6.6            6.8
    2455154.739           11.8            7.6
    2455174.788           10.5            5.8
    2455364.972           -5.9            5.0
    2455419.012           -0.8            4.7
    2455446.847            8.6            3.6
    2455446.856            7.9            3.1
    2455463.833           -5.7            5.2
    2455466.842            0.2            4.8
    2455569.653           -4.8            4.1
    2455571.713           -8.7            4.6
    2455572.671           -3.3            4.8
    2455621.621           13.9            4.6
    2455757.974           -6.1            5.0
    2455803.919            9.3            4.3
    2455806.936           18.0            4.3
    2455828.781           10.7            4.2
    2455831.849           11.1            5.1
    2455861.842           -0.9            4.2
    2455864.796            8.1            4.4
    2455892.745            8.7            4.9
