    2451745.994            9.6            4.3
    2451778.895          -10.8            3.7
    2451808.867          -17.6            3.6
    2451853.766           -3.1            4.1
    2451856.801           18.7            4.6
    2451898.637            6.5            8.0
    2451932.609           -4.2            3.9
    2452163.861           -5.0            4.9
    2452175.851           15.1            4.0
    2452307.598          -17.1            4.5
    2452465.989           -7.7            5.3
    2452483.985           11.0            5.0
    2452494.987           -2.3            5.0
    2452517.936            6.7            5.2
     2452528.91           15.5            5.2
     2452530.91           22.7            4.5
    2452541.904           27.3            4.5
    2452543.883           18.6            5.0
    2452559.914            0.1            6.4
    2452561.795           16.1            8.4
    2452571.791           14.0            5.0
     2452589.81          -10.7            5.7
    2452603.782           17.8            4.9
    2452605.724           20.1            4.8
    2452616.772            9.6            5.9
    2452665.604           21.3            4.2
    2452668.611            3.0            5.3
    2452837.972           -1.4            5.4
    2452861.963           -5.8            4.1
    2452863.985            9.5            5.2
    2452879.918           -0.5            4.2
    2452880.947          -13.6            5.0
    2452898.911            2.0            4.7
    2452900.928           -0.4            4.8
    2452932.839           -6.2            4.3
    2452934.804            3.0            4.6
    2452963.753           -3.5            5.2
    2452965.809           22.1            5.4
     2453022.63            0.4            5.6
     2453208.01            9.0            3.8
    2453209.978           17.7            3.7
    2453214.961          -13.2            4.2
    2453231.961          -12.0            4.0
    2453233.909          -15.2            3.9
     2453235.96            1.3            4.2
    2453265.899          -11.5            3.8
    2453268.919           16.8            4.0
     2453269.81           15.1            3.5
    2453286.828            7.6            3.8
    2453324.713           14.4            5.5
    2453354.654            9.8            3.8
    2453400.642           -4.0            7.5
    2453550.983            8.0            4.4
    2453578.964          -12.0            4.6
    2453613.923           26.4            4.2
    2453654.771           22.9            4.1
    2453701.724           -1.0            4.6
    2453740.745           -6.3            4.7
    2453911.993           -7.3            3.6
    2453917.013           10.1            3.9
    2453934.974           22.6            3.9
    2453968.925           16.4            3.2
    2453981.851            5.7            3.8
    2453985.899           12.4            4.0
    2454055.755          -14.9            3.9
    2454297.975           -6.6            4.1
    2454300.974           25.8            4.0
    2454314.939           -7.1            3.6
    2454318.981           -1.8            4.2
    2454344.859           -5.3            4.3
    2454348.917           -9.5            4.0
    2454391.887           12.1            5.4
    2454394.775           12.1            4.2
    2454418.777            2.3            4.5
    2454420.763            4.6            4.2
    2454440.653          -10.5            3.4
    2454443.651            9.4            3.6
    2454481.638           -7.6            3.9
    2454503.651           -2.0            4.3
    2454645.984            6.6            4.5
    2454646.968            2.1            4.2
    2454668.009           -8.0            3.7
    2454681.904            8.3            3.8
     2454683.97           17.9            3.8
    2454711.893            9.6            4.1
    2454713.873           16.9            4.2
    2454715.882           16.5            4.6
    2454716.875            3.8            4.1
    2454753.885           -6.2            3.6
     2454755.85            3.0            3.8
    2454777.733           19.8            4.1
    2454806.796            3.9            5.5
     2454808.77           16.3            4.3
    2454809.763           17.4            6.1
    2455026.973           14.4            5.7
    2455063.965          -13.2            5.0
    2455099.996            4.3            4.9
    2455116.856            2.8            6.8
    2455154.739           19.6            7.6
    2455174.788            3.2            5.8
    2455364.972            1.7            5.0
    2455419.012           -4.5            4.7
    2455446.847           -8.6            3.6
    2455446.856           -9.7            3.1
    2455463.833           10.1            5.2
    2455466.842            5.2            4.8
    2455569.653            7.0            4.1
    2455571.713           -0.2            4.6
    2455572.671           -2.4            4.8
    2455621.621            2.1            4.6
    2455757.974           19.6            5.0
    2455803.919           -3.1            4.3
    2455806.936            8.4            4.3
    2455828.781           27.0            4.2
    2455831.849           -9.2            5.1
    2455861.842           -1.2            4.2
    2455864.796           -9.0            4.4
    2455892.745           12.0            4.9
