    2451745.994            5.9            4.3
    2451778.895           -7.1            3.7
    2451808.867            3.3            3.6
    2451853.766           -0.1            4.1
    2451856.801           13.6            4.6
    2451898.637            8.4            8.0
    2451932.609            7.5            3.9
    2452163.861            7.6            4.9
    2452175.851            4.8            4.0
    2452307.598            2.4            4.5
    2452465.989           -4.4            5.3
    2452483.985           15.6            5.0
    2452494.987            2.8            5.0
    2452517.936            1.0            5.2
     2452528.91            1.8            5.2
     2452530.91            8.1            4.5
    2452541.904            3.5            4.5
    2452543.883           13.9            5.0
    2452559.914           18.0            6.4
    2452561.795           13.2            8.4
    2452571.791            6.9            5.0
     2452589.81            1.3            5.7
    2452603.782           11.4            4.9
    2452605.724           -0.9            4.8
    2452616.772            2.9            5.9
    2452665.604            2.1            4.2
    2452668.611            4.9            5.3
    2452837.972            0.8            5.4
    2452861.963           -1.6            4.1
    2452863.985           14.7            5.2
    2452879.918            5.4            4.2
    2452880.947           -0.3            5.0
    2452898.911            4.8            4.7
    2452900.928           -0.9            4.8
    2452932.839            6.5            4.3
    2452934.804            7.3            4.6
    2452963.753            5.3            5.2
    2452965.809            4.3            5.4
     2453022.63           -0.4            5.6
     2453208.01            5.6            3.8
    2453209.978           -5.9            3.7
    2453214.961            3.5            4.2
    2453231.961            6.7            4.0
    2453233.909           -6.8            3.9
     2453235.96            9.2            4.2
    2453265.899           -0.1            3.8
    2453268.919            9.1            4.0
     2453269.81            2.4            3.5
    2453286.828           -3.5            3.8
    2453324.713           -1.9            5.5
    2453354.654           -3.3            3.8
    2453400.642           14.2            7.5
    2453550.983           10.2            4.4
    2453578.964            3.6            4.6
    2453613.923            5.2            4.2
    2453654.771            1.8            4.1
    2453701.724            1.4            4.6
    2453740.745            9.3            4.7
    2453911.993            1.2            3.6
    2453917.013            2.5            3.9
    2453934.974           13.6            3.9
    2453968.925           -7.8            3.2
    2453981.851           -6.1            3.8
    2453985.899           -0.1            4.0
    2454055.755            9.7            3.9
    2454297.975            2.6            4.1
    2454300.974            0.6            4.0
    2454314.939            6.5            3.6
    2454318.981           11.5            4.2
    2454344.859            0.3            4.3
    2454348.917            8.8            4.0
    2454391.887           15.7            5.4
    2454394.775           -3.7            4.2
    2454418.777           -1.6            4.5
    2454420.763            3.7            4.2
    2454440.653           17.3            3.4
    2454443.651           -2.2            3.6
    2454481.638           11.1            3.9
    2454503.651           -4.4            4.3
    2454645.984           -3.7            4.5
    2454646.968            3.1            4.2
    2454668.009            3.2            3.7
    2454681.904            1.8            3.8
     2454683.97            6.7            3.8
    2454711.893           17.2            4.1
    2454713.873           -0.5            4.2
    2454715.882            2.4            4.6
    2454716.875           -4.2            4.1
    2454753.885           -4.3            3.6
     2454755.85           -2.7            3.8
    2454777.733            1.3            4.1
    2454806.796           -3.6            5.5
     2454808.77            3.1            4.3
    2454809.763            6.8            6.1
    2455026.973            8.5            5.7
    2455063.965           21.0            5.0
    2455099.996            5.8            4.9
    2455116.856           13.5            6.8
    2455154.739            9.0            7.6
    2455174.788            2.5            5.8
    2455364.972            7.7            5.0
    2455419.012            5.8            4.7
    2455446.847            7.3            3.6
    2455446.856            7.2            3.1
    2455463.833            0.9            5.2
    2455466.842            8.6            4.8
    2455569.653            8.3            4.1
    2455571.713            4.0            4.6
    2455572.671           12.8            4.8
    2455621.621           12.5            4.6
    2455757.974           -7.6            5.0
    2455803.919           13.1            4.3
    2455806.936           -2.9            4.3
    2455828.781            6.9            4.2
    2455831.849           15.1            5.1
    2455861.842            7.8            4.2
    2455864.796            8.5            4.4
    2455892.745           17.0            4.9
