    2451745.994            1.7            4.3
    2451778.895           -1.8            3.7
    2451808.867            2.5            3.6
    2451853.766           10.1            4.1
    2451856.801           11.4            4.6
    2451898.637           13.6            8.0
    2451932.609           -0.3            3.9
    2452163.861            9.8            4.9
    2452175.851           -2.1            4.0
    2452307.598            8.6            4.5
    2452465.989            1.8            5.3
    2452483.985           17.5            5.0
    2452494.987           -7.5            5.0
    2452517.936           -2.4            5.2
     2452528.91           16.2            5.2
     2452530.91           14.9            4.5
    2452541.904            2.6            4.5
    2452543.883           18.2            5.0
    2452559.914            3.5            6.4
    2452561.795            7.6            8.4
    2452571.791            3.1            5.0
     2452589.81           -0.3            5.7
    2452603.782            2.4            4.9
    2452605.724           12.5            4.8
    2452616.772           -4.4            5.9
    2452665.604            6.5            4.2
    2452668.611           -6.7            5.3
    2452837.972            4.6            5.4
    2452861.963           -1.8            4.1
    2452863.985            9.6            5.2
    2452879.918           -3.6            4.2
    2452880.947           15.1            5.0
    2452898.911           -0.9            4.7
    2452900.928           10.2            4.8
    2452932.839           16.9            4.3
    2452934.804            8.0            4.6
    2452963.753           -5.0            5.2
    2452965.809            6.6            5.4
     2453022.63           18.0            5.6
     2453208.01           14.6            3.8
    2453209.978            3.0            3.7
    2453214.961            1.5            4.2
    2453231.961          -11.7            4.0
    2453233.909           -8.1            3.9
     2453235.96            5.0            4.2
    2453265.899            4.4            3.8
    2453268.919           -1.9            4.0
     2453269.81           13.6            3.5
    2453286.828            4.1            3.8
    2453324.713           13.5            5.5
    2453354.654           18.2            3.8
    2453400.642            0.0            7.5
    2453550.983            7.4            4.4
    2453578.964           -9.4            4.6
    2453613.923           -6.6            4.2
    2453654.771           12.6            4.1
    2453701.724           15.6            4.6
    2453740.745            0.9            4.7
    2453911.993            6.2            3.6
    2453917.013            8.0            3.9
    2453934.974           16.5            3.9
    2453968.925            0.1            3.2
    2453981.851           16.9            3.8
    2453985.899           -7.3            4.0
    2454055.755            0.4            3.9
    2454297.975           -2.3            4.1
    2454300.974           -2.6            4.0
    2454314.939            3.2            3.6
    2454318.981            5.8            4.2
    2454344.859            2.4            4.3
    2454348.917           13.2            4.0
    2454391.887           -2.0            5.4
    2454394.775          -10.6            4.2
    2454418.777            7.8            4.5
    2454420.763            8.7            4.2
    2454440.653           17.9            3.4
    2454443.651           16.7            3.6
    2454481.638          -11.3            3.9
    2454503.651           -3.0            4.3
    2454645.984            9.6            4.5
    2454646.968           16.9            4.2
    2454668.009           -8.3            3.7
    2454681.904           -0.6            3.8
     2454683.97            8.1            3.8
    2454711.893           -1.5            4.1
    2454713.873           11.6            4.2
    2454715.882           17.1            4.6
    2454716.875            4.6            4.1
    2454753.885            0.1            3.6
     2454755.85            9.1            3.8
    2454777.733           11.1            4.1
    2454806.796            1.6            5.5
     2454808.77            1.3            4.3
    2454809.763           11.4            6.1
    2455026.973           -5.2            5.7
    2455063.965            6.4            5.0
    2455099.996            9.3            4.9
    2455116.856           -8.6            6.8
    2455154.739           20.2            7.6
    2455174.788           14.4            5.8
    2455364.972           -2.0            5.0
    2455419.012           -6.3            4.7
    2455446.847            1.8            3.6
    2455446.856            1.5            3.1
    2455463.833           -9.5            5.2
    2455466.842            1.2            4.8
    2455569.653            5.2            4.1
    2455571.713           15.5            4.6
    2455572.671           -3.0            4.8
    2455621.621           14.6            4.6
    2455757.974            9.5            5.0
    2455803.919            3.6            4.3
    2455806.936           15.6            4.3
    2455828.781           -4.7            4.2
    2455831.849           13.7            5.1
    2455861.842           16.2            4.2
    2455864.796            8.0            4.4
    2455892.745           -0.4            4.9
