    2451745.994           -6.2            4.3
    2451778.895           10.4            3.7
    2451808.867           -1.7            3.6
    2451853.766            5.5            4.1
    2451856.801            9.8            4.6
    2451898.637           15.4            8.0
    2451932.609            5.2            3.9
    2452163.861           -8.7            4.9
    2452175.851           -2.0            4.0
    2452307.598            0.0            4.5
    2452465.989           -6.0            5.3
    2452483.985           -1.7            5.0
    2452494.987           11.2            5.0
    2452517.936            6.7            5.2
     2452528.91            8.1            5.2
     2452530.91            3.2            4.5
    2452541.904           10.5            4.5
    2452543.883           -1.8            5.0
    2452559.914            9.6            6.4
    2452561.795           15.1            8.4
    2452571.791            5.1            5.0
     2452589.81           16.6            5.7
    2452603.782           -3.4            4.9
    2452605.724            7.3            4.8
    2452616.772            3.3            5.9
    2452665.604            2.6            4.2
    2452668.611            4.8            5.3
    2452837.972            2.1            5.4
    2452861.963           13.8            4.1
    2452863.985            2.5            5.2
    2452879.918           -2.8            4.2
    2452880.947            8.0            5.0
    2452898.911           -6.1            4.7
    2452900.928            4.5            4.8
    2452932.839            6.8            4.3
    2452934.804           23.0            4.6
    2452963.753            6.1            5.2
    2452965.809            9.4            5.4
     2453022.63           16.2            5.6
     2453208.01            8.1            3.8
    2453209.978           -2.6            3.7
    2453214.961            2.5            4.2
    2453231.961            9.1            4.0
    2453233.909           11.1            3.9
     2453235.96           15.8            4.2
    2453265.899           -3.3            3.8
    2453268.919           -5.0            4.0
     2453269.81           -4.7            3.5
    2453286.828            7.5            3.8
    2453324.713            8.0            5.5
    2453354.654            4.0            3.8
    2453400.642            6.9            7.5
    2453550.983            2.0            4.4
    2453578.964           13.4            4.6
    2453613.923            3.1            4.2
    2453654.771            6.3            4.1
    2453701.724            0.8            4.6
    2453740.745            7.8            4.7
    2453911.993            3.1            3.6
    2453917.013            1.9            3.9
    2453934.974           -5.2            3.9
    2453968.925            3.2            3.2
    2453981.851            1.4            3.8
    2453985.899            6.6            4.0
    2454055.755           12.9            3.9
    2454297.975            8.2            4.1
    2454300.974           10.1            4.0
    2454314.939            0.7            3.6
    2454318.981            9.1            4.2
    2454344.859           13.6            4.3
    2454348.917           -1.0            4.0
    2454391.887           11.3            5.4
    2454394.775            8.9            4.2
    2454418.777            3.3            4.5
    2454420.763            3.2            4.2
    2454440.653          -10.4            3.4
    2454443.651           -8.3            3.6
    2454481.638           -0.1            3.9
    2454503.651            0.2            4.3
    2454645.984           13.8            4.5
    2454646.968            1.9            4.2
    2454668.009            7.8            3.7
    2454681.904           -4.8            3.8
     2454683.97           12.5            3.8
    2454711.893           11.6            4.1
    2454713.873            0.1            4.2
    2454715.882            7.2            4.6
    2454716.875            2.0            4.1
    2454753.885           -5.5            3.6
     2454755.85            9.2            3.8
    2454777.733           17.5            4.1
    2454806.796            7.5            5.5
     2454808.77            3.1            4.3
    2454809.763           10.0            6.1
    2455026.973           -1.9            5.7
    2455063.965           15.7            5.0
    2455099.996           -7.3            4.9
    2455116.856           10.6            6.8
    2455154.739           17.2            7.6
    2455174.788           -5.1            5.8
    2455364.972           12.5            5.0
    2455419.012           10.4            4.7
    2455446.847           11.7            3.6
    2455446.856           11.2            3.1
    2455463.833           -1.4            5.2
    2455466.842           -4.0            4.8
    2455569.653           12.3            4.1
    2455571.713            8.3            4.6
    2455572.671           15.9            4.8
    2455621.621           -9.0            4.6
    2455757.974            1.8            5.0
    2455803.919            7.2            4.3
    2455806.936            5.3            4.3
    2455828.781           -3.6            4.2
    2455831.849           -4.7            5.1
    2455861.842            6.3            4.2
    2455864.796           12.4            4.4
    2455892.745           13.9            4.9
