    2451745.994            5.6            4.3
    2451778.895            4.2            3.7
    2451808.867            5.5            3.6
    2451853.766           -2.6            4.1
    2451856.801            9.2            4.6
    2451898.637           13.8            8.0
    2451932.609            0.3            3.9
    2452163.861            6.2            4.9
    2452175.851            7.1            4.0
    2452307.598            7.4            4.5
    2452465.989            0.9            5.3
    2452483.985           12.5            5.0
    2452494.987            4.1            5.0
    2452517.936            0.3            5.2
     2452528.91           -2.9            5.2
     2452530.91            3.2            4.5
    2452541.904           10.7            4.5
    2452543.883            4.0            5.0
    2452559.914            1.4            6.4
    2452561.795            9.1            8.4
    2452571.791           11.7            5.0
     2452589.81            8.5            5.7
    2452603.782            2.0            4.9
    2452605.724           -0.8            4.8
    2452616.772            0.8            5.9
    2452665.604            9.5            4.2
    2452668.611            2.2            5.3
    2452837.972            0.4            5.4
    2452861.963            6.3            4.1
    2452863.985            6.5            5.2
    2452879.918            3.5            4.2
    2452880.947           14.5            5.0
    2452898.911           -2.2            4.7
    2452900.928            2.3            4.8
    2452932.839           10.0            4.3
    2452934.804            3.9            4.6
    2452963.753            3.5            5.2
    2452965.809            1.9            5.4
     2453022.63            5.6            5.6
     2453208.01           -6.3            3.8
    2453209.978            0.1            3.7
    2453214.961            9.2            4.2
    2453231.961            8.3            4.0
    2453233.909            4.1            3.9
     2453235.96           11.0            4.2
    2453265.899            6.9            3.8
    2453268.919            2.0            4.0
     2453269.81            7.2            3.5
    2453286.828            4.1            3.8
    2453324.713            4.8            5.5
    2453354.654           -0.0            3.8
    2453400.642            5.9            7.5
    2453550.983            0.2            4.4
    2453578.964           11.4            4.6
    2453613.923           -1.4            4.2
    2453654.771            6.6            4.1
    2453701.724            3.6            4.6
    2453740.745            0.1            4.7
    2453911.993           -3.6            3.6
    2453917.013            0.8            3.9
    2453934.974            4.4            3.9
    2453968.925           -1.5            3.2
    2453981.851            4.1            3.8
    2453985.899           -1.6            4.0
    2454055.755           10.9            3.9
    2454297.975            4.1            4.1
    2454300.974            0.9            4.0
    2454314.939            4.0            3.6
    2454318.981            4.2            4.2
    2454344.859           -3.5            4.3
    2454348.917            1.0            4.0
    2454391.887            7.9            5.4
    2454394.775            4.2            4.2
    2454418.777            5.7            4.5
    2454420.763            6.5            4.2
    2454440.653            3.4            3.4
    2454443.651           -1.5            3.6
    2454481.638            4.8            3.9
    2454503.651           -0.4            4.3
    2454645.984            4.7            4.5
    2454646.968           10.8            4.2
    2454668.009            7.9            3.7
    2454681.904            2.9            3.8
     2454683.97           -2.0            3.8
    2454711.893            5.5            4.1
    2454713.873            7.5            4.2
    2454715.882            5.8            4.6
    2454716.875           -2.9            4.1
    2454753.885            9.4            3.6
     2454755.85            9.0            3.8
    2454777.733            1.7            4.1
    2454806.796            5.5            5.5
     2454808.77            0.1            4.3
    2454809.763            8.6            6.1
    2455026.973            7.4            5.7
    2455063.965            4.9            5.0
    2455099.996            5.3            4.9
    2455116.856            8.2            6.8
    2455154.739            4.5            7.6
    2455174.788           -0.4            5.8
    2455364.972            2.5            5.0
    2455419.012            0.0            4.7
    2455446.847           -1.3            3.6
    2455446.856           -1.7            3.1
    2455463.833            7.4            5.2
    2455466.842            1.5            4.8
    2455569.653           -2.1            4.1
    2455571.713           -6.2            4.6
    2455572.671            2.3            4.8
    2455621.621            4.6            4.6
    2455757.974            3.5            5.0
    2455803.919           -1.1            4.3
    2455806.936            2.1            4.3
    2455828.781           -1.8            4.2
    2455831.849            7.4            5.1
    2455861.842            4.3            4.2
    2455864.796           -0.7            4.4
    2455892.745           13.9            4.9
