    2451745.994           -1.6            4.3
    2451778.895            2.1            3.7
    2451808.867            7.0            3.6
    2451853.766           -2.6            4.1
    2451856.801           17.5            4.6
    2451898.637            3.7            8.0
    2451932.609           -0.2            3.9
    2452163.861            1.5            4.9
    2452175.851            0.3            4.0
    2452307.598           -3.4            4.5
    2452465.989            7.3            5.3
    2452483.985            6.5            5.0
    2452494.987            0.8            5.0
    2452517.936            4.0            5.2
     2452528.91            4.9            5.2
     2452530.91           13.8            4.5
    2452541.904           -3.1            4.5
    2452543.883           -6.5            5.0
    2452559.914            1.9            6.4
    2452561.795            8.5            8.4
    2452571.791           -3.1            5.0
     2452589.81           17.1            5.7
    2452603.782           15.9            4.9
    2452605.724            7.1            4.8
    2452616.772            6.3            5.9
    2452665.604           -4.9            4.2
    2452668.611           10.2            5.3
    2452837.972            5.6            5.4
    2452861.963            2.3            4.1
    2452863.985           -0.5            5.2
    2452879.918            0.2            4.2
    2452880.947           -6.4            5.0
    2452898.911            6.6            4.7
    2452900.928            7.6            4.8
    2452932.839           11.5            4.3
    2452934.804            3.2            4.6
    2452963.753           14.4            5.2
    2452965.809            7.7            5.4
     2453022.63            4.5            5.6
     2453208.01           -0.1            3.8
    2453209.978            0.3            3.7
    2453214.961           -1.3            4.2
    2453231.961           -6.8            4.0
    2453233.909            4.5            3.9
     2453235.96            7.6            4.2
    2453265.899            7.2            3.8
    2453268.919            2.5            4.0
     2453269.81            8.2            3.5
    2453286.828            7.1            3.8
    2453324.713           -1.8            5.5
    2453354.654            8.8            3.8
    2453400.642            3.8            7.5
    2453550.983           13.2            4.4
    2453578.964           13.5            4.6
    2453613.923            7.5            4.2
    2453654.771           -1.8            4.1
    2453701.724            5.0            4.6
    2453740.745            9.3            4.7
    2453911.993            0.0            3.6
    2453917.013            8.4            3.9
    2453934.974            9.6            3.9
    2453968.925           -4.4            3.2
    2453981.851           17.0            3.8
    2453985.899            7.7            4.0
    2454055.755          -11.5            3.9
    2454297.975           11.3            4.1
    2454300.974            4.0            4.0
    2454314.939            2.5            3.6
    2454318.981           11.3            4.2
    2454344.859           12.0            4.3
    2454348.917            7.2            4.0
    2454391.887           -1.4            5.4
    2454394.775            0.2            4.2
    2454418.777            6.7            4.5
    2454420.763           -5.8            4.2
    2454440.653            9.8            3.4
    2454443.651           -4.5            3.6
    2454481.638            3.4            3.9
    2454503.651           16.7            4.3
    2454645.984           17.4            4.5
    2454646.968           15.0            4.2
    2454668.009            6.1            3.7
    2454681.904           12.2            3.8
     2454683.97           13.3            3.8
    2454711.893           17.8            4.1
    2454713.873            6.4            4.2
    2454715.882           -3.3            4.6
    2454716.875            3.8            4.1
    2454753.885           14.7            3.6
     2454755.85           10.6            3.8
    2454777.733            7.2            4.1
    2454806.796            4.8            5.5
     2454808.77           -0.4            4.3
    2454809.763           13.2            6.1
    2455026.973           11.9            5.7
    2455063.965            0.7            5.0
    2455099.996            8.0            4.9
    2455116.856            2.3            6.8
    2455154.739           11.4            7.6
    2455174.788            4.9            5.8
    2455364.972           17.1            5.0
    2455419.012            4.0            4.7
    2455446.847           -0.2            3.6
    2455446.856           -0.8            3.1
    2455463.833            5.6            5.2
    2455466.842           -2.8            4.8
    2455569.653           -0.4            4.1
    2455571.713            6.3            4.6
    2455572.671           15.6            4.8
    2455621.621            7.9            4.6
    2455757.974           22.1            5.0
    2455803.919            2.1            4.3
    2455806.936           18.1            4.3
    2455828.781           -1.5            4.2
    2455831.849           -6.1            5.1
    2455861.842           -7.9            4.2
    2455864.796            6.2            4.4
    2455892.745           -3.5            4.9
