    2451745.994           15.6            4.3
    2451778.895            5.6            3.7
    2451808.867           -9.1            3.6
    2451853.766           -5.0            4.1
    2451856.801           10.9            4.6
    2451898.637           12.4            8.0
    2451932.609           -1.6            3.9
    2452163.861           10.6            4.9
    2452175.851           20.1            4.0
    2452307.598           12.5            4.5
    2452465.989           17.6            5.3
    2452483.985            6.6            5.0
    2452494.987            5.6            5.0
    2452517.936          -11.0            5.2
     2452528.91           -4.2            5.2
     2452530.91            2.3            4.5
    2452541.904           -1.2            4.5
    2452543.883           -1.6            5.0
    2452559.914           19.7            6.4
    2452561.795           14.1            8.4
    2452571.791           16.4            5.0
     2452589.81           13.7            5.7
    2452603.782            4.2            4.9
    2452605.724           14.3            4.8
    2452616.772            1.9            5.9
    2452665.604            2.3            4.2
    2452668.611           -2.4            5.3
    2452837.972           -0.4            5.4
    2452861.963            7.5            4.1
    2452863.985           14.7            5.2
    2452879.918           12.0            4.2
    2452880.947            5.6            5.0
    2452898.911            6.1            4.7
    2452900.928            1.1            4.8
    2452932.839           -1.0            4.3
    2452934.804            8.6            4.6
    2452963.753           11.6            5.2
    2452965.809           10.9            5.4
     2453022.63           -1.1            5.6
     2453208.01           -1.6            3.8
    2453209.978           -1.5            3.7
    2453214.961            1.7            4.2
    2453231.961            4.5            4.0
    2453233.909           12.1            3.9
     2453235.96            6.3            4.2
    2453265.899           10.7            3.8
    2453268.919           18.3            4.0
     2453269.81           17.7            3.5
    2453286.828           -5.5            3.8
    2453324.713           -2.5            5.5
    2453354.654            9.1            3.8
    2453400.642            9.2            7.5
    2453550.983            9.1            4.4
    2453578.964            1.3            4.6
    2453613.923           -4.4            4.2
    2453654.771           10.5            4.1
    2453701.724           -0.3            4.6
    2453740.745           -9.3            4.7
    2453911.993           -0.2            3.6
    2453917.013            7.2            3.9
    2453934.974            8.1            3.9
    2453968.925           11.5            3.2
    2453981.851            6.6            3.8
    2453985.899           -6.1            4.0
    2454055.755            8.3            3.9
    2454297.975           -2.1            4.1
    2454300.974           -0.9            4.0
    2454314.939           -8.2            3.6
    2454318.981           -3.1            4.2
    2454344.859            8.5            4.3
    2454348.917            7.0            4.0
    2454391.887            3.6            5.4
    2454394.775           -3.6            4.2
    2454418.777           -3.6            4.5
    2454420.763            3.7            4.2
    2454440.653           -0.7            3.4
    2454443.651           -5.0            3.6
    2454481.638           11.2            3.9
    2454503.651           -6.1            4.3
    2454645.984           13.7            4.5
    2454646.968           11.7            4.2
    2454668.009           -2.6            3.7
    2454681.904           -2.0            3.8
     2454683.97          -12.2            3.8
    2454711.893            9.5            4.1
    2454713.873            1.5            4.2
    2454715.882           12.6            4.6
    2454716.875            9.1            4.1
    2454753.885            7.2            3.6
     2454755.85           17.0            3.8
    2454777.733            2.3            4.1
    2454806.796           -6.6            5.5
     2454808.77          -15.3            4.3
    2454809.763           -8.1            6.1
    2455026.973           15.0            5.7
    2455063.965           -5.3            5.0
    2455099.996            3.5            4.9
    2455116.856            4.8            6.8
    2455154.739           27.6            7.6
    2455174.788           11.7            5.8
    2455364.972            4.5            5.0
    2455419.012           18.1            4.7
    2455446.847           11.6            3.6
    2455446.856           10.9            3.1
    2455463.833           12.9            5.2
    2455466.842            0.6            4.8
    2455569.653           17.6            4.1
    2455571.713            4.8            4.6
    2455572.671            9.7            4.8
    2455621.621           -5.5            4.6
    2455757.974            1.1            5.0
    2455803.919            5.0            4.3
    2455806.936           -1.2            4.3
    2455828.781           11.6            4.2
    2455831.849            4.8            5.1
    2455861.842            4.1            4.2
    2455864.796           11.2            4.4
    2455892.745           -0.3            4.9
