    2451745.994            0.3            4.3
    2451778.895           -0.7            3.7
    2451808.867            2.9            3.6
    2451853.766            8.4            4.1
    2451856.801            7.6            4.6
    2451898.637            5.2            8.0
    2451932.609            1.8            3.9
    2452163.861            0.7            4.9
    2452175.851            4.0            4.0
    2452307.598            7.1            4.5
    2452465.989            1.6            5.3
    2452483.985            3.0            5.0
    2452494.987            3.1            5.0
    2452517.936            4.5            5.2
     2452528.91            3.0            5.2
     2452530.91            0.9            4.5
    2452541.904            7.4            4.5
    2452543.883            5.1            5.0
    2452559.914            7.2            6.4
    2452561.795            6.4            8.4
    2452571.791            8.4            5.0
     2452589.81            9.3            5.7
    2452603.782            6.7            4.9
    2452605.724            8.3            4.8
    2452616.772            2.8            5.9
    2452665.604            0.8            4.2
    2452668.611            5.0            5.3
    2452837.972            7.7            5.4
    2452861.963            2.6            4.1
    2452863.985            1.3            5.2
    2452879.918            1.2            4.2
    2452880.947            1.1            5.0
    2452898.911            0.7            4.7
    2452900.928            2.0            4.8
    2452932.839            0.8            4.3
    2452934.804            2.7            4.6
    2452963.753            2.2            5.2
    2452965.809            1.3            5.4
     2453022.63            8.8            5.6
     2453208.01            8.3            3.8
    2453209.978            7.0            3.7
    2453214.961            1.1            4.2
    2453231.961            0.4            4.0
    2453233.909            0.1            3.9
     2453235.96            2.4            4.2
    2453265.899           -0.6            3.8
    2453268.919            1.1            4.0
     2453269.81            1.8            3.5
    2453286.828            2.7            3.8
    2453324.713            9.9            5.5
    2453354.654            4.8            3.8
    2453400.642            3.1            7.5
    2453550.983            0.0            4.4
    2453578.964            5.9            4.6
    2453613.923            3.5            4.2
    2453654.771            3.5            4.1
    2453701.724            0.6            4.6
    2453740.745            8.2            4.7
    2453911.993            6.3            3.6
    2453917.013            0.1            3.9
    2453934.974           -0.5            3.9
    2453968.925           -0.9            3.2
    2453981.851            2.3            3.8
    2453985.899            0.4            4.0
    2454055.755            3.3            3.9
    2454297.975            4.9            4.1
    2454300.974            0.9            4.0
    2454314.939            3.7            3.6
    2454318.981            0.1            4.2
    2454344.859            7.8            4.3
    2454348.917            2.8            4.0
    2454391.887            7.9            5.4
    2454394.775            8.4            4.2
    2454418.777            1.1            4.5
    2454420.763            1.1            4.2
    2454440.653            4.1            3.4
    2454443.651            7.6            3.6
    2454481.638            4.2            3.9
    2454503.651            0.1            4.3
    2454645.984            8.1            4.5
    2454646.968            7.0            4.2
    2454668.009            1.1            3.7
    2454681.904            5.3            3.8
     2454683.97            2.3            3.8
    2454711.893            8.3            4.1
    2454713.873            7.3            4.2
    2454715.882            5.0            4.6
    2454716.875            3.0            4.1
    2454753.885           -0.9            3.6
     2454755.85            0.6            3.8
    2454777.733            7.6            4.1
    2454806.796            4.1            5.5
     2454808.77            5.9            4.3
    2454809.763            9.0            6.1
    2455026.973            7.8            5.7
    2455063.965            8.7            5.0
    2455099.996            5.9            4.9
    2455116.856            7.4            6.8
    2455154.739            3.1            7.6
    2455174.788            4.3            5.8
    2455364.972            8.9            5.0
    2455419.012            2.6            4.7
    2455446.847            7.3            3.6
    2455446.856            6.8            3.1
    2455463.833            9.2            5.2
    2455466.842            6.5            4.8
    2455569.653            1.6            4.1
    2455571.713            0.3            4.6
    2455572.671            0.3            4.8
    2455621.621            1.2            4.6
    2455757.974            2.2            5.0
    2455803.919            1.9            4.3
    2455806.936            0.3            4.3
    2455828.781            6.0            4.2
    2455831.849            8.6            5.1
    2455861.842            5.7            4.2
    2455864.796            8.3            4.4
    2455892.745            3.3            4.9
