    2451745.994           13.4            4.3
    2451778.895           16.7            3.7
    2451808.867            9.6            3.6
    2451853.766           -7.3            4.1
    2451856.801           10.3            4.6
    2451898.637           16.9            8.0
    2451932.609            7.8            3.9
    2452163.861           -5.5            4.9
    2452175.851           11.1            4.0
    2452307.598           -2.9            4.5
    2452465.989            1.0            5.3
    2452483.985           11.9            5.0
    2452494.987           16.0            5.0
    2452517.936           -3.0            5.2
     2452528.91            3.3            5.2
     2452530.91           -5.7            4.5
    2452541.904           -4.4            4.5
    2452543.883           -0.4            5.0
    2452559.914           18.4            6.4
    2452561.795            8.0            8.4
    2452571.791           -2.8            5.0
     2452589.81           -0.2            5.7
    2452603.782            9.9            4.9
    2452605.724           10.3            4.8
    2452616.772           17.4            5.9
    2452665.604            0.1            4.2
    2452668.611           16.4            5.3
    2452837.972           12.7            5.4
    2452861.963            9.0            4.1
    2452863.985           19.1            5.2
    2452879.918           -3.0            4.2
    2452880.947           10.2            5.0
    2452898.911            9.7            4.7
    2452900.928           15.7            4.8
    2452932.839           -1.5            4.3
    2452934.804            2.3            4.6
    2452963.753           11.6            5.2
    2452965.809            9.5            5.4
     2453022.63           10.9            5.6
     2453208.01           -0.8            3.8
    2453209.978           -8.7            3.7
    2453214.961            4.0            4.2
    2453231.961           -1.8            4.0
    2453233.909           -3.2            3.9
     2453235.96           -9.6            4.2
    2453265.899            4.9            3.8
    2453268.919           -1.9            4.0
     2453269.81           10.8            3.5
    2453286.828           16.9            3.8
    2453324.713            2.3            5.5
    2453354.654           11.8            3.8
    2453400.642            7.6            7.5
    2453550.983           -2.9            4.4
    2453578.964           -5.7            4.6
    2453613.923           -1.1            4.2
    2453654.771            1.2            4.1
    2453701.724           10.7            4.6
    2453740.745           13.1            4.7
    2453911.993           12.9            3.6
    2453917.013            6.5            3.9
    2453934.974           -0.8            3.9
    2453968.925            7.8            3.2
    2453981.851            8.9            3.8
    2453985.899            7.8            4.0
    2454055.755           12.8            3.9
    2454297.975            7.0            4.1
    2454300.974            5.8            4.0
    2454314.939           -1.7            3.6
    2454318.981            0.0            4.2
    2454344.859           -2.3            4.3
    2454348.917            1.4            4.0
    2454391.887            9.5            5.4
    2454394.775          -11.1            4.2
    2454418.777           -4.2            4.5
    2454420.763           -2.0            4.2
    2454440.653           -6.2            3.4
    2454443.651            9.4            3.6
    2454481.638          -13.0            3.9
    2454503.651           -5.3            4.3
    2454645.984            6.7            4.5
    2454646.968           -1.3            4.2
    2454668.009           -0.7            3.7
    2454681.904            5.4            3.8
     2454683.97           -2.1            3.8
    2454711.893            1.6            4.1
    2454713.873          -10.3            4.2
    2454715.882           -1.8            4.6
    2454716.875           10.9            4.1
    2454753.885           11.2            3.6
     2454755.85            6.6            3.8
    2454777.733            6.6            4.1
    2454806.796            3.8            5.5
     2454808.77            5.5            4.3
    2454809.763            4.0            6.1
    2455026.973            9.4            5.7
    2455063.965           11.0            5.0
    2455099.996           -7.0            4.9
    2455116.856           14.2            6.8
    2455154.739            3.4            7.6
    2455174.788           11.7            5.8
    2455364.972            0.1            5.0
    2455419.012           -8.1            4.7
    2455446.847            8.3            3.6
    2455446.856            7.5            3.1
    2455463.833            9.0            5.2
    2455466.842           -6.8            4.8
    2455569.653            7.6            4.1
    2455571.713           11.7            4.6
    2455572.671            5.9            4.8
    2455621.621            6.2            4.6
    2455757.974            1.0            5.0
    2455803.919           12.0            4.3
    2455806.936           11.0            4.3
    2455828.781            7.2            4.2
    2455831.849           -0.8            5.1
    2455861.842           -6.1            4.2
    2455864.796            6.3            4.4
    2455892.745            8.5            4.9
