    2451745.994            7.6            4.3
    2451778.895           25.7            3.7
    2451808.867            7.5            3.6
    2451853.766           -5.0            4.1
    2451856.801            2.3            4.6
    2451898.637            3.1            8.0
    2451932.609           25.1            3.9
    2452163.861           11.8            4.9
    2452175.851           15.2            4.0
    2452307.598            9.7            4.5
    2452465.989          -23.9            5.3
    2452483.985           -5.6            5.0
    2452494.987           11.3            5.0
    2452517.936           11.1            5.2
     2452528.91          -11.1            5.2
     2452530.91            4.5            4.5
    2452541.904           17.5            4.5
    2452543.883           26.3            5.0
    2452559.914           17.4            6.4
    2452561.795           28.9            8.4
    2452571.791           -2.0            5.0
     2452589.81            2.7            5.7
    2452603.782           -0.2            4.9
    2452605.724           18.4            4.8
    2452616.772           30.9            5.9
    2452665.604            9.4            4.2
    2452668.611            7.6            5.3
    2452837.972           17.4            5.4
    2452861.963           -2.8            4.1
    2452863.985           18.1            5.2
    2452879.918           -6.6            4.2
    2452880.947            6.0            5.0
    2452898.911          -15.9            4.7
    2452900.928           20.7            4.8
    2452932.839            4.2            4.3
    2452934.804          -13.3            4.6
    2452963.753           -2.0            5.2
    2452965.809           10.5            5.4
     2453022.63           21.0            5.6
     2453208.01           21.1            3.8
    2453209.978           16.7            3.7
    2453214.961            0.6            4.2
    2453231.961            5.6            4.0
    2453233.909           16.5            3.9
     2453235.96            8.2            4.2
    2453265.899           -6.2            3.8
    2453268.919           -0.3            4.0
     2453269.81           11.3            3.5
    2453286.828          -27.6            3.8
    2453324.713            1.1            5.5
    2453354.654           14.7            3.8
    2453400.642           18.6            7.5
    2453550.983            7.3            4.4
    2453578.964           28.4            4.6
    2453613.923            7.0            4.2
    2453654.771          -12.0            4.1
    2453701.724            6.8            4.6
    2453740.745           23.4            4.7
    2453911.993            5.7            3.6
    2453917.013            9.0            3.9
    2453934.974           12.7            3.9
    2453968.925            0.4            3.2
    2453981.851            6.1            3.8
    2453985.899            0.8            4.0
    2454055.755           16.4            3.9
    2454297.975            7.3            4.1
    2454300.974           -7.2            4.0
    2454314.939           25.2            3.6
    2454318.981          -14.1            4.2
    2454344.859           13.7            4.3
    2454348.917          -15.8            4.0
    2454391.887          -12.3            5.4
    2454394.775           10.4            4.2
    2454418.777            4.2            4.5
    2454420.763          -20.9            4.2
    2454440.653          -15.3            3.4
    2454443.651           12.4            3.6
    2454481.638            6.5            3.9
    2454503.651           -3.0            4.3
    2454645.984           12.9            4.5
    2454646.968           16.1            4.2
    2454668.009          -14.7            3.7
    2454681.904            3.1            3.8
     2454683.97           31.9            3.8
    2454711.893           19.8            4.1
    2454713.873           25.9            4.2
    2454715.882            3.1            4.6
    2454716.875          -12.2            4.1
    2454753.885           11.1            3.6
     2454755.85           24.4            3.8
    2454777.733           10.7            4.1
    2454806.796           -4.0            5.5
     2454808.77          -12.2            4.3
    2454809.763          -14.6            6.1
    2455026.973            4.0            5.7
    2455063.965            3.7            5.0
    2455099.996            7.0            4.9
    2455116.856           17.9            6.8
    2455154.739           20.5            7.6
    2455174.788            4.2            5.8
    2455364.972          -12.4            5.0
    2455419.012           14.4            4.7
    2455446.847          -17.7            3.6
    2455446.856          -17.5            3.1
    2455463.833          -11.0            5.2
    2455466.842           13.6            4.8
    2455569.653           12.5            4.1
    2455571.713           13.5            4.6
    2455572.671           13.1            4.8
    2455621.621           11.5            4.6
    2455757.974            5.6            5.0
    2455803.919          -22.1            4.3
    2455806.936           15.6            4.3
    2455828.781           16.4            4.2
    2455831.849           -8.3            5.1
    2455861.842            4.4            4.2
    2455864.796            0.7            4.4
    2455892.745           28.3            4.9
