    2451745.994           17.3            4.3
    2451778.895          -12.3            3.7
    2451808.867            9.5            3.6
    2451853.766           -1.2            4.1
    2451856.801           -8.4            4.6
    2451898.637           14.0            8.0
    2451932.609           13.3            3.9
    2452163.861           13.2            4.9
    2452175.851           -1.6            4.0
    2452307.598           18.9            4.5
    2452465.989           11.5            5.3
    2452483.985            5.6            5.0
    2452494.987           10.5            5.0
    2452517.936           14.7            5.2
     2452528.91           14.4            5.2
     2452530.91           -7.8            4.5
    2452541.904           -1.9            4.5
    2452543.883           10.4            5.0
    2452559.914           -3.8            6.4
    2452561.795            5.2            8.4
    2452571.791            4.8            5.0
     2452589.81           18.0            5.7
    2452603.782           16.0            4.9
    2452605.724           -0.1            4.8
    2452616.772           -3.6            5.9
    2452665.604           -8.2            4.2
    2452668.611           -1.7            5.3
    2452837.972           11.8            5.4
    2452861.963           -5.0            4.1
    2452863.985            2.1            5.2
    2452879.918            4.8            4.2
    2452880.947           14.0            5.0
    2452898.911           -8.0            4.7
    2452900.928           11.9            4.8
    2452932.839           12.3            4.3
    2452934.804            7.2            4.6
    2452963.753           11.1            5.2
    2452965.809            0.5            5.4
     2453022.63            2.3            5.6
     2453208.01            3.2            3.8
    2453209.978           -6.5            3.7
    2453214.961           14.9            4.2
    2453231.961            9.6            4.0
    2453233.909           -3.4            3.9
     2453235.96           -2.3            4.2
    2453265.899            9.3            3.8
    2453268.919            8.5            4.0
     2453269.81           10.8            3.5
    2453286.828           17.8            3.8
    2453324.713            2.4            5.5
    2453354.654           -6.3            3.8
    2453400.642            1.1            7.5
    2453550.983            1.9            4.4
    2453578.964           -9.2            4.6
    2453613.923           -1.6            4.2
    2453654.771           11.4            4.1
    2453701.724           10.5            4.6
    2453740.745            2.9            4.7
    2453911.993            8.1            3.6
    2453917.013           15.0            3.9
    2453934.974            9.7            3.9
    2453968.925           10.4            3.2
    2453981.851           -3.4            3.8
    2453985.899            6.0            4.0
    2454055.755           12.7            3.9
    2454297.975           11.4            4.1
    2454300.974            9.8            4.0
    2454314.939           15.4            3.6
    2454318.981           -7.6            4.2
    2454344.859           -9.9            4.3
    2454348.917           12.3            4.0
    2454391.887           12.1            5.4
    2454394.775            3.9            4.2
    2454418.777           14.4            4.5
    2454420.763           10.2            4.2
    2454440.653            1.2            3.4
    2454443.651           -0.4            3.6
    2454481.638           12.3            3.9
    2454503.651           -2.9            4.3
    2454645.984           16.9            4.5
    2454646.968            2.0            4.2
    2454668.009           -1.3            3.7
    2454681.904           -4.7            3.8
     2454683.97            8.1            3.8
    2454711.893           15.6            4.1
    2454713.873           -7.5            4.2
    2454715.882            4.3            4.6
    2454716.875           -0.3            4.1
    2454753.885           -3.4            3.6
     2454755.85            8.0            3.8
    2454777.733           -2.0            4.1
    2454806.796            6.8            5.5
     2454808.77           -4.9            4.3
    2454809.763           16.9            6.1
    2455026.973            0.1            5.7
    2455063.965           15.5            5.0
    2455099.996           -0.7            4.9
    2455116.856           -6.0            6.8
    2455154.739           -0.7            7.6
    2455174.788           -4.4            5.8
    2455364.972           -1.6            5.0
    2455419.012           -1.6            4.7
    2455446.847           12.7            3.6
    2455446.856           12.1            3.1
    2455463.833           16.0            5.2
    2455466.842           12.2            4.8
    2455569.653            2.9            4.1
    2455571.713           -9.5            4.6
    2455572.671            0.7            4.8
    2455621.621            2.8            4.6
    2455757.974           11.3            5.0
    2455803.919           16.2            4.3
    2455806.936            9.8            4.3
    2455828.781            0.1            4.2
    2455831.849           10.1            5.1
    2455861.842            7.5            4.2
    2455864.796            7.9            4.4
    2455892.745           10.3            4.9
