    2451745.994          -10.9            4.3
    2451778.895            8.7            3.7
    2451808.867           16.1            3.6
    2451853.766           19.1            4.1
    2451856.801           -2.3            4.6
    2451898.637           17.1            8.0
    2451932.609          -14.0            3.9
    2452163.861            5.7            4.9
    2452175.851           19.8            4.0
    2452307.598          -10.3            4.5
    2452465.989           -5.2            5.3
    2452483.985           19.8            5.0
    2452494.987           -9.1            5.0
    2452517.936           -5.0            5.2
     2452528.91           19.3            5.2
     2452530.91           -2.4            4.5
    2452541.904           10.6            4.5
    2452543.883           17.7            5.0
    2452559.914            0.3            6.4
    2452561.795           -5.9            8.4
    2452571.791           11.8            5.0
     2452589.81            1.7            5.7
    2452603.782           14.3            4.9
    2452605.724           -8.9            4.8
    2452616.772           18.5            5.9
    2452665.604          -10.7            4.2
    2452668.611           15.6            5.3
    2452837.972            3.4            5.4
    2452861.963           -9.1            4.1
    2452863.985            9.5            5.2
    2452879.918           16.0            4.2
    2452880.947           16.0            5.0
    2452898.911           -8.6            4.7
    2452900.928            9.6            4.8
    2452932.839           15.0            4.3
    2452934.804           -1.3            4.6
    2452963.753           10.0            5.2
    2452965.809           -8.8            5.4
     2453022.63           16.1            5.6
     2453208.01            7.3            3.8
    2453209.978           14.4            3.7
    2453214.961           -1.4            4.2
    2453231.961           18.5            4.0
    2453233.909            5.5            3.9
     2453235.96          -10.2            4.2
    2453265.899           -5.3            3.8
    2453268.919           19.3            4.0
     2453269.81           18.8            3.5
    2453286.828           -4.5            3.8
    2453324.713           -5.5            5.5
    2453354.654           -9.4            3.8
    2453400.642           -0.4            7.5
    2453550.983           -7.7            4.4
    2453578.964           -7.6            4.6
    2453613.923           13.2            4.2
    2453654.771           -5.4            4.1
    2453701.724            8.8            4.6
    2453740.745           12.1            4.7
    2453911.993            7.6            3.6
    2453917.013          -14.3            3.9
    2453934.974           14.7            3.9
    2453968.925          -12.6            3.2
    2453981.851           11.3            3.8
    2453985.899            4.6            4.0
    2454055.755           11.0            3.9
    2454297.975          -10.2            4.1
    2454300.974           12.1            4.0
    2454314.939           -2.9            3.6
    2454318.981           -0.1            4.2
    2454344.859           -4.4            4.3
    2454348.917           -0.5            4.0
    2454391.887           17.6            5.4
    2454394.775           -7.6            4.2
    2454418.777            3.3            4.5
    2454420.763           22.2            4.2
    2454440.653           -8.6            3.4
    2454443.651           14.2            3.6
    2454481.638           12.3            3.9
    2454503.651           13.8            4.3
    2454645.984           14.2            4.5
    2454646.968           21.9            4.2
    2454668.009           15.1            3.7
    2454681.904           -3.6            3.8
     2454683.97           17.7            3.8
    2454711.893            5.2            4.1
    2454713.873           21.2            4.2
    2454715.882           -1.4            4.6
    2454716.875          -12.0            4.1
    2454753.885          -13.3            3.6
     2454755.85            0.6            3.8
    2454777.733           -3.9            4.1
    2454806.796           -4.7            5.5
     2454808.77           15.4            4.3
    2454809.763           24.5            6.1
    2455026.973            9.5            5.7
    2455063.965           10.4            5.0
    2455099.996            7.7            4.9
    2455116.856           21.7            6.8
    2455154.739           27.4            7.6
    2455174.788            8.2            5.8
    2455364.972           15.7            5.0
    2455419.012            1.2            4.7
    2455446.847           15.0            3.6
    2455446.856           14.9            3.1
    2455463.833            8.0            5.2
    2455466.842           -7.1            4.8
    2455569.653          -12.5            4.1
    2455571.713           11.3            4.6
    2455572.671           21.7            4.8
    2455621.621          -14.7            4.6
    2455757.974           -9.7            5.0
    2455803.919           -4.2            4.3
    2455806.936           14.6            4.3
    2455828.781           19.0            4.2
    2455831.849           -8.3            5.1
    2455861.842          -13.4            4.2
    2455864.796           14.6            4.4
    2455892.745           -7.0            4.9
