    2451745.994           -5.2            4.3
    2451778.895            9.8            3.7
    2451808.867           -0.7            3.6
    2451853.766           16.6            4.1
    2451856.801            3.5            4.6
    2451898.637           10.6            8.0
    2451932.609            6.7            3.9
    2452163.861           -8.2            4.9
    2452175.851          -10.1            4.0
    2452307.598            8.6            4.5
    2452465.989           10.0            5.3
    2452483.985           -4.6            5.0
    2452494.987            5.9            5.0
    2452517.936          -10.6            5.2
     2452528.91           17.7            5.2
     2452530.91           11.6            4.5
    2452541.904           11.5            4.5
    2452543.883           21.7            5.0
    2452559.914          -15.7            6.4
    2452561.795           12.2            8.4
    2452571.791           10.3            5.0
     2452589.81            5.7            5.7
    2452603.782            7.4            4.9
    2452605.724           21.9            4.8
    2452616.772           29.4            5.9
    2452665.604            1.0            4.2
    2452668.611           -5.8            5.3
    2452837.972           14.2            5.4
    2452861.963           -0.3            4.1
    2452863.985            9.3            5.2
    2452879.918           16.9            4.2
    2452880.947           -5.1            5.0
    2452898.911            7.1            4.7
    2452900.928           -4.4            4.8
    2452932.839            5.3            4.3
    2452934.804          -16.8            4.6
    2452963.753          -20.9            5.2
    2452965.809            1.8            5.4
     2453022.63           10.5            5.6
     2453208.01            3.4            3.8
    2453209.978           14.0            3.7
    2453214.961           -0.9            4.2
    2453231.961           -0.7            4.0
    2453233.909           14.5            3.9
     2453235.96           -2.6            4.2
    2453265.899            7.0            3.8
    2453268.919            8.2            4.0
     2453269.81           -6.3            3.5
    2453286.828           16.0            3.8
    2453324.713           18.9            5.5
    2453354.654            3.9            3.8
    2453400.642           -5.9            7.5
    2453550.983           -7.9            4.4
    2453578.964           -8.3            4.6
    2453613.923            0.6            4.2
    2453654.771          -17.5            4.1
    2453701.724            9.2            4.6
    2453740.745           20.7            4.7
    2453911.993            2.7            3.6
    2453917.013           -7.2            3.9
    2453934.974           -7.7            3.9
    2453968.925           -0.3            3.2
    2453981.851            4.5            3.8
    2453985.899           14.4            4.0
    2454055.755           15.0            3.9
    2454297.975           -9.4            4.1
    2454300.974            3.0            4.0
    2454314.939           20.4            3.6
    2454318.981           12.6            4.2
    2454344.859            0.9            4.3
    2454348.917           23.9            4.0
    2454391.887            2.3            5.4
    2454394.775           -0.5            4.2
    2454418.777           17.5            4.5
    2454420.763            7.3            4.2
    2454440.653            5.6            3.4
    2454443.651           11.9            3.6
    2454481.638           -4.9            3.9
    2454503.651            0.2            4.3
    2454645.984           -6.2            4.5
    2454646.968            8.0            4.2
    2454668.009           -8.1            3.7
    2454681.904           13.8            3.8
     2454683.97            7.9            3.8
    2454711.893           14.9            4.1
    2454713.873           -2.7            4.2
    2454715.882          -16.4            4.6
    2454716.875            3.3            4.1
    2454753.885            5.7            3.6
     2454755.85            4.2            3.8
    2454777.733           -5.1            4.1
    2454806.796           24.2            5.5
     2454808.77           16.4            4.3
    2454809.763           -2.3            6.1
    2455026.973           18.9            5.7
    2455063.965           -2.8            5.0
    2455099.996            0.9            4.9
    2455116.856            1.5            6.8
    2455154.739            8.6            7.6
    2455174.788           10.4            5.8
    2455364.972          -13.7            5.0
    2455419.012            6.9            4.7
    2455446.847            4.6            3.6
    2455446.856            4.0            3.1
    2455463.833           15.9            5.2
    2455466.842           -9.0            4.8
    2455569.653            0.6            4.1
    2455571.713           -3.5            4.6
    2455572.671           13.4            4.8
    2455621.621           -0.7            4.6
    2455757.974           15.9            5.0
    2455803.919           -5.2            4.3
    2455806.936            5.8            4.3
    2455828.781            4.3            4.2
    2455831.849           11.0            5.1
    2455861.842           26.0            4.2
    2455864.796           14.0            4.4
    2455892.745            1.3            4.9
