    2451745.994            3.5            4.3
    2451778.895           10.8            3.7
    2451808.867            5.2            3.6
    2451853.766            7.1            4.1
    2451856.801            6.9            4.6
    2451898.637            2.8            8.0
    2451932.609            1.3            3.9
    2452163.861            6.0            4.9
    2452175.851           -2.5            4.0
    2452307.598            8.6            4.5
    2452465.989           13.4            5.3
    2452483.985            6.1            5.0
    2452494.987            0.3            5.0
    2452517.936           10.4            5.2
     2452528.91           12.2            5.2
     2452530.91            4.7            4.5
    2452541.904           -2.5            4.5
    2452543.883           -1.2            5.0
    2452559.914           -0.3            6.4
    2452561.795            0.7            8.4
    2452571.791           -1.5            5.0
     2452589.81            1.5            5.7
    2452603.782           -1.4            4.9
    2452605.724            1.0            4.8
    2452616.772           12.9            5.9
    2452665.604           11.1            4.2
    2452668.611            2.3            5.3
    2452837.972            6.8            5.4
    2452861.963            8.0            4.1
    2452863.985            8.7            5.2
    2452879.918            8.6            4.2
    2452880.947            3.0            5.0
    2452898.911            1.5            4.7
    2452900.928            6.1            4.8
    2452932.839            9.6            4.3
    2452934.804            7.3            4.6
    2452963.753            0.2            5.2
    2452965.809           -4.3            5.4
     2453022.63            9.6            5.6
     2453208.01           10.5            3.8
    2453209.978            8.0            3.7
    2453214.961            0.4            4.2
    2453231.961            3.4            4.0
    2453233.909            2.0            3.9
     2453235.96            5.7            4.2
    2453265.899           11.6            3.8
    2453268.919            4.8            4.0
     2453269.81            9.7            3.5
    2453286.828            2.3            3.8
    2453324.713            5.9            5.5
    2453354.654            7.4            3.8
    2453400.642            7.3            7.5
    2453550.983            6.3            4.4
    2453578.964            6.8            4.6
    2453613.923           10.0            4.2
    2453654.771            0.1            4.1
    2453701.724            9.4            4.6
    2453740.745            9.6            4.7
    2453911.993           -1.7            3.6
    2453917.013            3.1            3.9
    2453934.974            5.8            3.9
    2453968.925            7.7            3.2
    2453981.851           -0.1            3.8
    2453985.899            2.0            4.0
    2454055.755            9.2            3.9
    2454297.975            2.4            4.1
    2454300.974            5.5            4.0
    2454314.939           10.5            3.6
    2454318.981            5.6            4.2
    2454344.859           12.0            4.3
    2454348.917            4.4            4.0
    2454391.887            5.3            5.4
    2454394.775            7.4            4.2
    2454418.777            0.5            4.5
    2454420.763            6.5            4.2
    2454440.653            2.1            3.4
    2454443.651            6.8            3.6
    2454481.638           11.0            3.9
    2454503.651            8.3            4.3
    2454645.984            5.5            4.5
    2454646.968           -1.5            4.2
    2454668.009            8.2            3.7
    2454681.904            6.5            3.8
     2454683.97            4.0            3.8
    2454711.893           -0.6            4.1
    2454713.873           -1.5            4.2
    2454715.882            3.6            4.6
    2454716.875            9.0            4.1
    2454753.885           -4.2            3.6
     2454755.85           -3.4            3.8
    2454777.733            5.5            4.1
    2454806.796            5.0            5.5
     2454808.77            5.6            4.3
    2454809.763            5.0            6.1
    2455026.973            0.9            5.7
    2455063.965            9.9            5.0
    2455099.996            1.3            4.9
    2455116.856            6.9            6.8
    2455154.739           16.1            7.6
    2455174.788            9.8            5.8
    2455364.972            4.8            5.0
    2455419.012            3.5            4.7
    2455446.847           -0.7            3.6
    2455446.856           -1.1            3.1
    2455463.833            9.1            5.2
    2455466.842            4.3            4.8
    2455569.653            2.1            4.1
    2455571.713           -0.5            4.6
    2455572.671            5.5            4.8
    2455621.621            3.9            4.6
    2455757.974            1.0            5.0
    2455803.919            7.9            4.3
    2455806.936            0.5            4.3
    2455828.781           -1.8            4.2
    2455831.849           12.8            5.1
    2455861.842            8.3            4.2
    2455864.796            3.6            4.4
    2455892.745            6.4            4.9
