    2451745.994            9.3            4.3
    2451778.895            6.3            3.7
    2451808.867            1.1            3.6
    2451853.766           13.5            4.1
    2451856.801           -3.7            4.6
    2451898.637           10.4            8.0
    2451932.609           -3.3            3.9
    2452163.861           -1.1            4.9
    2452175.851           -0.2            4.0
    2452307.598           -5.9            4.5
    2452465.989           -0.1            5.3
    2452483.985           -3.6            5.0
    2452494.987          -13.1            5.0
    2452517.936           27.7            5.2
     2452528.91           31.1            5.2
     2452530.91            4.0            4.5
    2452541.904            7.5            4.5
    2452543.883           -9.6            5.0
    2452559.914           -2.1            6.4
    2452561.795           -1.6            8.4
    2452571.791           16.3            5.0
     2452589.81            2.7            5.7
    2452603.782           13.5            4.9
    2452605.724            4.4            4.8
    2452616.772           17.0            5.9
    2452665.604           27.0            4.2
    2452668.611            7.5            5.3
    2452837.972          -11.9            5.4
    2452861.963           -4.2            4.1
    2452863.985            3.6            5.2
    2452879.918           16.6            4.2
    2452880.947           -5.1            5.0
    2452898.911           10.5            4.7
    2452900.928           18.4            4.8
    2452932.839            9.9            4.3
    2452934.804            0.2            4.6
    2452963.753           -1.0            5.2
    2452965.809           17.0            5.4
     2453022.63          -10.4            5.6
     2453208.01            2.0            3.8
    2453209.978           13.3            3.7
    2453214.961            9.5            4.2
    2453231.961            5.5            4.0
    2453233.909           -1.7            3.9
     2453235.96            3.5            4.2
    2453265.899           16.6            3.8
    2453268.919           -2.0            4.0
     2453269.81          -17.3            3.5
    2453286.828            6.9            3.8
    2453324.713           11.7            5.5
    2453354.654            1.9            3.8
    2453400.642           -3.5            7.5
    2453550.983            6.5            4.4
    2453578.964           14.7            4.6
    2453613.923            7.1            4.2
    2453654.771           11.7            4.1
    2453701.724           -4.1            4.6
    2453740.745            7.8            4.7
    2453911.993           22.5            3.6
    2453917.013            8.9            3.9
    2453934.974            5.8            3.9
    2453968.925           -7.7            3.2
    2453981.851            1.6            3.8
    2453985.899            8.7            4.0
    2454055.755           -8.9            3.9
    2454297.975           -4.1            4.1
    2454300.974            8.9            4.0
    2454314.939           -9.5            3.6
    2454318.981           21.9            4.2
    2454344.859            2.7            4.3
    2454348.917           12.5            4.0
    2454391.887           11.9            5.4
    2454394.775           -4.9            4.2
    2454418.777           13.2            4.5
    2454420.763           24.7            4.2
    2454440.653          -10.3            3.4
    2454443.651           -1.8            3.6
    2454481.638           -2.1            3.9
    2454503.651           14.3            4.3
    2454645.984            7.1            4.5
    2454646.968          -19.3            4.2
    2454668.009           16.5            3.7
    2454681.904          -14.6            3.8
     2454683.97           -1.6            3.8
    2454711.893          -13.8            4.1
    2454713.873           -1.0            4.2
    2454715.882           24.7            4.6
    2454716.875            1.4            4.1
    2454753.885          -11.4            3.6
     2454755.85            4.3            3.8
    2454777.733           -1.9            4.1
    2454806.796           13.9            5.5
     2454808.77            5.0            4.3
    2454809.763           11.1            6.1
    2455026.973           12.0            5.7
    2455063.965           21.8            5.0
    2455099.996            7.4            4.9
    2455116.856            3.4            6.8
    2455154.739           13.8            7.6
    2455174.788           10.5            5.8
    2455364.972            8.8            5.0
    2455419.012            1.2            4.7
    2455446.847            6.3            3.6
    2455446.856            5.6            3.1
    2455463.833           12.8            5.2
    2455466.842           -5.5            4.8
    2455569.653           -5.0            4.1
    2455571.713            7.2            4.6
    2455572.671           18.0            4.8
    2455621.621            5.9            4.6
    2455757.974           14.4            5.0
    2455803.919           25.4            4.3
    2455806.936           -2.7            4.3
    2455828.781          -16.7            4.2
    2455831.849            8.6            5.1
    2455861.842            0.6            4.2
    2455864.796           -2.6            4.4
    2455892.745           -0.6            4.9
