    2451745.994           -9.5            4.3
    2451778.895           12.8            3.7
    2451808.867           12.5            3.6
    2451853.766          -11.2            4.1
    2451856.801           15.5            4.6
    2451898.637            6.9            8.0
    2451932.609           10.1            3.9
    2452163.861           20.0            4.9
    2452175.851          -15.2            4.0
    2452307.598          -12.5            4.5
    2452465.989            5.2            5.3
    2452483.985           17.8            5.0
    2452494.987           28.0            5.0
    2452517.936          -11.3            5.2
     2452528.91          -15.5            5.2
     2452530.91           -6.9            4.5
    2452541.904          -11.9            4.5
    2452543.883           13.2            5.0
    2452559.914           13.3            6.4
    2452561.795           21.4            8.4
    2452571.791          -13.2            5.0
     2452589.81           -2.2            5.7
    2452603.782           -1.8            4.9
    2452605.724           18.6            4.8
    2452616.772           -5.0            5.9
    2452665.604           -0.2            4.2
    2452668.611          -11.2            5.3
    2452837.972           -7.9            5.4
    2452861.963          -11.1            4.1
    2452863.985           20.3            5.2
    2452879.918           13.8            4.2
    2452880.947          -20.7            5.0
    2452898.911            9.0            4.7
    2452900.928           11.3            4.8
    2452932.839            7.4            4.3
    2452934.804          -11.7            4.6
    2452963.753          -12.1            5.2
    2452965.809           19.5            5.4
     2453022.63            3.6            5.6
     2453208.01           25.4            3.8
    2453209.978           22.7            3.7
    2453214.961           -9.1            4.2
    2453231.961           25.5            4.0
    2453233.909           -4.9            3.9
     2453235.96          -20.2            4.2
    2453265.899          -18.5            3.8
    2453268.919            3.2            4.0
     2453269.81           27.5            3.5
    2453286.828          -21.8            3.8
    2453324.713           -9.5            5.5
    2453354.654          -21.2            3.8
    2453400.642            5.8            7.5
    2453550.983          -16.5            4.4
    2453578.964           14.3            4.6
    2453613.923           28.1            4.2
    2453654.771           20.0            4.1
    2453701.724          -22.0            4.6
    2453740.745           16.8            4.7
    2453911.993           -0.1            3.6
    2453917.013           -5.9            3.9
    2453934.974            2.8            3.9
    2453968.925           20.6            3.2
    2453981.851           -7.5            3.8
    2453985.899           -2.7            4.0
    2454055.755            0.6            3.9
    2454297.975            1.9            4.1
    2454300.974            1.5            4.0
    2454314.939          -27.4            3.6
    2454318.981           17.3            4.2
    2454344.859            3.1            4.3
    2454348.917           17.2            4.0
    2454391.887           20.9            5.4
    2454394.775            0.2            4.2
    2454418.777           11.4            4.5
    2454420.763           24.7            4.2
    2454440.653           -4.5            3.4
    2454443.651          -15.9            3.6
    2454481.638           -3.2            3.9
    2454503.651            9.0            4.3
    2454645.984           -6.2            4.5
    2454646.968           20.9            4.2
    2454668.009            6.8            3.7
    2454681.904           20.0            3.8
     2454683.97           10.0            3.8
    2454711.893           11.7            4.1
    2454713.873           23.2            4.2
    2454715.882           -0.9            4.6
    2454716.875           27.2            4.1
    2454753.885           10.3            3.6
     2454755.85           -1.8            3.8
    2454777.733           -7.3            4.1
    2454806.796           -1.9            5.5
     2454808.77           14.6            4.3
    2454809.763          -17.2            6.1
    2455026.973           13.7            5.7
    2455063.965           16.3            5.0
    2455099.996           -5.6            4.9
    2455116.856           -3.5            6.8
    2455154.739            9.7            7.6
    2455174.788           10.3            5.8
    2455364.972           21.2            5.0
    2455419.012           21.7            4.7
    2455446.847          -17.0            3.6
    2455446.856          -17.8            3.1
    2455463.833           -3.1            5.2
    2455466.842           -5.6            4.8
    2455569.653           25.4            4.1
    2455571.713           16.2            4.6
    2455572.671           27.6            4.8
    2455621.621           -9.9            4.6
    2455757.974           23.0            5.0
    2455803.919           21.2            4.3
    2455806.936           14.0            4.3
    2455828.781           -0.6            4.2
    2455831.849          -14.6            5.1
    2455861.842          -20.7            4.2
    2455864.796            1.0            4.4
    2455892.745           16.6            4.9
