    2451745.994            9.7            4.3
    2451778.895           -2.0            3.7
    2451808.867           -0.6            3.6
    2451853.766           -6.2            4.1
    2451856.801           -2.8            4.6
    2451898.637            2.1            8.0
    2451932.609            3.7            3.9
    2452163.861           -2.4            4.9
    2452175.851           -4.3            4.0
    2452307.598            9.2            4.5
    2452465.989           -0.0            5.3
    2452483.985            1.6            5.0
    2452494.987            9.7            5.0
    2452517.936            4.0            5.2
     2452528.91            2.4            5.2
     2452530.91            3.3            4.5
    2452541.904           -0.5            4.5
    2452543.883            2.6            5.0
    2452559.914            1.9            6.4
    2452561.795           -0.2            8.4
    2452571.791           -3.3            5.0
     2452589.81           -1.1            5.7
    2452603.782           -3.7            4.9
    2452605.724           -2.8            4.8
    2452616.772            3.0            5.9
    2452665.604           -0.4            4.2
    2452668.611           -1.0            5.3
    2452837.972           -1.3            5.4
    2452861.963           -1.9            4.1
    2452863.985           -1.8            5.2
    2452879.918           -0.9            4.2
    2452880.947            5.7            5.0
    2452898.911           -5.0            4.7
    2452900.928           -0.9            4.8
    2452932.839           -3.6            4.3
    2452934.804           -2.9            4.6
    2452963.753            0.8            5.2
    2452965.809            0.3            5.4
     2453022.63            1.3            5.6
     2453208.01            4.9            3.8
    2453209.978           -2.2            3.7
    2453214.961            3.2            4.2
    2453231.961           -2.1            4.0
    2453233.909           -4.1            3.9
     2453235.96           -6.2            4.2
    2453265.899           -5.5            3.8
    2453268.919            2.7            4.0
     2453269.81           -5.6            3.5
    2453286.828           -3.8            3.8
    2453324.713           -9.9            5.5
    2453354.654           -2.3            3.8
    2453400.642            1.7            7.5
    2453550.983           -1.9            4.4
    2453578.964            0.9            4.6
    2453613.923           -1.0            4.2
    2453654.771            3.4            4.1
    2453701.724           -3.2            4.6
    2453740.745           -1.9            4.7
    2453911.993            0.9            3.6
    2453917.013            6.3            3.9
    2453934.974           -3.0            3.9
    2453968.925           -1.3            3.2
    2453981.851           -4.3            3.8
    2453985.899           -3.2            4.0
    2454055.755           -5.6            3.9
    2454297.975           -2.3            4.1
    2454300.974           -0.4            4.0
    2454314.939            2.7            3.6
    2454318.981            4.6            4.2
    2454344.859           -2.1            4.3
    2454348.917           -5.0            4.0
    2454391.887            3.4            5.4
    2454394.775           -8.5            4.2
    2454418.777            0.7            4.5
    2454420.763           -5.4            4.2
    2454440.653            4.4            3.4
    2454443.651           -2.1            3.6
    2454481.638           -3.1            3.9
    2454503.651            2.3            4.3
    2454645.984           -4.3            4.5
    2454646.968           -2.3            4.2
    2454668.009            2.9            3.7
    2454681.904           -4.8            3.8
     2454683.97           -3.8            3.8
    2454711.893           -6.2            4.1
    2454713.873           -4.4            4.2
    2454715.882            1.9            4.6
    2454716.875            2.0            4.1
    2454753.885            2.0            3.6
     2454755.85            2.3            3.8
    2454777.733            1.9            4.1
    2454806.796           -6.5            5.5
     2454808.77           -9.3            4.3
    2454809.763           -5.6            6.1
    2455026.973            3.9            5.7
    2455063.965            3.1            5.0
    2455099.996            3.1            4.9
    2455116.856            0.7            6.8
    2455154.739           -1.9            7.6
    2455174.788           -5.7            5.8
    2455364.972            0.2            5.0
    2455419.012            3.1            4.7
    2455446.847           -1.7            3.6
    2455446.856           -2.0            3.1
    2455463.833           -6.0            5.2
    2455466.842           -0.7            4.8
    2455569.653            1.2            4.1
    2455571.713           -3.1            4.6
    2455572.671           -5.6            4.8
    2455621.621           -5.0            4.6
    2455757.974            4.4            5.0
    2455803.919           -3.2            4.3
    2455806.936           -4.9            4.3
    2455828.781           -2.5            4.2
    2455831.849           -6.3            5.1
    2455861.842           -2.0            4.2
    2455864.796           -1.9            4.4
    2455892.745           -3.6            4.9
