    2451745.994           11.8            4.3
    2451778.895           -0.4            3.7
    2451808.867            1.2            3.6
    2451853.766           -3.8            4.1
    2451856.801           -6.7            4.6
    2451898.637            0.4            8.0
    2451932.609           -1.6            3.9
    2452163.861            9.3            4.9
    2452175.851            7.9            4.0
    2452307.598            8.0            4.5
    2452465.989            7.5            5.3
    2452483.985            7.8            5.0
    2452494.987           13.0            5.0
    2452517.936           -1.1            5.2
     2452528.91            9.7            5.2
     2452530.91            5.1            4.5
    2452541.904           -3.9            4.5
    2452543.883           13.2            5.0
    2452559.914            5.4            6.4
    2452561.795           18.4            8.4
    2452571.791            6.3            5.0
     2452589.81            5.3            5.7
    2452603.782            8.7            4.9
    2452605.724           -6.6            4.8
    2452616.772            7.8            5.9
    2452665.604            3.2            4.2
    2452668.611            0.6            5.3
    2452837.972            0.4            5.4
    2452861.963            2.4            4.1
    2452863.985           15.2            5.2
    2452879.918           -0.8            4.2
    2452880.947           -2.8            5.0
    2452898.911           -0.7            4.7
    2452900.928            7.3            4.8
    2452932.839            5.7            4.3
    2452934.804           -6.8            4.6
    2452963.753           11.9            5.2
    2452965.809            8.2            5.4
     2453022.63           -0.7            5.6
     2453208.01            9.8            3.8
    2453209.978           -6.1            3.7
    2453214.961            6.2            4.2
    2453231.961           12.0            4.0
    2453233.909           -4.8            3.9
     2453235.96            3.0            4.2
    2453265.899            9.0            3.8
    2453268.919           13.2            4.0
     2453269.81            0.3            3.5
    2453286.828            9.9            3.8
    2453324.713            0.0            5.5
    2453354.654           -7.6            3.8
    2453400.642           10.3            7.5
    2453550.983           -6.6            4.4
    2453578.964            2.8            4.6
    2453613.923            0.1            4.2
    2453654.771            8.5            4.1
    2453701.724            0.2            4.6
    2453740.745            2.3            4.7
    2453911.993           13.8            3.6
    2453917.013            1.8            3.9
    2453934.974           -2.2            3.9
    2453968.925           10.3            3.2
    2453981.851            7.6            3.8
    2453985.899           -7.3            4.0
    2454055.755            1.5            3.9
    2454297.975            8.9            4.1
    2454300.974            5.4            4.0
    2454314.939           -7.6            3.6
    2454318.981           10.0            4.2
    2454344.859            0.1            4.3
    2454348.917            5.4            4.0
    2454391.887           10.0            5.4
    2454394.775            8.7            4.2
    2454418.777            6.3            4.5
    2454420.763           -6.3            4.2
    2454440.653           12.0            3.4
    2454443.651            7.7            3.6
    2454481.638            0.7            3.9
    2454503.651           15.2            4.3
    2454645.984           10.9            4.5
    2454646.968           -1.2            4.2
    2454668.009           -5.7            3.7
    2454681.904            8.1            3.8
     2454683.97           -1.8            3.8
    2454711.893           11.6            4.1
    2454713.873            0.4            4.2
    2454715.882            8.0            4.6
    2454716.875           -0.8            4.1
    2454753.885           10.9            3.6
     2454755.85           -1.3            3.8
    2454777.733            3.6            4.1
    2454806.796            4.4            5.5
     2454808.77           14.4            4.3
    2454809.763            2.9            6.1
    2455026.973            5.4            5.7
    2455063.965           -6.2            5.0
    2455099.996           -3.6            4.9
    2455116.856           11.6            6.8
    2455154.739           -3.2            7.6
    2455174.788           11.7            5.8
    2455364.972            5.0            5.0
    2455419.012            8.7            4.7
    2455446.847            0.7            3.6
    2455446.856            0.1            3.1
    2455463.833           15.5            5.2
    2455466.842           12.0            4.8
    2455569.653           15.0            4.1
    2455571.713            0.3            4.6
    2455572.671           11.7            4.8
    2455621.621           12.4            4.6
    2455757.974           -0.5            5.0
    2455803.919           -1.0            4.3
    2455806.936           -0.7            4.3
    2455828.781            4.9            4.2
    2455831.849            9.7            5.1
    2455861.842            1.1            4.2
    2455864.796           -2.5            4.4
    2455892.745            9.8            4.9
