    2451745.994           -6.4            4.3
    2451778.895           -0.8            3.7
    2451808.867            4.3            3.6
    2451853.766           -4.6            4.1
    2451856.801            9.1            4.6
    2451898.637            2.8            8.0
    2451932.609            1.9            3.9
    2452163.861           12.0            4.9
    2452175.851            4.6            4.0
    2452307.598            3.3            4.5
    2452465.989           14.3            5.3
    2452483.985            7.3            5.0
    2452494.987            5.1            5.0
    2452517.936            7.1            5.2
     2452528.91            7.7            5.2
     2452530.91           11.8            4.5
    2452541.904           -6.4            4.5
    2452543.883           -0.5            5.0
    2452559.914            8.7            6.4
    2452561.795           12.2            8.4
    2452571.791           -3.9            5.0
     2452589.81           13.9            5.7
    2452603.782           14.0            4.9
    2452605.724            3.8            4.8
    2452616.772            3.6            5.9
    2452665.604           -1.0            4.2
    2452668.611            5.9            5.3
    2452837.972            9.6            5.4
    2452861.963            4.3            4.1
    2452863.985            3.8            5.2
    2452879.918            5.5            4.2
    2452880.947           -0.7            5.0
    2452898.911            7.6            4.7
    2452900.928            3.7            4.8
    2452932.839            6.6            4.3
    2452934.804            1.1            4.6
    2452963.753            7.9            5.2
    2452965.809            0.6            5.4
     2453022.63            4.8            5.6
     2453208.01            1.5            3.8
    2453209.978            4.9            3.7
    2453214.961            5.0            4.2
    2453231.961           -3.0            4.0
    2453233.909            7.2            3.9
     2453235.96            6.5            4.2
    2453265.899            8.0            3.8
    2453268.919            9.5            4.0
     2453269.81            5.2            3.5
    2453286.828            4.8            3.8
    2453324.713            8.5            5.5
    2453354.654            6.2            3.8
    2453400.642            2.1            7.5
    2453550.983            7.4            4.4
    2453578.964           10.1            4.6
    2453613.923            6.4            4.2
    2453654.771            5.4            4.1
    2453701.724            7.8            4.6
    2453740.745            7.5            4.7
    2453911.993            7.2            3.6
    2453917.013            9.1            3.9
    2453934.974            8.5            3.9
    2453968.925           -7.6            3.2
    2453981.851            6.7            3.8
    2453985.899            1.5            4.0
    2454055.755           -3.2            3.9
    2454297.975            3.9            4.1
    2454300.974            1.4            4.0
    2454314.939            3.0            3.6
    2454318.981            7.3            4.2
    2454344.859           12.5            4.3
    2454348.917           -1.9            4.0
    2454391.887            6.8            5.4
    2454394.775            4.5            4.2
    2454418.777            3.0            4.5
    2454420.763           -3.6            4.2
    2454440.653            6.9            3.4
    2454443.651           -0.8            3.6
    2454481.638            3.4            3.9
    2454503.651           12.5            4.3
    2454645.984            7.8            4.5
    2454646.968           13.0            4.2
    2454668.009           11.4            3.7
    2454681.904           12.5            3.8
     2454683.97           10.1            3.8
    2454711.893           14.3            4.1
    2454713.873            1.9            4.2
    2454715.882           -1.3            4.6
    2454716.875           12.4            4.1
    2454753.885           11.1            3.6
     2454755.85            2.0            3.8
    2454777.733            5.1            4.1
    2454806.796           -2.3            5.5
     2454808.77           -0.7            4.3
    2454809.763            4.1            6.1
    2455026.973            6.9            5.7
    2455063.965            1.0            5.0
    2455099.996            3.9            4.9
    2455116.856            5.7            6.8
    2455154.739           17.5            7.6
    2455174.788            1.6            5.8
    2455364.972           12.7            5.0
    2455419.012            8.5            4.7
    2455446.847            3.3            3.6
    2455446.856            2.9            3.1
    2455463.833           10.5            5.2
    2455466.842           -2.8            4.8
    2455569.653           -5.3            4.1
    2455571.713            2.8            4.6
    2455572.671            3.1            4.8
    2455621.621            4.6            4.6
    2455757.974           15.1            5.0
    2455803.919           -1.9            4.3
    2455806.936           12.0            4.3
    2455828.781           11.2            4.2
    2455831.849           -0.1            5.1
    2455861.842           -3.1            4.2
    2455864.796            3.0            4.4
    2455892.745           -2.5            4.9
