    2451745.994            3.0            4.3
    2451778.895            5.0            3.7
    2451808.867            8.9            3.6
    2451853.766           11.5            4.1
    2451856.801           -1.1            4.6
    2451898.637            7.1            8.0
    2451932.609            3.0            3.9
    2452163.861            9.8            4.9
    2452175.851           -3.1            4.0
    2452307.598           15.8            4.5
    2452465.989            9.1            5.3
    2452483.985            1.3            5.0
    2452494.987           -4.9            5.0
    2452517.936            4.6            5.2
     2452528.91           -0.2            5.2
     2452530.91           -1.1            4.5
    2452541.904            3.2            4.5
    2452543.883            0.7            5.0
    2452559.914            3.3            6.4
    2452561.795           10.0            8.4
    2452571.791            2.3            5.0
     2452589.81            6.1            5.7
    2452603.782            4.0            4.9
    2452605.724            9.0            4.8
    2452616.772           -1.1            5.9
    2452665.604            4.6            4.2
    2452668.611            7.1            5.3
    2452837.972            5.7            5.4
    2452861.963           15.3            4.1
    2452863.985            6.8            5.2
    2452879.918            1.5            4.2
    2452880.947            9.9            5.0
    2452898.911            2.7            4.7
    2452900.928            9.1            4.8
    2452932.839           11.5            4.3
    2452934.804           11.1            4.6
    2452963.753           -6.4            5.2
    2452965.809            0.1            5.4
     2453022.63            8.9            5.6
     2453208.01            3.3            3.8
    2453209.978            1.9            3.7
    2453214.961           12.0            4.2
    2453231.961           10.4            4.0
    2453233.909            3.3            3.9
     2453235.96           11.1            4.2
    2453265.899           12.0            3.8
    2453268.919            7.9            4.0
     2453269.81           -0.7            3.5
    2453286.828            2.0            3.8
    2453324.713            4.6            5.5
    2453354.654           -0.8            3.8
    2453400.642            6.7            7.5
    2453550.983            8.3            4.4
    2453578.964           15.3            4.6
    2453613.923            0.7            4.2
    2453654.771           -0.0            4.1
    2453701.724           -0.4            4.6
    2453740.745            3.4            4.7
    2453911.993            2.1            3.6
    2453917.013           10.6            3.9
    2453934.974            4.0            3.9
    2453968.925            9.0            3.2
    2453981.851            7.0            3.8
    2453985.899            3.6            4.0
    2454055.755            6.7            3.9
    2454297.975            7.9            4.1
    2454300.974            0.7            4.0
    2454314.939            7.9            3.6
    2454318.981            3.4            4.2
    2454344.859           11.9            4.3
    2454348.917            0.9            4.0
    2454391.887            6.6            5.4
    2454394.775           10.8            4.2
    2454418.777           -5.4            4.5
    2454420.763           -3.9            4.2
    2454440.653            0.0            3.4
    2454443.651           12.9            3.6
    2454481.638            0.5            3.9
    2454503.651            6.3            4.3
    2454645.984           -3.3            4.5
    2454646.968            7.3            4.2
    2454668.009            7.4            3.7
    2454681.904           -5.9            3.8
     2454683.97           -4.4            3.8
    2454711.893           -3.4            4.1
    2454713.873           -0.9            4.2
    2454715.882            0.2            4.6
    2454716.875           -3.5            4.1
    2454753.885            9.9            3.6
     2454755.85           12.0            3.8
    2454777.733            7.1            4.1
    2454806.796            9.3            5.5
     2454808.77           -1.1            4.3
    2454809.763            6.5            6.1
    2455026.973            2.5            5.7
    2455063.965           14.4            5.0
    2455099.996            2.4            4.9
    2455116.856           -0.8            6.8
    2455154.739            3.7            7.6
    2455174.788            9.1            5.8
    2455364.972           -3.7            5.0
    2455419.012           10.3            4.7
    2455446.847            6.2            3.6
    2455446.856            5.8            3.1
    2455463.833            3.8            5.2
    2455466.842           14.1            4.8
    2455569.653            4.0            4.1
    2455571.713            8.8            4.6
    2455572.671            8.7            4.8
    2455621.621            2.0            4.6
    2455757.974           12.6            5.0
    2455803.919            1.8            4.3
    2455806.936           13.4            4.3
    2455828.781            2.6            4.2
    2455831.849            4.9            5.1
    2455861.842            4.6            4.2
    2455864.796           13.7            4.4
    2455892.745            6.0            4.9
