    2451745.994           17.3            4.3
    2451778.895            8.1            3.7
    2451808.867            3.0            3.6
    2451853.766            5.3            4.1
    2451856.801           16.7            4.6
    2451898.637           24.4            8.0
    2451932.609           -2.9            3.9
    2452163.861            4.8            4.9
    2452175.851           -7.0            4.0
    2452307.598           12.4            4.5
    2452465.989            4.9            5.3
    2452483.985           -7.6            5.0
    2452494.987           -1.6            5.0
    2452517.936           17.5            5.2
     2452528.91           16.5            5.2
     2452530.91           21.3            4.5
    2452541.904            9.4            4.5
    2452543.883           18.4            5.0
    2452559.914           10.3            6.4
    2452561.795            2.8            8.4
    2452571.791            8.0            5.0
     2452589.81           13.9            5.7
    2452603.782            0.1            4.9
    2452605.724           -0.8            4.8
    2452616.772           -0.8            5.9
    2452665.604           10.6            4.2
    2452668.611           14.2            5.3
    2452837.972           18.4            5.4
    2452861.963           18.6            4.1
    2452863.985           16.2            5.2
    2452879.918            6.8            4.2
    2452880.947           -0.0            5.0
    2452898.911           -4.3            4.7
    2452900.928           18.7            4.8
    2452932.839           12.6            4.3
    2452934.804           -3.6            4.6
    2452963.753           -7.8            5.2
    2452965.809          -13.9            5.4
     2453022.63           -0.9            5.6
     2453208.01           22.5            3.8
    2453209.978           12.6            3.7
    2453214.961          -18.6            4.2
    2453231.961            6.9            4.0
    2453233.909           21.9            3.9
     2453235.96            5.4            4.2
    2453265.899            9.1            3.8
    2453268.919           -3.0            4.0
     2453269.81            4.3            3.5
    2453286.828           15.1            3.8
    2453324.713           -5.5            5.5
    2453354.654            5.0            3.8
    2453400.642           26.6            7.5
    2453550.983           18.4            4.4
    2453578.964           14.6            4.6
    2453613.923           -5.7            4.2
    2453654.771            0.6            4.1
    2453701.724           20.1            4.6
    2453740.745           11.5            4.7
    2453911.993           10.8            3.6
    2453917.013           -9.2            3.9
    2453934.974           -2.1            3.9
    2453968.925           -2.9            3.2
    2453981.851           23.6            3.8
    2453985.899          -15.6            4.0
    2454055.755            4.2            3.9
    2454297.975            5.8            4.1
    2454300.974            8.8            4.0
    2454314.939            9.9            3.6
    2454318.981          -12.6            4.2
    2454344.859           -5.0            4.3
    2454348.917            2.3            4.0
    2454391.887           14.6            5.4
    2454394.775            6.0            4.2
    2454418.777           13.3            4.5
    2454420.763           19.8            4.2
    2454440.653           -5.2            3.4
    2454443.651            1.9            3.6
    2454481.638            7.2            3.9
    2454503.651           17.2            4.3
    2454645.984           -5.4            4.5
    2454646.968           -2.4            4.2
    2454668.009           10.0            3.7
    2454681.904           -3.9            3.8
     2454683.97            6.1            3.8
    2454711.893           14.4            4.1
    2454713.873           -2.7            4.2
    2454715.882            4.2            4.6
    2454716.875            0.2            4.1
    2454753.885            4.2            3.6
     2454755.85          -10.8            3.8
    2454777.733           18.9            4.1
    2454806.796           14.9            5.5
     2454808.77            8.9            4.3
    2454809.763            5.4            6.1
    2455026.973           23.0            5.7
    2455063.965           10.7            5.0
    2455099.996           -5.6            4.9
    2455116.856           11.3            6.8
    2455154.739            6.2            7.6
    2455174.788           10.0            5.8
    2455364.972           -2.4            5.0
    2455419.012           -4.5            4.7
    2455446.847          -10.8            3.6
    2455446.856          -11.7            3.1
    2455463.833           -0.1            5.2
    2455466.842           14.6            4.8
    2455569.653          -10.5            4.1
    2455571.713           -6.6            4.6
    2455572.671            0.2            4.8
    2455621.621           -0.8            4.6
    2455757.974            7.3            5.0
    2455803.919           -5.6            4.3
    2455806.936           -0.3            4.3
    2455828.781           27.2            4.2
    2455831.849           -7.6            5.1
    2455861.842           -7.5            4.2
    2455864.796           15.1            4.4
    2455892.745            5.7            4.9
