    2451745.994            8.7            4.3
    2451778.895            7.8            3.7
    2451808.867           -3.4            3.6
    2451853.766           11.1            4.1
    2451856.801            5.5            4.6
    2451898.637           13.4            8.0
    2451932.609           -3.6            3.9
    2452163.861            7.8            4.9
    2452175.851            4.1            4.0
    2452307.598            1.8            4.5
    2452465.989           14.8            5.3
    2452483.985            3.6            5.0
    2452494.987            3.2            5.0
    2452517.936           -5.2            5.2
     2452528.91            5.6            5.2
     2452530.91           -2.6            4.5
    2452541.904            1.8            4.5
    2452543.883            5.4            5.0
    2452559.914            7.3            6.4
    2452561.795           20.0            8.4
    2452571.791            8.4            5.0
     2452589.81            1.8            5.7
    2452603.782            0.1            4.9
    2452605.724           -0.1            4.8
    2452616.772            6.1            5.9
    2452665.604           -1.7            4.2
    2452668.611            8.4            5.3
    2452837.972           16.6            5.4
    2452861.963           10.2            4.1
    2452863.985            6.5            5.2
    2452879.918           -7.5            4.2
    2452880.947           -9.0            5.0
    2452898.911           16.2            4.7
    2452900.928           10.0            4.8
    2452932.839            1.0            4.3
    2452934.804           12.7            4.6
    2452963.753           -1.2            5.2
    2452965.809            5.5            5.4
     2453022.63            1.1            5.6
     2453208.01            2.2            3.8
    2453209.978           12.5            3.7
    2453214.961           -4.4            4.2
    2453231.961            2.0            4.0
    2453233.909            6.6            3.9
     2453235.96            6.3            4.2
    2453265.899            4.1            3.8
    2453268.919           11.6            4.0
     2453269.81           17.5            3.5
    2453286.828            0.7            3.8
    2453324.713            1.5            5.5
    2453354.654            7.9            3.8
    2453400.642            9.7            7.5
    2453550.983            1.4            4.4
    2453578.964           -8.6            4.6
    2453613.923           -2.2            4.2
    2453654.771            5.8            4.1
    2453701.724           12.5            4.6
    2453740.745           14.0            4.7
    2453911.993            4.8            3.6
    2453917.013            2.8            3.9
    2453934.974           -6.1            3.9
    2453968.925           11.4            3.2
    2453981.851           14.5            3.8
    2453985.899           -0.2            4.0
    2454055.755            2.7            3.9
    2454297.975          -11.4            4.1
    2454300.974           -3.3            4.0
    2454314.939            7.9            3.6
    2454318.981            3.7            4.2
    2454344.859            2.8            4.3
    2454348.917            5.0            4.0
    2454391.887            0.2            5.4
    2454394.775           -1.9            4.2
    2454418.777           -2.6            4.5
    2454420.763            3.9            4.2
    2454440.653          -11.8            3.4
    2454443.651           -8.2            3.6
    2454481.638           10.2            3.9
    2454503.651           -8.9            4.3
    2454645.984           -9.8            4.5
    2454646.968          -10.4            4.2
    2454668.009           -2.3            3.7
    2454681.904           -2.6            3.8
     2454683.97            4.8            3.8
    2454711.893           10.0            4.1
    2454713.873            6.8            4.2
    2454715.882           -5.1            4.6
    2454716.875           -8.9            4.1
    2454753.885           -0.4            3.6
     2454755.85            4.5            3.8
    2454777.733           -1.3            4.1
    2454806.796            6.1            5.5
     2454808.77           15.5            4.3
    2454809.763           10.9            6.1
    2455026.973            4.5            5.7
    2455063.965            4.8            5.0
    2455099.996            0.2            4.9
    2455116.856            8.1            6.8
    2455154.739           11.7            7.6
    2455174.788            3.6            5.8
    2455364.972           -6.7            5.0
    2455419.012           10.7            4.7
    2455446.847            6.4            3.6
    2455446.856            5.9            3.1
    2455463.833            0.1            5.2
    2455466.842            9.1            4.8
    2455569.653           -1.7            4.1
    2455571.713          -10.5            4.6
    2455572.671           -1.5            4.8
    2455621.621            9.6            4.6
    2455757.974           20.5            5.0
    2455803.919           11.9            4.3
    2455806.936           12.1            4.3
    2455828.781           16.8            4.2
    2455831.849           13.4            5.1
    2455861.842           -2.1            4.2
    2455864.796            4.3            4.4
    2455892.745            2.9            4.9
