    2451745.994           -0.4            4.3
    2451778.895            0.9            3.7
    2451808.867            2.9            3.6
    2451853.766           -1.6            4.1
    2451856.801            4.0            4.6
    2451898.637            0.0            8.0
    2451932.609           -9.2            3.9
    2452163.861           12.1            4.9
    2452175.851           -2.2            4.0
    2452307.598           -3.0            4.5
    2452465.989           -2.6            5.3
    2452483.985           -0.9            5.0
    2452494.987           -1.3            5.0
    2452517.936            3.1            5.2
     2452528.91           -5.5            5.2
     2452530.91            9.3            4.5
    2452541.904            4.4            4.5
    2452543.883           18.8            5.0
    2452559.914            9.0            6.4
    2452561.795            2.5            8.4
    2452571.791          -11.5            5.0
     2452589.81            2.8            5.7
    2452603.782           -0.5            4.9
    2452605.724          -10.0            4.8
    2452616.772           -7.2            5.9
    2452665.604           13.7            4.2
    2452668.611            8.0            5.3
    2452837.972           -6.6            5.4
    2452861.963           -2.5            4.1
    2452863.985           11.1            5.2
    2452879.918           -2.2            4.2
    2452880.947           -4.1            5.0
    2452898.911           -4.7            4.7
    2452900.928            3.1            4.8
    2452932.839           -4.5            4.3
    2452934.804            6.1            4.6
    2452963.753           20.2            5.2
    2452965.809           15.4            5.4
     2453022.63           -1.9            5.6
     2453208.01           -4.7            3.8
    2453209.978           -3.5            3.7
    2453214.961            2.3            4.2
    2453231.961            1.2            4.0
    2453233.909           -3.8            3.9
     2453235.96            8.3            4.2
    2453265.899          -10.4            3.8
    2453268.919           -6.4            4.0
     2453269.81           10.0            3.5
    2453286.828           -3.4            3.8
    2453324.713           11.2            5.5
    2453354.654            8.8            3.8
    2453400.642           -8.6            7.5
    2453550.983            1.1            4.4
    2453578.964            5.9            4.6
    2453613.923           -1.9            4.2
    2453654.771            6.8            4.1
    2453701.724            1.4            4.6
    2453740.745           -0.9            4.7
    2453911.993            6.8            3.6
    2453917.013           10.3            3.9
    2453934.974           12.9            3.9
    2453968.925           11.4            3.2
    2453981.851           -0.7            3.8
    2453985.899           -1.3            4.0
    2454055.755            8.5            3.9
    2454297.975           -3.6            4.1
    2454300.974           -5.0            4.0
    2454314.939            1.7            3.6
    2454318.981           -7.0            4.2
    2454344.859           11.5            4.3
    2454348.917            0.2            4.0
    2454391.887           15.4            5.4
    2454394.775           11.0            4.2
    2454418.777           10.8            4.5
    2454420.763           19.2            4.2
    2454440.653           -7.7            3.4
    2454443.651           -4.8            3.6
    2454481.638            9.7            3.9
    2454503.651           -7.1            4.3
    2454645.984           -1.5            4.5
    2454646.968           -7.1            4.2
    2454668.009           -7.6            3.7
    2454681.904            5.4            3.8
     2454683.97           -2.5            3.8
    2454711.893            6.5            4.1
    2454713.873           13.7            4.2
    2454715.882            6.0            4.6
    2454716.875           14.5            4.1
    2454753.885           15.0            3.6
     2454755.85           11.6            3.8
    2454777.733            2.8            4.1
    2454806.796           10.0            5.5
     2454808.77           10.2            4.3
    2454809.763           -1.9            6.1
    2455026.973            4.4            5.7
    2455063.965            0.7            5.0
    2455099.996            1.5            4.9
    2455116.856            5.8            6.8
    2455154.739           13.3            7.6
    2455174.788           -7.7            5.8
    2455364.972           -8.8            5.0
    2455419.012            9.2            4.7
    2455446.847            1.9            3.6
    2455446.856            1.6            3.1
    2455463.833            6.9            5.2
    2455466.842            6.2            4.8
    2455569.653           17.0            4.1
    2455571.713           16.8            4.6
    2455572.671            6.0            4.8
    2455621.621           15.7            4.6
    2455757.974            2.3            5.0
    2455803.919           11.9            4.3
    2455806.936           15.6            4.3
    2455828.781           -6.4            4.2
    2455831.849           -7.1            5.1
    2455861.842            4.6            4.2
    2455864.796           13.1            4.4
    2455892.745           -3.8            4.9
