    2451745.994            6.0            4.3
    2451778.895            2.9            3.7
    2451808.867            9.7            3.6
    2451853.766            5.2            4.1
    2451856.801           10.5            4.6
    2451898.637            6.6            8.0
    2451932.609           -1.8            3.9
    2452163.861           12.7            4.9
    2452175.851           12.5            4.0
    2452307.598           -1.8            4.5
    2452465.989            1.0            5.3
    2452483.985            7.3            5.0
    2452494.987            2.4            5.0
    2452517.936           -0.4            5.2
     2452528.91            9.0            5.2
     2452530.91            9.6            4.5
    2452541.904           11.2            4.5
    2452543.883            8.6            5.0
    2452559.914            5.4            6.4
    2452561.795            7.8            8.4
    2452571.791            8.3            5.0
     2452589.81            9.5            5.7
    2452603.782            4.2            4.9
    2452605.724            1.7            4.8
    2452616.772            0.6            5.9
    2452665.604           -1.1            4.2
    2452668.611           -1.4            5.3
    2452837.972            9.9            5.4
    2452861.963           -0.5            4.1
    2452863.985           -2.0            5.2
    2452879.918            0.9            4.2
    2452880.947            0.2            5.0
    2452898.911            9.9            4.7
    2452900.928            8.6            4.8
    2452932.839            4.1            4.3
    2452934.804            4.1            4.6
    2452963.753            6.5            5.2
    2452965.809            3.3            5.4
     2453022.63            3.6            5.6
     2453208.01           10.3            3.8
    2453209.978            8.3            3.7
    2453214.961           10.1            4.2
    2453231.961           -1.1            4.0
    2453233.909           -1.1            3.9
     2453235.96            0.1            4.2
    2453265.899            5.4            3.8
    2453268.919            5.1            4.0
     2453269.81            3.4            3.5
    2453286.828           -3.3            3.8
    2453324.713            7.1            5.5
    2453354.654            5.2            3.8
    2453400.642            7.2            7.5
    2453550.983            2.8            4.4
    2453578.964            8.3            4.6
    2453613.923            8.6            4.2
    2453654.771           -2.0            4.1
    2453701.724            0.6            4.6
    2453740.745            3.6            4.7
    2453911.993            1.7            3.6
    2453917.013            3.8            3.9
    2453934.974            7.8            3.9
    2453968.925            1.8            3.2
    2453981.851           11.8            3.8
    2453985.899            9.6            4.0
    2454055.755           -2.3            3.9
    2454297.975           10.5            4.1
    2454300.974            9.5            4.0
    2454314.939            2.6            3.6
    2454318.981            3.4            4.2
    2454344.859            9.2            4.3
    2454348.917           10.6            4.0
    2454391.887            7.7            5.4
    2454394.775            4.9            4.2
    2454418.777           -1.3            4.5
    2454420.763           -1.3            4.2
    2454440.653            3.2            3.4
    2454443.651            3.5            3.6
    2454481.638            1.5            3.9
    2454503.651           10.9            4.3
    2454645.984            4.9            4.5
    2454646.968            4.3            4.2
    2454668.009            6.6            3.7
    2454681.904           -0.5            3.8
     2454683.97            1.9            3.8
    2454711.893            8.9            4.1
    2454713.873            9.2            4.2
    2454715.882           11.8            4.6
    2454716.875           11.2            4.1
    2454753.885            6.9            3.6
     2454755.85            9.6            3.8
    2454777.733            4.8            4.1
    2454806.796            6.2            5.5
     2454808.77            5.1            4.3
    2454809.763            7.5            6.1
    2455026.973            6.6            5.7
    2455063.965            7.8            5.0
    2455099.996           -1.3            4.9
    2455116.856            9.1            6.8
    2455154.739            4.2            7.6
    2455174.788            9.4            5.8
    2455364.972           -1.0            5.0
    2455419.012            1.9            4.7
    2455446.847            7.0            3.6
    2455446.856            6.5            3.1
    2455463.833            0.1            5.2
    2455466.842           -1.2            4.8
    2455569.653           -3.5            4.1
    2455571.713           -2.0            4.6
    2455572.671           -0.4            4.8
    2455621.621           -2.1            4.6
    2455757.974            7.6            5.0
    2455803.919            6.8            4.3
    2455806.936            6.4            4.3
    2455828.781            1.0            4.2
    2455831.849            0.9            5.1
    2455861.842            6.8            4.2
    2455864.796            2.4            4.4
    2455892.745            6.6            4.9
