    2451745.994           11.3            4.3
    2451778.895            3.8            3.7
    2451808.867           -6.3            3.6
    2451853.766            0.6            4.1
    2451856.801           16.7            4.6
    2451898.637           24.4            8.0
    2451932.609           -8.4            3.9
    2452163.861           11.7            4.9
    2452175.851           13.9            4.0
    2452307.598            7.5            4.5
    2452465.989           22.2            5.3
    2452483.985           -7.4            5.0
    2452494.987            5.8            5.0
    2452517.936           22.1            5.2
     2452528.91            3.0            5.2
     2452530.91           17.1            4.5
    2452541.904           -0.0            4.5
    2452543.883           15.5            5.0
    2452559.914           20.3            6.4
    2452561.795           20.3            8.4
    2452571.791           16.9            5.0
     2452589.81            5.8            5.7
    2452603.782            1.4            4.9
    2452605.724           -2.4            4.8
    2452616.772            2.4            5.9
    2452665.604            4.5            4.2
    2452668.611           10.6            5.3
    2452837.972           19.1            5.4
    2452861.963           15.0            4.1
    2452863.985           20.6            5.2
    2452879.918            6.3            4.2
    2452880.947           -0.7            5.0
    2452898.911           -5.0            4.7
    2452900.928            7.4            4.8
    2452932.839           11.5            4.3
    2452934.804            1.6            4.6
    2452963.753            1.4            5.2
    2452965.809           -2.9            5.4
     2453022.63           -1.5            5.6
     2453208.01           12.8            3.8
    2453209.978            9.3            3.7
    2453214.961           -6.9            4.2
    2453231.961            7.9            4.0
    2453233.909            9.8            3.9
     2453235.96           13.2            4.2
    2453265.899            5.2            3.8
    2453268.919           -2.6            4.0
     2453269.81           -3.1            3.5
    2453286.828            4.6            3.8
    2453324.713            0.7            5.5
    2453354.654           -5.5            3.8
    2453400.642           19.2            7.5
    2453550.983            5.2            4.4
    2453578.964            8.6            4.6
    2453613.923           -1.5            4.2
    2453654.771            0.1            4.1
    2453701.724            6.3            4.6
    2453740.745            3.8            4.7
    2453911.993            8.0            3.6
    2453917.013            1.0            3.9
    2453934.974           -4.2            3.9
    2453968.925            9.2            3.2
    2453981.851           14.8            3.8
    2453985.899            1.1            4.0
    2454055.755          -10.9            3.9
    2454297.975           17.8            4.1
    2454300.974           14.9            4.0
    2454314.939            9.8            3.6
    2454318.981           -8.3            4.2
    2454344.859           -3.5            4.3
    2454348.917            1.3            4.0
    2454391.887           19.0            5.4
    2454394.775           18.0            4.2
    2454418.777           14.6            4.5
    2454420.763           16.4            4.2
    2454440.653           -7.7            3.4
    2454443.651           -4.0            3.6
    2454481.638           -6.4            3.9
    2454503.651            7.9            4.3
    2454645.984           13.1            4.5
    2454646.968            6.0            4.2
    2454668.009           11.3            3.7
    2454681.904            8.7            3.8
     2454683.97           16.6            3.8
    2454711.893           17.9            4.1
    2454713.873           10.9            4.2
    2454715.882           -1.9            4.6
    2454716.875           -9.4            4.1
    2454753.885            7.0            3.6
     2454755.85           -4.4            3.8
    2454777.733           13.2            4.1
    2454806.796           14.4            5.5
     2454808.77            4.9            4.3
    2454809.763           -0.9            6.1
    2455026.973           15.3            5.7
    2455063.965            0.3            5.0
    2455099.996           -5.5            4.9
    2455116.856           -2.7            6.8
    2455154.739           10.8            7.6
    2455174.788            8.9            5.8
    2455364.972           -3.0            5.0
    2455419.012           -6.0            4.7
    2455446.847           -0.7            3.6
    2455446.856           -1.9            3.1
    2455463.833            1.1            5.2
    2455466.842            9.8            4.8
    2455569.653            2.7            4.1
    2455571.713           -6.1            4.6
    2455572.671           -4.6            4.8
    2455621.621           10.7            4.6
    2455757.974            8.8            5.0
    2455803.919            4.6            4.3
    2455806.936           -3.1            4.3
    2455828.781           15.4            4.2
    2455831.849            6.5            5.1
    2455861.842           -5.6            4.2
    2455864.796           -2.6            4.4
    2455892.745            2.6            4.9
