    2451745.994            7.6            4.3
    2451778.895           -5.7            3.7
    2451808.867            1.5            3.6
    2451853.766           13.8            4.1
    2451856.801           -6.7            4.6
    2451898.637           12.5            8.0
    2451932.609           -4.8            3.9
    2452163.861           -2.2            4.9
    2452175.851            8.3            4.0
    2452307.598            6.3            4.5
    2452465.989           -4.5            5.3
    2452483.985           10.0            5.0
    2452494.987           11.1            5.0
    2452517.936           -2.6            5.2
     2452528.91           -1.4            5.2
     2452530.91           -3.8            4.5
    2452541.904           -0.5            4.5
    2452543.883           -4.0            5.0
    2452559.914           16.5            6.4
    2452561.795           15.1            8.4
    2452571.791           -2.9            5.0
     2452589.81           12.1            5.7
    2452603.782            2.9            4.9
    2452605.724            8.7            4.8
    2452616.772            1.0            5.9
    2452665.604           10.9            4.2
    2452668.611            0.4            5.3
    2452837.972            4.0            5.4
    2452861.963           12.3            4.1
    2452863.985            8.6            5.2
    2452879.918           13.0            4.2
    2452880.947           -0.2            5.0
    2452898.911           14.2            4.7
    2452900.928           10.7            4.8
    2452932.839           -4.3            4.3
    2452934.804           -8.5            4.6
    2452963.753           16.3            5.2
    2452965.809           14.6            5.4
     2453022.63            7.0            5.6
     2453208.01           11.4            3.8
    2453209.978           10.7            3.7
    2453214.961            2.7            4.2
    2453231.961           10.0            4.0
    2453233.909           14.0            3.9
     2453235.96           14.8            4.2
    2453265.899            8.7            3.8
    2453268.919            5.5            4.0
     2453269.81           -1.3            3.5
    2453286.828           -4.2            3.8
    2453324.713           17.3            5.5
    2453354.654           14.1            3.8
    2453400.642            7.0            7.5
    2453550.983            5.3            4.4
    2453578.964            8.6            4.6
    2453613.923           17.0            4.2
    2453654.771            9.1            4.1
    2453701.724           -4.8            4.6
    2453740.745           -0.5            4.7
    2453911.993           13.3            3.6
    2453917.013            4.4            3.9
    2453934.974           -1.3            3.9
    2453968.925           -0.7            3.2
    2453981.851           -2.4            3.8
    2453985.899            7.7            4.0
    2454055.755           -2.7            3.9
    2454297.975           -2.0            4.1
    2454300.974           11.8            4.0
    2454314.939           -6.3            3.6
    2454318.981           -5.0            4.2
    2454344.859            0.0            4.3
    2454348.917            6.3            4.0
    2454391.887           12.8            5.4
    2454394.775           -3.7            4.2
    2454418.777           -6.0            4.5
    2454420.763           -8.9            4.2
    2454440.653           -3.1            3.4
    2454443.651            9.4            3.6
    2454481.638            2.5            3.9
    2454503.651           13.2            4.3
    2454645.984            6.1            4.5
    2454646.968            6.4            4.2
    2454668.009           16.8            3.7
    2454681.904           -4.2            3.8
     2454683.97           -1.3            3.8
    2454711.893           -0.7            4.1
    2454713.873            4.4            4.2
    2454715.882            9.3            4.6
    2454716.875           -6.1            4.1
    2454753.885            2.3            3.6
     2454755.85           -2.2            3.8
    2454777.733            4.5            4.1
    2454806.796           10.6            5.5
     2454808.77           14.2            4.3
    2454809.763            0.4            6.1
    2455026.973           11.2            5.7
    2455063.965            3.4            5.0
    2455099.996           17.9            4.9
    2455116.856           10.9            6.8
    2455154.739            2.5            7.6
    2455174.788           -5.6            5.8
    2455364.972           -2.8            5.0
    2455419.012            1.0            4.7
    2455446.847           -6.9            3.6
    2455446.856           -7.4            3.1
    2455463.833           -5.3            5.2
    2455466.842            5.8            4.8
    2455569.653           -3.6            4.1
    2455571.713            0.1            4.6
    2455572.671            9.4            4.8
    2455621.621           -6.6            4.6
    2455757.974           -5.8            5.0
    2455803.919            8.4            4.3
    2455806.936            2.0            4.3
    2455828.781           -1.6            4.2
    2455831.849            9.0            5.1
    2455861.842            0.6            4.2
    2455864.796           17.3            4.4
    2455892.745           14.6            4.9
