    2451745.994            2.5            4.3
    2451778.895           -1.1            3.7
    2451808.867           11.9            3.6
    2451853.766           -6.7            4.1
    2451856.801            0.6            4.6
    2451898.637           12.6            8.0
    2451932.609            1.7            3.9
    2452163.861           -6.0            4.9
    2452175.851           -1.8            4.0
    2452307.598           10.4            4.5
    2452465.989           -2.9            5.3
    2452483.985           14.2            5.0
    2452494.987           -3.0            5.0
    2452517.936           16.0            5.2
     2452528.91            2.7            5.2
     2452530.91           10.2            4.5
    2452541.904            1.9            4.5
    2452543.883            2.1            5.0
    2452559.914           12.6            6.4
    2452561.795           -6.1            8.4
    2452571.791           11.2            5.0
     2452589.81           14.0            5.7
    2452603.782            1.8            4.9
    2452605.724           14.6            4.8
    2452616.772            3.2            5.9
    2452665.604            3.1            4.2
    2452668.611            8.7            5.3
    2452837.972           -1.1            5.4
    2452861.963            7.2            4.1
    2452863.985           -2.9            5.2
    2452879.918           -4.7            4.2
    2452880.947            0.6            5.0
    2452898.911           15.4            4.7
    2452900.928            3.1            4.8
    2452932.839           13.6            4.3
    2452934.804           -7.0            4.6
    2452963.753           -5.0            5.2
    2452965.809            6.1            5.4
     2453022.63           -1.3            5.6
     2453208.01            3.6            3.8
    2453209.978           13.6            3.7
    2453214.961            0.6            4.2
    2453231.961           -6.3            4.0
    2453233.909            9.2            3.9
     2453235.96           -1.8            4.2
    2453265.899           -5.9            3.8
    2453268.919            0.2            4.0
     2453269.81           -9.1            3.5
    2453286.828           -3.9            3.8
    2453324.713           -3.6            5.5
    2453354.654           -2.9            3.8
    2453400.642            6.2            7.5
    2453550.983           -6.3            4.4
    2453578.964            2.7            4.6
    2453613.923            2.7            4.2
    2453654.771           -5.3            4.1
    2453701.724            1.4            4.6
    2453740.745            4.7            4.7
    2453911.993            6.8            3.6
    2453917.013           16.1            3.9
    2453934.974            5.4            3.9
    2453968.925           -2.6            3.2
    2453981.851           -4.6            3.8
    2453985.899            2.5            4.0
    2454055.755            7.5            3.9
    2454297.975           10.3            4.1
    2454300.974            1.3            4.0
    2454314.939           15.0            3.6
    2454318.981           11.4            4.2
    2454344.859           11.0            4.3
    2454348.917            6.7            4.0
    2454391.887            5.9            5.4
    2454394.775           18.6            4.2
    2454418.777            4.7            4.5
    2454420.763           13.0            4.2
    2454440.653            5.6            3.4
    2454443.651           -4.4            3.6
    2454481.638            3.0            3.9
    2454503.651           13.6            4.3
    2454645.984            5.7            4.5
    2454646.968            5.5            4.2
    2454668.009            9.1            3.7
    2454681.904           -4.9            3.8
     2454683.97           11.9            3.8
    2454711.893            3.6            4.1
    2454713.873           12.6            4.2
    2454715.882            0.8            4.6
    2454716.875           12.9            4.1
    2454753.885           -3.6            3.6
     2454755.85            6.8            3.8
    2454777.733           -0.1            4.1
    2454806.796            6.3            5.5
     2454808.77            8.4            4.3
    2454809.763           20.7            6.1
    2455026.973           12.4            5.7
    2455063.965           -1.4            5.0
    2455099.996            9.2            4.9
    2455116.856            5.9            6.8
    2455154.739           -2.9            7.6
    2455174.788           12.4            5.8
    2455364.972           -8.4            5.0
    2455419.012            0.7            4.7
    2455446.847            6.4            3.6
    2455446.856            5.9            3.1
    2455463.833            7.5            5.2
    2455466.842            6.9            4.8
    2455569.653           -4.1            4.1
    2455571.713            9.4            4.6
    2455572.671           14.8            4.8
    2455621.621            7.1            4.6
    2455757.974            0.6            5.0
    2455803.919            7.6            4.3
    2455806.936           16.3            4.3
    2455828.781            5.7            4.2
    2455831.849           11.0            5.1
    2455861.842            7.3            4.2
    2455864.796            6.1            4.4
    2455892.745           -1.8            4.9
