    2451745.994          -11.3            4.3
    2451778.895            9.4            3.7
    2451808.867           13.4            3.6
    2451853.766            2.5            4.1
    2451856.801            1.0            4.6
    2451898.637            6.3            8.0
    2451932.609           11.9            3.9
    2452163.861           10.4            4.9
    2452175.851           -0.0            4.0
    2452307.598           -1.5            4.5
    2452465.989           -6.4            5.3
    2452483.985            5.2            5.0
    2452494.987           11.9            5.0
    2452517.936           -0.9            5.2
     2452528.91            2.0            5.2
     2452530.91           -2.1            4.5
    2452541.904            3.5            4.5
    2452543.883           -6.2            5.0
    2452559.914            4.5            6.4
    2452561.795            5.5            8.4
    2452571.791            5.8            5.0
     2452589.81           11.0            5.7
    2452603.782           18.7            4.9
    2452605.724           12.8            4.8
    2452616.772           17.1            5.9
    2452665.604           -4.1            4.2
    2452668.611           -2.6            5.3
    2452837.972            8.8            5.4
    2452861.963           -1.6            4.1
    2452863.985            5.6            5.2
    2452879.918            8.1            4.2
    2452880.947           12.5            5.0
    2452898.911           14.5            4.7
    2452900.928            3.4            4.8
    2452932.839           -0.9            4.3
    2452934.804            9.6            4.6
    2452963.753           15.8            5.2
    2452965.809           12.7            5.4
     2453022.63            2.9            5.6
     2453208.01            3.3            3.8
    2453209.978            1.2            3.7
    2453214.961           13.0            4.2
    2453231.961            3.9            4.0
    2453233.909          -10.0            3.9
     2453235.96           -7.5            4.2
    2453265.899           -2.0            3.8
    2453268.919            9.1            4.0
     2453269.81            5.4            3.5
    2453286.828            5.2            3.8
    2453324.713           16.1            5.5
    2453354.654            3.5            3.8
    2453400.642           12.1            7.5
    2453550.983           -2.0            4.4
    2453578.964           -3.7            4.6
    2453613.923           11.9            4.2
    2453654.771           13.9            4.1
    2453701.724           -5.6            4.6
    2453740.745            1.2            4.7
    2453911.993           -7.1            3.6
    2453917.013           17.1            3.9
    2453934.974            4.8            3.9
    2453968.925            5.7            3.2
    2453981.851            3.1            3.8
    2453985.899            1.6            4.0
    2454055.755           13.4            3.9
    2454297.975           -3.0            4.1
    2454300.974            3.3            4.0
    2454314.939            4.0            3.6
    2454318.981            4.7            4.2
    2454344.859           17.7            4.3
    2454348.917           -6.5            4.0
    2454391.887           -2.4            5.4
    2454394.775           -1.2            4.2
    2454418.777            2.7            4.5
    2454420.763           -2.3            4.2
    2454440.653            2.3            3.4
    2454443.651           -4.8            3.6
    2454481.638           12.5            3.9
    2454503.651            3.0            4.3
    2454645.984            0.7            4.5
    2454646.968           10.3            4.2
    2454668.009           -3.0            3.7
    2454681.904           -0.4            3.8
     2454683.97            7.2            3.8
    2454711.893            1.8            4.1
    2454713.873           16.6            4.2
    2454715.882           20.5            4.6
    2454716.875           13.9            4.1
    2454753.885            0.0            3.6
     2454755.85           13.3            3.8
    2454777.733           -7.7            4.1
    2454806.796            3.2            5.5
     2454808.77            7.1            4.3
    2454809.763           16.9            6.1
    2455026.973           -4.2            5.7
    2455063.965            5.9            5.0
    2455099.996           16.2            4.9
    2455116.856            4.6            6.8
    2455154.739           16.7            7.6
    2455174.788           -1.7            5.8
    2455364.972            3.6            5.0
    2455419.012            8.8            4.7
    2455446.847           16.5            3.6
    2455446.856           16.2            3.1
    2455463.833           12.3            5.2
    2455466.842           -2.5            4.8
    2455569.653            5.7            4.1
    2455571.713            4.5            4.6
    2455572.671           10.3            4.8
    2455621.621           11.3            4.6
    2455757.974           -9.2            5.0
    2455803.919            9.9            4.3
    2455806.936           11.5            4.3
    2455828.781           -3.5            4.2
    2455831.849            4.9            5.1
    2455861.842            8.3            4.2
    2455864.796           -0.9            4.4
    2455892.745            2.7            4.9
