    2451745.994           10.6            4.3
    2451778.895            3.6            3.7
    2451808.867            4.0            3.6
    2451853.766          -10.5            4.1
    2451856.801           -2.9            4.6
    2451898.637            4.3            8.0
    2451932.609            1.6            3.9
    2452163.861           13.0            4.9
    2452175.851            0.1            4.0
    2452307.598           13.8            4.5
    2452465.989           -7.3            5.3
    2452483.985           -0.9            5.0
    2452494.987           -6.5            5.0
    2452517.936            7.0            5.2
     2452528.91            1.6            5.2
     2452530.91           14.0            4.5
    2452541.904            4.3            4.5
    2452543.883            9.8            5.0
    2452559.914           16.0            6.4
    2452561.795            7.7            8.4
    2452571.791           -5.1            5.0
     2452589.81           14.8            5.7
    2452603.782           -6.5            4.9
    2452605.724            3.7            4.8
    2452616.772            4.3            5.9
    2452665.604            0.8            4.2
    2452668.611           12.1            5.3
    2452837.972           -2.4            5.4
    2452861.963           -3.7            4.1
    2452863.985            5.0            5.2
    2452879.918            1.4            4.2
    2452880.947           -1.6            5.0
    2452898.911           -0.5            4.7
    2452900.928            9.9            4.8
    2452932.839           10.5            4.3
    2452934.804           13.5            4.6
    2452963.753            8.2            5.2
    2452965.809           -5.6            5.4
     2453022.63            9.9            5.6
     2453208.01            4.2            3.8
    2453209.978            3.8            3.7
    2453214.961            5.9            4.2
    2453231.961            4.1            4.0
    2453233.909            3.7            3.9
     2453235.96           15.0            4.2
    2453265.899           -2.2            3.8
    2453268.919           -6.3            4.0
     2453269.81            6.7            3.5
    2453286.828            8.1            3.8
    2453324.713           -1.7            5.5
    2453354.654           -0.4            3.8
    2453400.642           23.3            7.5
    2453550.983           -6.3            4.4
    2453578.964           12.3            4.6
    2453613.923           -2.5            4.2
    2453654.771            4.1            4.1
    2453701.724            1.6            4.6
    2453740.745           19.2            4.7
    2453911.993            3.1            3.6
    2453917.013            6.6            3.9
    2453934.974           19.9            3.9
    2453968.925           -3.9            3.2
    2453981.851           -7.2            3.8
    2453985.899           13.6            4.0
    2454055.755           -6.2            3.9
    2454297.975            3.5            4.1
    2454300.974           -1.6            4.0
    2454314.939           -0.0            3.6
    2454318.981            0.1            4.2
    2454344.859           11.0            4.3
    2454348.917           -1.6            4.0
    2454391.887           -1.8            5.4
    2454394.775            0.3            4.2
    2454418.777            1.4            4.5
    2454420.763          -12.4            4.2
    2454440.653           15.8            3.4
    2454443.651           10.6            3.6
    2454481.638           -7.8            3.9
    2454503.651           -5.4            4.3
    2454645.984            3.8            4.5
    2454646.968           -5.6            4.2
    2454668.009           -7.4            3.7
    2454681.904           -0.3            3.8
     2454683.97           -4.9            3.8
    2454711.893           18.0            4.1
    2454713.873           10.4            4.2
    2454715.882            2.4            4.6
    2454716.875           17.1            4.1
    2454753.885            1.1            3.6
     2454755.85          -11.2            3.8
    2454777.733            3.9            4.1
    2454806.796            4.7            5.5
     2454808.77           -3.1            4.3
    2454809.763            7.8            6.1
    2455026.973           -0.5            5.7
    2455063.965           -3.7            5.0
    2455099.996           12.4            4.9
    2455116.856            2.4            6.8
    2455154.739           -2.3            7.6
    2455174.788           14.1            5.8
    2455364.972           -1.9            5.0
    2455419.012           13.5            4.7
    2455446.847            6.6            3.6
    2455446.856            5.9            3.1
    2455463.833            0.4            5.2
    2455466.842            8.9            4.8
    2455569.653          -13.4            4.1
    2455571.713           -1.9            4.6
    2455572.671           -8.6            4.8
    2455621.621           12.9            4.6
    2455757.974            2.6            5.0
    2455803.919            1.9            4.3
    2455806.936            6.7            4.3
    2455828.781            8.8            4.2
    2455831.849           15.6            5.1
    2455861.842            7.0            4.2
    2455864.796            1.7            4.4
    2455892.745           19.0            4.9
