    2451745.994           10.7            4.3
    2451778.895           -0.9            3.7
    2451808.867            0.5            3.6
    2451853.766           11.7            4.1
    2451856.801            2.4            4.6
    2451898.637            2.9            8.0
    2451932.609            4.5            3.9
    2452163.861            6.6            4.9
    2452175.851           -7.8            4.0
    2452307.598            7.0            4.5
    2452465.989            8.9            5.3
    2452483.985            0.5            5.0
    2452494.987            0.1            5.0
    2452517.936           -6.4            5.2
     2452528.91           22.0            5.2
     2452530.91           17.8            4.5
    2452541.904            2.3            4.5
    2452543.883           -1.4            5.0
    2452559.914           17.1            6.4
    2452561.795           10.8            8.4
    2452571.791           -2.2            5.0
     2452589.81            6.7            5.7
    2452603.782            8.4            4.9
    2452605.724            8.9            4.8
    2452616.772          -10.3            5.9
    2452665.604           14.5            4.2
    2452668.611           -2.7            5.3
    2452837.972           16.5            5.4
    2452861.963           10.7            4.1
    2452863.985           -6.3            5.2
    2452879.918            7.9            4.2
    2452880.947           12.0            5.0
    2452898.911            4.6            4.7
    2452900.928            2.9            4.8
    2452932.839           16.0            4.3
    2452934.804           15.5            4.6
    2452963.753            6.5            5.2
    2452965.809            4.0            5.4
     2453022.63            3.2            5.6
     2453208.01           10.8            3.8
    2453209.978           10.7            3.7
    2453214.961          -12.2            4.2
    2453231.961           13.2            4.0
    2453233.909           14.5            3.9
     2453235.96           10.6            4.2
    2453265.899            4.9            3.8
    2453268.919           -1.1            4.0
     2453269.81            5.7            3.5
    2453286.828           -0.8            3.8
    2453324.713           18.0            5.5
    2453354.654           12.5            3.8
    2453400.642            1.4            7.5
    2453550.983           10.0            4.4
    2453578.964            1.5            4.6
    2453613.923           14.3            4.2
    2453654.771            8.5            4.1
    2453701.724          -10.3            4.6
    2453740.745            6.7            4.7
    2453911.993           -3.8            3.6
    2453917.013            7.2            3.9
    2453934.974           -2.8            3.9
    2453968.925            4.0            3.2
    2453981.851           14.9            3.8
    2453985.899            1.3            4.0
    2454055.755           12.7            3.9
    2454297.975            4.9            4.1
    2454300.974           12.0            4.0
    2454314.939            9.8            3.6
    2454318.981           14.6            4.2
    2454344.859            2.7            4.3
    2454348.917            1.9            4.0
    2454391.887           14.6            5.4
    2454394.775            6.4            4.2
    2454418.777           -2.3            4.5
    2454420.763          -12.3            4.2
    2454440.653           -2.1            3.4
    2454443.651            0.9            3.6
    2454481.638            7.2            3.9
    2454503.651            0.2            4.3
    2454645.984           -8.3            4.5
    2454646.968           -5.5            4.2
    2454668.009          -15.3            3.7
    2454681.904           -5.2            3.8
     2454683.97            5.9            3.8
    2454711.893           -1.1            4.1
    2454713.873           -0.3            4.2
    2454715.882           13.2            4.6
    2454716.875           16.2            4.1
    2454753.885            4.6            3.6
     2454755.85            6.4            3.8
    2454777.733            5.9            4.1
    2454806.796            1.7            5.5
     2454808.77           -6.5            4.3
    2454809.763           11.5            6.1
    2455026.973           -4.0            5.7
    2455063.965           -4.0            5.0
    2455099.996          -10.9            4.9
    2455116.856           14.6            6.8
    2455154.739            5.5            7.6
    2455174.788            3.3            5.8
    2455364.972           -1.2            5.0
    2455419.012            4.8            4.7
    2455446.847           -4.9            3.6
    2455446.856           -5.0            3.1
    2455463.833            8.5            5.2
    2455466.842            7.6            4.8
    2455569.653            8.3            4.1
    2455571.713            0.8            4.6
    2455572.671           -4.9            4.8
    2455621.621           10.9            4.6
    2455757.974            1.5            5.0
    2455803.919           10.2            4.3
    2455806.936            2.6            4.3
    2455828.781           -5.1            4.2
    2455831.849           12.1            5.1
    2455861.842           -3.3            4.2
    2455864.796           -3.4            4.4
    2455892.745           -3.6            4.9
