    2451745.994           -0.2            4.3
    2451778.895            3.6            3.7
    2451808.867           13.7            3.6
    2451853.766            7.2            4.1
    2451856.801            8.5            4.6
    2451898.637            4.7            8.0
    2451932.609            7.2            3.9
    2452163.861            3.5            4.9
    2452175.851          -10.5            4.0
    2452307.598           13.7            4.5
    2452465.989            7.6            5.3
    2452483.985           14.2            5.0
    2452494.987            6.2            5.0
    2452517.936           -5.9            5.2
     2452528.91            0.6            5.2
     2452530.91           -8.5            4.5
    2452541.904            6.9            4.5
    2452543.883            6.0            5.0
    2452559.914            1.6            6.4
    2452561.795           10.7            8.4
    2452571.791            4.2            5.0
     2452589.81           -2.9            5.7
    2452603.782           12.1            4.9
    2452605.724            4.6            4.8
    2452616.772            0.5            5.9
    2452665.604           12.0            4.2
    2452668.611           -7.1            5.3
    2452837.972            2.2            5.4
    2452861.963           -6.3            4.1
    2452863.985            4.2            5.2
    2452879.918            5.4            4.2
    2452880.947            3.5            5.0
    2452898.911           14.4            4.7
    2452900.928           13.7            4.8
    2452932.839            4.0            4.3
    2452934.804            6.6            4.6
    2452963.753            1.1            5.2
    2452965.809            1.8            5.4
     2453022.63           15.5            5.6
     2453208.01           -3.0            3.8
    2453209.978           -6.9            3.7
    2453214.961            2.9            4.2
    2453231.961           14.5            4.0
    2453233.909           -0.1            3.9
     2453235.96           -6.6            4.2
    2453265.899            3.1            3.8
    2453268.919           10.1            4.0
     2453269.81            4.7            3.5
    2453286.828            0.2            3.8
    2453324.713           21.7            5.5
    2453354.654            5.1            3.8
    2453400.642           -1.9            7.5
    2453550.983            5.5            4.4
    2453578.964           10.7            4.6
    2453613.923           14.7            4.2
    2453654.771            3.0            4.1
    2453701.724           -0.5            4.6
    2453740.745           13.0            4.7
    2453911.993           -8.4            3.6
    2453917.013            5.1            3.9
    2453934.974           11.2            3.9
    2453968.925            5.5            3.2
    2453981.851           -4.0            3.8
    2453985.899            3.1            4.0
    2454055.755           14.6            3.9
    2454297.975            4.0            4.1
    2454300.974           -3.4            4.0
    2454314.939           -1.3            3.6
    2454318.981            8.2            4.2
    2454344.859           11.8            4.3
    2454348.917            3.3            4.0
    2454391.887           -4.9            5.4
    2454394.775           -1.2            4.2
    2454418.777            7.8            4.5
    2454420.763           -2.1            4.2
    2454440.653            9.5            3.4
    2454443.651            9.9            3.6
    2454481.638            7.4            3.9
    2454503.651           -3.8            4.3
    2454645.984           -0.1            4.5
    2454646.968           11.0            4.2
    2454668.009           -1.7            3.7
    2454681.904           10.2            3.8
     2454683.97           -0.7            3.8
    2454711.893           -9.5            4.1
    2454713.873            3.6            4.2
    2454715.882           15.0            4.6
    2454716.875            7.7            4.1
    2454753.885           -4.4            3.6
     2454755.85            7.8            3.8
    2454777.733            3.2            4.1
    2454806.796           -2.9            5.5
     2454808.77            7.5            4.3
    2454809.763            5.2            6.1
    2455026.973            3.9            5.7
    2455063.965           11.2            5.0
    2455099.996           11.7            4.9
    2455116.856           14.1            6.8
    2455154.739           -2.6            7.6
    2455174.788            9.4            5.8
    2455364.972            8.4            5.0
    2455419.012            8.6            4.7
    2455446.847            7.1            3.6
    2455446.856            7.0            3.1
    2455463.833           15.8            5.2
    2455466.842           -2.6            4.8
    2455569.653           10.2            4.1
    2455571.713           10.9            4.6
    2455572.671            6.9            4.8
    2455621.621            1.1            4.6
    2455757.974            6.6            5.0
    2455803.919           -2.8            4.3
    2455806.936            4.5            4.3
    2455828.781            7.9            4.2
    2455831.849            8.5            5.1
    2455861.842            6.2            4.2
    2455864.796           -1.0            4.4
    2455892.745           10.1            4.9
