    2451745.994           16.2            4.3
    2451778.895           -1.9            3.7
    2451808.867           -4.5            3.6
    2451853.766           -0.6            4.1
    2451856.801           -1.0            4.6
    2451898.637           11.2            8.0
    2451932.609            7.1            3.9
    2452163.861            6.6            4.9
    2452175.851           13.7            4.0
    2452307.598           12.6            4.5
    2452465.989           10.6            5.3
    2452483.985           11.8            5.0
    2452494.987            8.3            5.0
    2452517.936            5.9            5.2
     2452528.91            9.6            5.2
     2452530.91            4.2            4.5
    2452541.904            9.4            4.5
    2452543.883            4.4            5.0
    2452559.914          -10.1            6.4
    2452561.795           -5.2            8.4
    2452571.791           12.4            5.0
     2452589.81           -9.5            5.7
    2452603.782            2.2            4.9
    2452605.724            3.3            4.8
    2452616.772           12.8            5.9
    2452665.604            6.1            4.2
    2452668.611           17.0            5.3
    2452837.972           15.9            5.4
    2452861.963            2.4            4.1
    2452863.985            1.9            5.2
    2452879.918           -0.5            4.2
    2452880.947           12.8            5.0
    2452898.911            4.2            4.7
    2452900.928            5.5            4.8
    2452932.839           12.5            4.3
    2452934.804            6.1            4.6
    2452963.753            0.8            5.2
    2452965.809           -1.2            5.4
     2453022.63            3.1            5.6
     2453208.01            5.3            3.8
    2453209.978           -1.1            3.7
    2453214.961            6.7            4.2
    2453231.961           11.3            4.0
    2453233.909           14.1            3.9
     2453235.96           12.8            4.2
    2453265.899            5.7            3.8
    2453268.919           -7.1            4.0
     2453269.81           -2.4            3.5
    2453286.828            6.9            3.8
    2453324.713            6.5            5.5
    2453354.654            0.5            3.8
    2453400.642            0.1            7.5
    2453550.983            5.5            4.4
    2453578.964            2.8            4.6
    2453613.923           -3.0            4.2
    2453654.771            5.0            4.1
    2453701.724           -5.0            4.6
    2453740.745           -0.5            4.7
    2453911.993           -0.7            3.6
    2453917.013           -4.3            3.9
    2453934.974            7.5            3.9
    2453968.925           10.3            3.2
    2453981.851           19.7            3.8
    2453985.899            9.4            4.0
    2454055.755            5.7            3.9
    2454297.975           14.8            4.1
    2454300.974            3.0            4.0
    2454314.939            9.5            3.6
    2454318.981            1.6            4.2
    2454344.859           10.6            4.3
    2454348.917           -1.0            4.0
    2454391.887           -4.5            5.4
    2454394.775            3.7            4.2
    2454418.777            9.4            4.5
    2454420.763            5.0            4.2
    2454440.653           -4.1            3.4
    2454443.651            3.4            3.6
    2454481.638           -4.2            3.9
    2454503.651            9.1            4.3
    2454645.984           15.3            4.5
    2454646.968            9.3            4.2
    2454668.009            2.4            3.7
    2454681.904           -0.4            3.8
     2454683.97           -3.0            3.8
    2454711.893           -4.9            4.1
    2454713.873           -5.2            4.2
    2454715.882           -0.3            4.6
    2454716.875            8.2            4.1
    2454753.885            0.0            3.6
     2454755.85            2.7            3.8
    2454777.733           17.0            4.1
    2454806.796           10.7            5.5
     2454808.77            5.3            4.3
    2454809.763           13.6            6.1
    2455026.973            7.7            5.7
    2455063.965            8.0            5.0
    2455099.996            1.1            4.9
    2455116.856            7.2            6.8
    2455154.739            7.3            7.6
    2455174.788            5.6            5.8
    2455364.972           -3.3            5.0
    2455419.012           -2.8            4.7
    2455446.847           -7.2            3.6
    2455446.856           -7.8            3.1
    2455463.833            1.2            5.2
    2455466.842           -0.3            4.8
    2455569.653            3.5            4.1
    2455571.713            2.4            4.6
    2455572.671           10.0            4.8
    2455621.621           -5.2            4.6
    2455757.974           15.5            5.0
    2455803.919            2.0            4.3
    2455806.936           -2.9            4.3
    2455828.781           12.1            4.2
    2455831.849            7.4            5.1
    2455861.842            7.6            4.2
    2455864.796            4.0            4.4
    2455892.745            4.2            4.9
