    2451745.994           12.3            4.3
    2451778.895            3.0            3.7
    2451808.867           25.1            3.6
    2451853.766           12.5            4.1
    2451856.801           17.4            4.6
    2451898.637            0.5            8.0
    2451932.609           14.4            3.9
    2452163.861           16.8            4.9
    2452175.851          -17.4            4.0
    2452307.598           -2.2            4.5
    2452465.989           -2.9            5.3
    2452483.985           18.5            5.0
    2452494.987           11.3            5.0
    2452517.936           -1.9            5.2
     2452528.91            4.7            5.2
     2452530.91           -7.0            4.5
    2452541.904            6.2            4.5
    2452543.883            9.4            5.0
    2452559.914            7.7            6.4
    2452561.795           17.1            8.4
    2452571.791           -3.7            5.0
     2452589.81            3.2            5.7
    2452603.782            3.4            4.9
    2452605.724            9.5            4.8
    2452616.772           -8.7            5.9
    2452665.604           -4.7            4.2
    2452668.611            0.2            5.3
    2452837.972            6.5            5.4
    2452861.963            5.9            4.1
    2452863.985            6.9            5.2
    2452879.918            5.9            4.2
    2452880.947            6.9            5.0
    2452898.911           10.1            4.7
    2452900.928           26.0            4.8
    2452932.839            1.4            4.3
    2452934.804           -7.4            4.6
    2452963.753           -2.9            5.2
    2452965.809           12.3            5.4
     2453022.63           -6.4            5.6
     2453208.01            0.5            3.8
    2453209.978            4.5            3.7
    2453214.961            9.8            4.2
    2453231.961            3.1            4.0
    2453233.909            9.4            3.9
     2453235.96            0.2            4.2
    2453265.899            1.4            3.8
    2453268.919            2.8            4.0
     2453269.81           -2.1            3.5
    2453286.828           -3.1            3.8
    2453324.713           -2.5            5.5
    2453354.654            0.7            3.8
    2453400.642           15.1            7.5
    2453550.983            7.9            4.4
    2453578.964            7.2            4.6
    2453613.923           11.5            4.2
    2453654.771            1.2            4.1
    2453701.724           12.9            4.6
    2453740.745            3.3            4.7
    2453911.993           10.5            3.6
    2453917.013            6.0            3.9
    2453934.974            2.3            3.9
    2453968.925            0.9            3.2
    2453981.851           11.9            3.8
    2453985.899           -6.4            4.0
    2454055.755           -0.6            3.9
    2454297.975            0.5            4.1
    2454300.974           -5.7            4.0
    2454314.939            6.8            3.6
    2454318.981           -2.8            4.2
    2454344.859           13.7            4.3
    2454348.917            3.3            4.0
    2454391.887            7.4            5.4
    2454394.775            2.6            4.2
    2454418.777            3.0            4.5
    2454420.763            9.7            4.2
    2454440.653            4.4            3.4
    2454443.651           -1.2            3.6
    2454481.638            2.2            3.9
    2454503.651           23.0            4.3
    2454645.984           14.4            4.5
    2454646.968           16.7            4.2
    2454668.009            8.9            3.7
    2454681.904            2.2            3.8
     2454683.97            8.5            3.8
    2454711.893            8.0            4.1
    2454713.873           21.0            4.2
    2454715.882            7.8            4.6
    2454716.875            5.9            4.1
    2454753.885           17.5            3.6
     2454755.85            4.4            3.8
    2454777.733            7.2            4.1
    2454806.796           -5.3            5.5
     2454808.77           -4.1            4.3
    2454809.763           -2.1            6.1
    2455026.973            0.2            5.7
    2455063.965            5.8            5.0
    2455099.996            1.3            4.9
    2455116.856            7.6            6.8
    2455154.739           19.8            7.6
    2455174.788           -2.0            5.8
    2455364.972            8.7            5.0
    2455419.012           -4.8            4.7
    2455446.847            4.9            3.6
    2455446.856            4.4            3.1
    2455463.833            6.1            5.2
    2455466.842            6.2            4.8
    2455569.653           -2.9            4.1
    2455571.713            4.5            4.6
    2455572.671           -3.6            4.8
    2455621.621           -4.0            4.6
    2455757.974            6.1            5.0
    2455803.919           11.5            4.3
    2455806.936            6.8            4.3
    2455828.781           -0.3            4.2
    2455831.849            5.7            5.1
    2455861.842            1.6            4.2
    2455864.796            2.0            4.4
    2455892.745           13.6            4.9
