    2451745.994            0.7            4.3
    2451778.895            4.0            3.7
    2451808.867           -0.5            3.6
    2451853.766            7.9            4.1
    2451856.801           -2.3            4.6
    2451898.637           13.6            8.0
    2451932.609            1.8            3.9
    2452163.861           11.3            4.9
    2452175.851           11.2            4.0
    2452307.598           -2.0            4.5
    2452465.989            8.7            5.3
    2452483.985           11.8            5.0
    2452494.987            8.8            5.0
    2452517.936           -0.0            5.2
     2452528.91            0.1            5.2
     2452530.91           -0.9            4.5
    2452541.904           -3.0            4.5
    2452543.883            3.8            5.0
    2452559.914            2.0            6.4
    2452561.795            4.9            8.4
    2452571.791            4.2            5.0
     2452589.81            9.7            5.7
    2452603.782           -0.8            4.9
    2452605.724            6.7            4.8
    2452616.772            0.1            5.9
    2452665.604           -2.1            4.2
    2452668.611           13.4            5.3
    2452837.972            1.7            5.4
    2452861.963            4.0            4.1
    2452863.985            3.1            5.2
    2452879.918            4.8            4.2
    2452880.947           -0.7            5.0
    2452898.911            1.1            4.7
    2452900.928           -1.0            4.8
    2452932.839            8.0            4.3
    2452934.804           11.4            4.6
    2452963.753            6.3            5.2
    2452965.809            7.6            5.4
     2453022.63            2.4            5.6
     2453208.01           -2.0            3.8
    2453209.978            1.5            3.7
    2453214.961           -3.5            4.2
    2453231.961            0.2            4.0
    2453233.909           -3.4            3.9
     2453235.96            9.0            4.2
    2453265.899            6.9            3.8
    2453268.919            4.6            4.0
     2453269.81           -0.6            3.5
    2453286.828            7.4            3.8
    2453324.713           -0.7            5.5
    2453354.654            9.5            3.8
    2453400.642            0.7            7.5
    2453550.983           11.0            4.4
    2453578.964           -3.8            4.6
    2453613.923            8.0            4.2
    2453654.771            6.3            4.1
    2453701.724           -0.1            4.6
    2453740.745            1.1            4.7
    2453911.993           -5.3            3.6
    2453917.013            0.0            3.9
    2453934.974            5.1            3.9
    2453968.925            2.9            3.2
    2453981.851            6.4            3.8
    2453985.899           -4.6            4.0
    2454055.755            8.8            3.9
    2454297.975           12.6            4.1
    2454300.974            0.2            4.0
    2454314.939            7.6            3.6
    2454318.981           -0.3            4.2
    2454344.859           -1.2            4.3
    2454348.917           -0.5            4.0
    2454391.887            6.0            5.4
    2454394.775            6.0            4.2
    2454418.777           -2.0            4.5
    2454420.763            7.8            4.2
    2454440.653            3.9            3.4
    2454443.651           -1.5            3.6
    2454481.638            8.6            3.9
    2454503.651           -1.9            4.3
    2454645.984           -0.2            4.5
    2454646.968            0.8            4.2
    2454668.009            8.4            3.7
    2454681.904            0.2            3.8
     2454683.97           -4.0            3.8
    2454711.893            8.8            4.1
    2454713.873           -0.9            4.2
    2454715.882            8.3            4.6
    2454716.875           12.6            4.1
    2454753.885           11.1            3.6
     2454755.85            3.9            3.8
    2454777.733            5.0            4.1
    2454806.796           -0.1            5.5
     2454808.77            9.6            4.3
    2454809.763           14.5            6.1
    2455026.973            5.4            5.7
    2455063.965            7.5            5.0
    2455099.996            9.7            4.9
    2455116.856            6.4            6.8
    2455154.739           16.6            7.6
    2455174.788           10.4            5.8
    2455364.972            9.1            5.0
    2455419.012            8.0            4.7
    2455446.847            1.3            3.6
    2455446.856            0.7            3.1
    2455463.833            9.0            5.2
    2455466.842           -4.3            4.8
    2455569.653            9.8            4.1
    2455571.713            0.1            4.6
    2455572.671            3.0            4.8
    2455621.621           -3.3            4.6
    2455757.974            4.4            5.0
    2455803.919            6.4            4.3
    2455806.936           -2.4            4.3
    2455828.781            9.7            4.2
    2455831.849            4.6            5.1
    2455861.842           -3.0            4.2
    2455864.796           10.3            4.4
    2455892.745           -3.5            4.9
