    2451745.994           -9.2            4.3
    2451778.895           -3.6            3.7
    2451808.867            7.0            3.6
    2451853.766           -3.8            4.1
    2451856.801           -2.7            4.6
    2451898.637            2.8            8.0
    2451932.609            0.7            3.9
    2452163.861            7.5            4.9
    2452175.851          -29.6            4.0
    2452307.598          -12.2            4.5
    2452465.989           -3.8            5.3
    2452483.985            7.8            5.0
    2452494.987           22.8            5.0
    2452517.936          -10.6            5.2
     2452528.91           11.2            5.2
     2452530.91           27.2            4.5
    2452541.904           -3.3            4.5
    2452543.883            4.0            5.0
    2452559.914           15.6            6.4
    2452561.795           19.9            8.4
    2452571.791          -17.4            5.0
     2452589.81           35.6            5.7
    2452603.782           30.2            4.9
    2452605.724            1.9            4.8
    2452616.772           -6.8            5.9
    2452665.604           -2.5            4.2
    2452668.611           -3.3            5.3
    2452837.972           24.2            5.4
    2452861.963           -0.4            4.1
    2452863.985           16.7            5.2
    2452879.918           15.6            4.2
    2452880.947            4.9            5.0
    2452898.911           -1.8            4.7
    2452900.928           -5.3            4.8
    2452932.839           15.2            4.3
    2452934.804           14.4            4.6
    2452963.753           -7.3            5.2
    2452965.809           -8.7            5.4
     2453022.63          -10.0            5.6
     2453208.01            9.2            3.8
    2453209.978           14.4            3.7
    2453214.961           10.6            4.2
    2453231.961           24.7            4.0
    2453233.909           15.6            3.9
     2453235.96           -2.0            4.2
    2453265.899          -15.7            3.8
    2453268.919            9.9            4.0
     2453269.81           16.1            3.5
    2453286.828           -8.6            3.8
    2453324.713          -17.5            5.5
    2453354.654           29.3            3.8
    2453400.642           11.5            7.5
    2453550.983          -12.6            4.4
    2453578.964            2.5            4.6
    2453613.923           23.2            4.2
    2453654.771           10.1            4.1
    2453701.724           17.6            4.6
    2453740.745          -16.9            4.7
    2453911.993           24.7            3.6
    2453917.013           -1.5            3.9
    2453934.974           24.0            3.9
    2453968.925           -0.9            3.2
    2453981.851           -2.1            3.8
    2453985.899            1.3            4.0
    2454055.755           16.4            3.9
    2454297.975            5.4            4.1
    2454300.974           12.5            4.0
    2454314.939           27.3            3.6
    2454318.981          -12.4            4.2
    2454344.859           -5.1            4.3
    2454348.917           -7.1            4.0
    2454391.887          -16.5            5.4
    2454394.775           16.1            4.2
    2454418.777            1.7            4.5
    2454420.763           -9.9            4.2
    2454440.653           -4.3            3.4
    2454443.651          -13.6            3.6
    2454481.638           -1.0            3.9
    2454503.651           35.2            4.3
    2454645.984           -9.2            4.5
    2454646.968          -22.8            4.2
    2454668.009          -15.8            3.7
    2454681.904          -12.9            3.8
     2454683.97           -7.3            3.8
    2454711.893            8.4            4.1
    2454713.873           20.1            4.2
    2454715.882           26.5            4.6
    2454716.875           11.8            4.1
    2454753.885           25.4            3.6
     2454755.85           -0.6            3.8
    2454777.733           17.7            4.1
    2454806.796          -16.1            5.5
     2454808.77           -1.0            4.3
    2454809.763           -5.0            6.1
    2455026.973          -22.1            5.7
    2455063.965          -11.6            5.0
    2455099.996          -14.2            4.9
    2455116.856            5.8            6.8
    2455154.739           34.1            7.6
    2455174.788            7.2            5.8
    2455364.972           24.3            5.0
    2455419.012            8.4            4.7
    2455446.847           -3.9            3.6
    2455446.856           -4.2            3.1
    2455463.833           -3.6            5.2
    2455466.842            6.3            4.8
    2455569.653           -4.1            4.1
    2455571.713            4.5            4.6
    2455572.671           24.5            4.8
    2455621.621            4.7            4.6
    2455757.974           -7.9            5.0
    2455803.919           28.8            4.3
    2455806.936           23.8            4.3
    2455828.781           -0.4            4.2
    2455831.849           -3.5            5.1
    2455861.842          -11.5            4.2
    2455864.796            2.2            4.4
    2455892.745           -2.9            4.9
