    2451745.994            9.4            4.3
    2451778.895           -5.1            3.7
    2451808.867            1.9            3.6
    2451853.766           -8.3            4.1
    2451856.801            1.6            4.6
    2451898.637            6.3            8.0
    2451932.609           -2.6            3.9
    2452163.861           -0.8            4.9
    2452175.851           12.3            4.0
    2452307.598           -5.1            4.5
    2452465.989            5.5            5.3
    2452483.985           18.6            5.0
    2452494.987           -7.4            5.0
    2452517.936            2.0            5.2
     2452528.91           -0.5            5.2
     2452530.91           15.8            4.5
    2452541.904          -16.0            4.5
    2452543.883          -12.2            5.0
    2452559.914           28.7            6.4
    2452561.795           36.0            8.4
    2452571.791          -20.4            5.0
     2452589.81           12.5            5.7
    2452603.782           13.7            4.9
    2452605.724           -2.8            4.8
    2452616.772            6.5            5.9
    2452665.604           -1.9            4.2
    2452668.611            6.4            5.3
    2452837.972           10.0            5.4
    2452861.963           -0.4            4.1
    2452863.985            8.7            5.2
    2452879.918           -6.9            4.2
    2452880.947           -5.6            5.0
    2452898.911           -4.6            4.7
    2452900.928           -7.8            4.8
    2452932.839          -18.3            4.3
    2452934.804           -7.1            4.6
    2452963.753           20.5            5.2
    2452965.809           25.7            5.4
     2453022.63           13.8            5.6
     2453208.01           13.6            3.8
    2453209.978            0.4            3.7
    2453214.961          -13.0            4.2
    2453231.961            6.9            4.0
    2453233.909           19.9            3.9
     2453235.96            5.1            4.2
    2453265.899           -9.3            3.8
    2453268.919          -10.7            4.0
     2453269.81           -3.2            3.5
    2453286.828            7.5            3.8
    2453324.713            6.9            5.5
    2453354.654           17.2            3.8
    2453400.642           18.1            7.5
    2453550.983          -14.6            4.4
    2453578.964          -20.2            4.6
    2453613.923            8.3            4.2
    2453654.771            7.3            4.1
    2453701.724           -4.8            4.6
    2453740.745           24.8            4.7
    2453911.993           -3.8            3.6
    2453917.013            8.5            3.9
    2453934.974          -14.4            3.9
    2453968.925            1.9            3.2
    2453981.851           -1.8            3.8
    2453985.899          -11.9            4.0
    2454055.755            1.9            3.9
    2454297.975           -5.0            4.1
    2454300.974            2.4            4.0
    2454314.939            4.9            3.6
    2454318.981           -6.9            4.2
    2454344.859           -7.2            4.3
    2454348.917            5.1            4.0
    2454391.887            5.6            5.4
    2454394.775          -15.8            4.2
    2454418.777            0.1            4.5
    2454420.763           -5.2            4.2
    2454440.653           15.7            3.4
    2454443.651          -10.1            3.6
    2454481.638           13.4            3.9
    2454503.651            0.3            4.3
    2454645.984           22.9            4.5
    2454646.968            7.9            4.2
    2454668.009           19.0            3.7
    2454681.904          -14.5            3.8
     2454683.97            1.6            3.8
    2454711.893            4.9            4.1
    2454713.873            7.3            4.2
    2454715.882            5.7            4.6
    2454716.875           17.4            4.1
    2454753.885           -4.3            3.6
     2454755.85           -9.4            3.8
    2454777.733          -14.8            4.1
    2454806.796          -10.5            5.5
     2454808.77            2.7            4.3
    2454809.763           -5.4            6.1
    2455026.973           30.0            5.7
    2455063.965          -14.5            5.0
    2455099.996           19.8            4.9
    2455116.856           11.3            6.8
    2455154.739           17.4            7.6
    2455174.788           18.2            5.8
    2455364.972           22.4            5.0
    2455419.012           -1.2            4.7
    2455446.847           -7.3            3.6
    2455446.856           -8.6            3.1
    2455463.833           23.6            5.2
    2455466.842           -1.6            4.8
    2455569.653            0.2            4.1
    2455571.713           -6.4            4.6
    2455572.671            6.4            4.8
    2455621.621            3.9            4.6
    2455757.974           -7.2            5.0
    2455803.919           14.5            4.3
    2455806.936          -18.9            4.3
    2455828.781            4.2            4.2
    2455831.849           -2.1            5.1
    2455861.842           -0.2            4.2
    2455864.796           -9.0            4.4
    2455892.745            4.2            4.9
