    2451745.994            0.9            4.3
    2451778.895           12.1            3.7
    2451808.867           -7.4            3.6
    2451853.766            1.8            4.1
    2451856.801           13.6            4.6
    2451898.637            1.7            8.0
    2451932.609            0.8            3.9
    2452163.861           -1.7            4.9
    2452175.851            2.0            4.0
    2452307.598           -4.5            4.5
    2452465.989            8.1            5.3
    2452483.985            9.2            5.0
    2452494.987            1.8            5.0
    2452517.936           11.5            5.2
     2452528.91            2.5            5.2
     2452530.91            7.0            4.5
    2452541.904            2.1            4.5
    2452543.883            8.1            5.0
    2452559.914            1.9            6.4
    2452561.795           15.5            8.4
    2452571.791            3.5            5.0
     2452589.81            8.6            5.7
    2452603.782           -3.0            4.9
    2452605.724           -4.0            4.8
    2452616.772           -1.3            5.9
    2452665.604            8.5            4.2
    2452668.611           -1.7            5.3
    2452837.972           -3.2            5.4
    2452861.963            8.5            4.1
    2452863.985            2.5            5.2
    2452879.918           10.8            4.2
    2452880.947            7.1            5.0
    2452898.911            7.5            4.7
    2452900.928            0.1            4.8
    2452932.839           10.8            4.3
    2452934.804            1.5            4.6
    2452963.753            8.4            5.2
    2452965.809           -0.8            5.4
     2453022.63           12.0            5.6
     2453208.01            4.7            3.8
    2453209.978           13.2            3.7
    2453214.961           10.3            4.2
    2453231.961           -0.1            4.0
    2453233.909            5.0            3.9
     2453235.96           12.2            4.2
    2453265.899           -2.4            3.8
    2453268.919            6.3            4.0
     2453269.81            0.2            3.5
    2453286.828           13.6            3.8
    2453324.713            2.4            5.5
    2453354.654            0.6            3.8
    2453400.642           -4.0            7.5
    2453550.983            0.1            4.4
    2453578.964           15.4            4.6
    2453613.923           -6.9            4.2
    2453654.771            9.8            4.1
    2453701.724            9.4            4.6
    2453740.745           12.5            4.7
    2453911.993           -7.2            3.6
    2453917.013           -1.5            3.9
    2453934.974           13.4            3.9
    2453968.925           -3.4            3.2
    2453981.851           -4.0            3.8
    2453985.899            7.6            4.0
    2454055.755            0.3            3.9
    2454297.975           10.4            4.1
    2454300.974            4.2            4.0
    2454314.939            8.8            3.6
    2454318.981           -1.6            4.2
    2454344.859           -6.2            4.3
    2454348.917            7.7            4.0
    2454391.887            4.2            5.4
    2454394.775            7.8            4.2
    2454418.777            5.8            4.5
    2454420.763            4.6            4.2
    2454440.653            7.0            3.4
    2454443.651            5.8            3.6
    2454481.638           -6.6            3.9
    2454503.651           12.2            4.3
    2454645.984           11.6            4.5
    2454646.968            9.3            4.2
    2454668.009            2.3            3.7
    2454681.904           -3.1            3.8
     2454683.97            7.5            3.8
    2454711.893            5.3            4.1
    2454713.873           -4.6            4.2
    2454715.882            5.3            4.6
    2454716.875           10.3            4.1
    2454753.885           -0.1            3.6
     2454755.85           10.3            3.8
    2454777.733           -3.8            4.1
    2454806.796           13.5            5.5
     2454808.77           13.1            4.3
    2454809.763            8.3            6.1
    2455026.973           14.8            5.7
    2455063.965           -5.3            5.0
    2455099.996           13.1            4.9
    2455116.856            6.7            6.8
    2455154.739            3.5            7.6
    2455174.788            8.0            5.8
    2455364.972            9.6            5.0
    2455419.012           -6.4            4.7
    2455446.847            6.6            3.6
    2455446.856            6.2            3.1
    2455463.833            3.4            5.2
    2455466.842           12.2            4.8
    2455569.653           -0.2            4.1
    2455571.713            7.5            4.6
    2455572.671            3.0            4.8
    2455621.621            5.3            4.6
    2455757.974           11.6            5.0
    2455803.919           12.4            4.3
    2455806.936            0.2            4.3
    2455828.781            9.0            4.2
    2455831.849            6.0            5.1
    2455861.842            6.7            4.2
    2455864.796           -3.0            4.4
    2455892.745            6.1            4.9
