    2451745.994           -5.3            4.3
    2451778.895            7.8            3.7
    2451808.867           -1.2            3.6
    2451853.766            9.3            4.1
    2451856.801            0.6            4.6
    2451898.637           15.5            8.0
    2451932.609            9.8            3.9
    2452163.861            1.2            4.9
    2452175.851           17.1            4.0
    2452307.598           -8.8            4.5
    2452465.989           18.3            5.3
    2452483.985           -1.6            5.0
    2452494.987           -0.2            5.0
    2452517.936           12.3            5.2
     2452528.91           10.9            5.2
     2452530.91            2.9            4.5
    2452541.904            9.6            4.5
    2452543.883          -10.2            5.0
    2452559.914           12.6            6.4
    2452561.795           19.4            8.4
    2452571.791            6.5            5.0
     2452589.81           10.7            5.7
    2452603.782           12.1            4.9
    2452605.724           -5.9            4.8
    2452616.772           -3.9            5.9
    2452665.604            2.9            4.2
    2452668.611            6.8            5.3
    2452837.972            2.5            5.4
    2452861.963            8.3            4.1
    2452863.985           17.6            5.2
    2452879.918            4.8            4.2
    2452880.947            3.6            5.0
    2452898.911            3.3            4.7
    2452900.928            1.0            4.8
    2452932.839           15.3            4.3
    2452934.804           10.9            4.6
    2452963.753            5.5            5.2
    2452965.809           26.0            5.4
     2453022.63           -7.2            5.6
     2453208.01           10.9            3.8
    2453209.978            5.1            3.7
    2453214.961           15.1            4.2
    2453231.961          -13.7            4.0
    2453233.909           -4.6            3.9
     2453235.96           16.0            4.2
    2453265.899            0.9            3.8
    2453268.919            6.0            4.0
     2453269.81           13.0            3.5
    2453286.828           -2.6            3.8
    2453324.713            5.5            5.5
    2453354.654          -12.2            3.8
    2453400.642           14.0            7.5
    2453550.983            8.0            4.4
    2453578.964           11.3            4.6
    2453613.923            7.4            4.2
    2453654.771           23.7            4.1
    2453701.724            6.1            4.6
    2453740.745           -8.9            4.7
    2453911.993           21.7            3.6
    2453917.013            1.2            3.9
    2453934.974           -0.2            3.9
    2453968.925          -10.2            3.2
    2453981.851           -5.4            3.8
    2453985.899           19.0            4.0
    2454055.755            3.0            3.9
    2454297.975            3.6            4.1
    2454300.974          -11.4            4.0
    2454314.939           -0.6            3.6
    2454318.981           10.0            4.2
    2454344.859            4.9            4.3
    2454348.917           11.0            4.0
    2454391.887           21.1            5.4
    2454394.775           -1.3            4.2
    2454418.777            0.7            4.5
    2454420.763            3.5            4.2
    2454440.653           -2.7            3.4
    2454443.651            8.8            3.6
    2454481.638            5.2            3.9
    2454503.651            7.4            4.3
    2454645.984           -1.7            4.5
    2454646.968            8.5            4.2
    2454668.009            6.9            3.7
    2454681.904           17.4            3.8
     2454683.97            8.9            3.8
    2454711.893           -5.2            4.1
    2454713.873            6.8            4.2
    2454715.882            6.5            4.6
    2454716.875            0.3            4.1
    2454753.885            6.1            3.6
     2454755.85           24.6            3.8
    2454777.733            9.9            4.1
    2454806.796           13.7            5.5
     2454808.77           11.1            4.3
    2454809.763           11.8            6.1
    2455026.973           14.4            5.7
    2455063.965           -2.0            5.0
    2455099.996           13.7            4.9
    2455116.856            8.5            6.8
    2455154.739            6.3            7.6
    2455174.788            3.2            5.8
    2455364.972           -3.5            5.0
    2455419.012           12.1            4.7
    2455446.847           -3.5            3.6
    2455446.856           -3.7            3.1
    2455463.833           14.8            5.2
    2455466.842           -1.6            4.8
    2455569.653           -0.0            4.1
    2455571.713          -11.7            4.6
    2455572.671           -6.6            4.8
    2455621.621            5.2            4.6
    2455757.974           -2.9            5.0
    2455803.919           17.8            4.3
    2455806.936            4.6            4.3
    2455828.781            6.1            4.2
    2455831.849           -7.4            5.1
    2455861.842           -9.3            4.2
    2455864.796            9.3            4.4
    2455892.745            5.1            4.9
