    2451745.994           11.1            4.3
    2451778.895           10.4            3.7
    2451808.867            5.6            3.6
    2451853.766            4.4            4.1
    2451856.801           11.9            4.6
    2451898.637           21.8            8.0
    2451932.609            7.0            3.9
    2452163.861            5.7            4.9
    2452175.851           16.9            4.0
    2452307.598            2.2            4.5
    2452465.989           17.5            5.3
    2452483.985           15.4            5.0
    2452494.987           -8.6            5.0
    2452517.936           24.1            5.2
     2452528.91           -9.5            5.2
     2452530.91           -2.3            4.5
    2452541.904            8.2            4.5
    2452543.883          -11.2            5.0
    2452559.914           16.3            6.4
    2452561.795            7.8            8.4
    2452571.791            7.9            5.0
     2452589.81           18.4            5.7
    2452603.782           24.2            4.9
    2452605.724            9.3            4.8
    2452616.772            0.8            5.9
    2452665.604           -3.2            4.2
    2452668.611           -9.2            5.3
    2452837.972          -10.8            5.4
    2452861.963           11.5            4.1
    2452863.985           17.2            5.2
    2452879.918           16.0            4.2
    2452880.947            5.9            5.0
    2452898.911           22.4            4.7
    2452900.928            3.5            4.8
    2452932.839           11.0            4.3
    2452934.804            0.2            4.6
    2452963.753            6.8            5.2
    2452965.809           16.2            5.4
     2453022.63            5.6            5.6
     2453208.01           21.4            3.8
    2453209.978            1.2            3.7
    2453214.961           -8.3            4.2
    2453231.961           -0.7            4.0
    2453233.909          -16.2            3.9
     2453235.96            4.4            4.2
    2453265.899            3.3            3.8
    2453268.919            3.8            4.0
     2453269.81           10.1            3.5
    2453286.828           -7.0            3.8
    2453324.713           -2.3            5.5
    2453354.654            0.9            3.8
    2453400.642           -6.7            7.5
    2453550.983           16.7            4.4
    2453578.964            6.2            4.6
    2453613.923            5.6            4.2
    2453654.771           21.5            4.1
    2453701.724            9.3            4.6
    2453740.745           20.9            4.7
    2453911.993           20.5            3.6
    2453917.013            7.7            3.9
    2453934.974          -10.0            3.9
    2453968.925            1.6            3.2
    2453981.851           -2.3            3.8
    2453985.899          -10.3            4.0
    2454055.755           -1.4            3.9
    2454297.975           10.3            4.1
    2454300.974            5.2            4.0
    2454314.939           -9.5            3.6
    2454318.981           -0.8            4.2
    2454344.859           12.6            4.3
    2454348.917            2.3            4.0
    2454391.887           16.5            5.4
    2454394.775            3.6            4.2
    2454418.777          -12.5            4.5
    2454420.763            3.0            4.2
    2454440.653           20.6            3.4
    2454443.651            2.9            3.6
    2454481.638           -1.0            3.9
    2454503.651           -3.3            4.3
    2454645.984           19.5            4.5
    2454646.968           11.0            4.2
    2454668.009            5.1            3.7
    2454681.904            6.2            3.8
     2454683.97           18.0            3.8
    2454711.893           10.4            4.1
    2454713.873            0.0            4.2
    2454715.882           11.7            4.6
    2454716.875           17.1            4.1
    2454753.885            5.9            3.6
     2454755.85            0.0            3.8
    2454777.733            0.5            4.1
    2454806.796            4.8            5.5
     2454808.77          -11.4            4.3
    2454809.763          -15.9            6.1
    2455026.973           13.7            5.7
    2455063.965           10.2            5.0
    2455099.996           -8.4            4.9
    2455116.856            6.2            6.8
    2455154.739            1.0            7.6
    2455174.788           10.3            5.8
    2455364.972            9.3            5.0
    2455419.012            0.4            4.7
    2455446.847           -7.2            3.6
    2455446.856           -7.8            3.1
    2455463.833           -0.1            5.2
    2455466.842           -8.7            4.8
    2455569.653           14.4            4.1
    2455571.713            8.8            4.6
    2455572.671           20.5            4.8
    2455621.621           14.3            4.6
    2455757.974            0.6            5.0
    2455803.919          -11.1            4.3
    2455806.936            0.1            4.3
    2455828.781            4.2            4.2
    2455831.849           17.0            5.1
    2455861.842           -8.1            4.2
    2455864.796           14.3            4.4
    2455892.745            0.6            4.9
