    2451745.994           -4.3            4.3
    2451778.895           -0.9            3.7
    2451808.867           13.5            3.6
    2451853.766            3.3            4.1
    2451856.801            7.6            4.6
    2451898.637           14.9            8.0
    2451932.609            9.0            3.9
    2452163.861            4.8            4.9
    2452175.851            2.7            4.0
    2452307.598            4.9            4.5
    2452465.989           -2.5            5.3
    2452483.985            0.6            5.0
    2452494.987            4.4            5.0
    2452517.936           -2.2            5.2
     2452528.91            6.1            5.2
     2452530.91           -4.5            4.5
    2452541.904           -3.9            4.5
    2452543.883            4.3            5.0
    2452559.914           10.3            6.4
    2452561.795           19.9            8.4
    2452571.791           -0.5            5.0
     2452589.81            8.4            5.7
    2452603.782            3.3            4.9
    2452605.724           -7.4            4.8
    2452616.772           -2.1            5.9
    2452665.604           -0.9            4.2
    2452668.611           13.6            5.3
    2452837.972            2.0            5.4
    2452861.963            3.6            4.1
    2452863.985            2.8            5.2
    2452879.918            6.9            4.2
    2452880.947           14.1            5.0
    2452898.911            3.6            4.7
    2452900.928           -0.8            4.8
    2452932.839            5.4            4.3
    2452934.804           -0.9            4.6
    2452963.753            7.2            5.2
    2452965.809            7.8            5.4
     2453022.63           -5.9            5.6
     2453208.01            3.1            3.8
    2453209.978            6.3            3.7
    2453214.961           13.2            4.2
    2453231.961           -1.4            4.0
    2453233.909           13.0            3.9
     2453235.96           11.5            4.2
    2453265.899           -2.0            3.8
    2453268.919           -2.2            4.0
     2453269.81           -2.6            3.5
    2453286.828           10.0            3.8
    2453324.713            8.2            5.5
    2453354.654            5.4            3.8
    2453400.642            8.4            7.5
    2453550.983            5.9            4.4
    2453578.964            9.6            4.6
    2453613.923           -8.7            4.2
    2453654.771            6.3            4.1
    2453701.724           -5.2            4.6
    2453740.745           10.1            4.7
    2453911.993           14.8            3.6
    2453917.013           -0.6            3.9
    2453934.974            3.5            3.9
    2453968.925           -2.3            3.2
    2453981.851           -6.5            3.8
    2453985.899            3.3            4.0
    2454055.755            7.7            3.9
    2454297.975            8.3            4.1
    2454300.974           -7.1            4.0
    2454314.939           -2.2            3.6
    2454318.981            4.5            4.2
    2454344.859           10.4            4.3
    2454348.917            1.8            4.0
    2454391.887            9.3            5.4
    2454394.775            0.1            4.2
    2454418.777            6.9            4.5
    2454420.763           -3.6            4.2
    2454440.653            0.2            3.4
    2454443.651            8.3            3.6
    2454481.638            3.9            3.9
    2454503.651           12.5            4.3
    2454645.984            0.6            4.5
    2454646.968            4.0            4.2
    2454668.009           -1.5            3.7
    2454681.904           -4.1            3.8
     2454683.97           -2.7            3.8
    2454711.893           11.9            4.1
    2454713.873            6.1            4.2
    2454715.882            2.9            4.6
    2454716.875           -2.6            4.1
    2454753.885            3.9            3.6
     2454755.85           -5.2            3.8
    2454777.733           -3.4            4.1
    2454806.796           10.4            5.5
     2454808.77            5.6            4.3
    2454809.763           11.4            6.1
    2455026.973            2.0            5.7
    2455063.965            6.3            5.0
    2455099.996           -7.0            4.9
    2455116.856           17.8            6.8
    2455154.739           15.7            7.6
    2455174.788            1.0            5.8
    2455364.972            8.9            5.0
    2455419.012            4.5            4.7
    2455446.847            7.9            3.6
    2455446.856            7.3            3.1
    2455463.833            6.8            5.2
    2455466.842            1.1            4.8
    2455569.653           -8.4            4.1
    2455571.713           10.1            4.6
    2455572.671           12.3            4.8
    2455621.621            9.1            4.6
    2455757.974            7.2            5.0
    2455803.919            1.4            4.3
    2455806.936           12.4            4.3
    2455828.781            7.7            4.2
    2455831.849            7.1            5.1
    2455861.842            1.2            4.2
    2455864.796           -4.7            4.4
    2455892.745            0.9            4.9
