    2451745.994           10.4            4.3
    2451778.895            7.0            3.7
    2451808.867            1.7            3.6
    2451853.766            2.4            4.1
    2451856.801            7.7            4.6
    2451898.637            7.1            8.0
    2451932.609            1.2            3.9
    2452163.861            7.3            4.9
    2452175.851           -0.8            4.0
    2452307.598            3.0            4.5
    2452465.989            5.7            5.3
    2452483.985            4.6            5.0
    2452494.987            0.0            5.0
    2452517.936            7.8            5.2
     2452528.91            2.2            5.2
     2452530.91            9.3            4.5
    2452541.904            4.6            4.5
    2452543.883            7.5            5.0
    2452559.914            8.1            6.4
    2452561.795            3.2            8.4
    2452571.791           11.3            5.0
     2452589.81            4.1            5.7
    2452603.782            5.5            4.9
    2452605.724            4.6            4.8
    2452616.772           10.0            5.9
    2452665.604            5.0            4.2
    2452668.611            0.8            5.3
    2452837.972            6.6            5.4
    2452861.963            2.4            4.1
    2452863.985           11.9            5.2
    2452879.918            9.3            4.2
    2452880.947            6.2            5.0
    2452898.911           -1.0            4.7
    2452900.928            8.9            4.8
    2452932.839            7.7            4.3
    2452934.804            0.4            4.6
    2452963.753            0.7            5.2
    2452965.809           10.2            5.4
     2453022.63            1.6            5.6
     2453208.01            5.6            3.8
    2453209.978            0.8            3.7
    2453214.961           -3.2            4.2
    2453231.961           -1.3            4.0
    2453233.909            5.2            3.9
     2453235.96           -2.0            4.2
    2453265.899           10.6            3.8
    2453268.919            2.2            4.0
     2453269.81            7.6            3.5
    2453286.828           11.6            3.8
    2453324.713            7.3            5.5
    2453354.654           -0.5            3.8
    2453400.642            3.6            7.5
    2453550.983            1.4            4.4
    2453578.964           10.1            4.6
    2453613.923           -2.9            4.2
    2453654.771           -3.0            4.1
    2453701.724            7.3            4.6
    2453740.745           -2.5            4.7
    2453911.993            5.3            3.6
    2453917.013            2.2            3.9
    2453934.974            0.2            3.9
    2453968.925            8.4            3.2
    2453981.851            9.6            3.8
    2453985.899           11.1            4.0
    2454055.755            7.0            3.9
    2454297.975           10.0            4.1
    2454300.974            6.1            4.0
    2454314.939            4.8            3.6
    2454318.981            8.6            4.2
    2454344.859            2.4            4.3
    2454348.917            0.4            4.0
    2454391.887            9.0            5.4
    2454394.775           -2.4            4.2
    2454418.777           -2.4            4.5
    2454420.763            6.0            4.2
    2454440.653            0.1            3.4
    2454443.651           -2.5            3.6
    2454481.638           -0.4            3.9
    2454503.651            6.6            4.3
    2454645.984            2.5            4.5
    2454646.968            8.1            4.2
    2454668.009            8.0            3.7
    2454681.904            1.7            3.8
     2454683.97           11.0            3.8
    2454711.893            1.4            4.1
    2454713.873            3.2            4.2
    2454715.882            0.3            4.6
    2454716.875            6.7            4.1
    2454753.885            6.8            3.6
     2454755.85           -3.2            3.8
    2454777.733            1.2            4.1
    2454806.796            9.1            5.5
     2454808.77            5.4            4.3
    2454809.763            3.7            6.1
    2455026.973            1.6            5.7
    2455063.965            3.8            5.0
    2455099.996            7.4            4.9
    2455116.856            4.1            6.8
    2455154.739            1.6            7.6
    2455174.788            2.8            5.8
    2455364.972            1.3            5.0
    2455419.012            6.1            4.7
    2455446.847            0.6            3.6
    2455446.856            0.1            3.1
    2455463.833            5.1            5.2
    2455466.842            2.9            4.8
    2455569.653            1.8            4.1
    2455571.713           11.8            4.6
    2455572.671           10.1            4.8
    2455621.621            7.4            4.6
    2455757.974            6.5            5.0
    2455803.919            2.4            4.3
    2455806.936            8.9            4.3
    2455828.781            0.3            4.2
    2455831.849            5.1            5.1
    2455861.842           -1.2            4.2
    2455864.796            6.8            4.4
    2455892.745           10.8            4.9
