    2451745.994            2.0            4.3
    2451778.895            5.6            3.7
    2451808.867            6.4            3.6
    2451853.766            2.7            4.1
    2451856.801            5.3            4.6
    2451898.637            6.0            8.0
    2451932.609            2.0            3.9
    2452163.861            3.6            4.9
    2452175.851            4.7            4.0
    2452307.598            4.2            4.5
    2452465.989            4.2            5.3
    2452483.985            3.1            5.0
    2452494.987            5.8            5.0
    2452517.936            3.2            5.2
     2452528.91            7.9            5.2
     2452530.91            6.4            4.5
    2452541.904            1.5            4.5
    2452543.883            2.7            5.0
    2452559.914            7.0            6.4
    2452561.795            7.7            8.4
    2452571.791            3.7            5.0
     2452589.81            3.9            5.7
    2452603.782            6.9            4.9
    2452605.724            7.5            4.8
    2452616.772            3.8            5.9
    2452665.604            5.2            4.2
    2452668.611            4.1            5.3
    2452837.972            4.0            5.4
    2452861.963            1.4            4.1
    2452863.985            3.5            5.2
    2452879.918            4.2            4.2
    2452880.947            4.3            5.0
    2452898.911            7.8            4.7
    2452900.928            7.8            4.8
    2452932.839            4.2            4.3
    2452934.804            3.1            4.6
    2452963.753            2.8            5.2
    2452965.809            2.5            5.4
     2453022.63            3.4            5.6
     2453208.01            1.5            3.8
    2453209.978            2.4            3.7
    2453214.961            6.2            4.2
    2453231.961            0.9            4.0
    2453233.909            1.1            3.9
     2453235.96            2.3            4.2
    2453265.899            4.3            3.8
    2453268.919            6.3            4.0
     2453269.81            6.2            3.5
    2453286.828            1.2            3.8
    2453324.713            8.4            5.5
    2453354.654            6.2            3.8
    2453400.642            9.0            7.5
    2453550.983            1.3            4.4
    2453578.964            1.6            4.6
    2453613.923            6.3            4.2
    2453654.771            1.5            4.1
    2453701.724            6.2            4.6
    2453740.745            2.6            4.7
    2453911.993            6.4            3.6
    2453917.013            3.8            3.9
    2453934.974            6.8            3.9
    2453968.925            3.7            3.2
    2453981.851            2.8            3.8
    2453985.899            5.8            4.0
    2454055.755            0.8            3.9
    2454297.975            1.5            4.1
    2454300.974            3.1            4.0
    2454314.939            4.2            3.6
    2454318.981            2.2            4.2
    2454344.859            2.5            4.3
    2454348.917            0.9            4.0
    2454391.887            7.7            5.4
    2454394.775            4.7            4.2
    2454418.777            6.6            4.5
    2454420.763            5.0            4.2
    2454440.653            6.2            3.4
    2454443.651            6.2            3.6
    2454481.638            1.0            3.9
    2454503.651            2.9            4.3
    2454645.984            3.3            4.5
    2454646.968            3.7            4.2
    2454668.009            0.6            3.7
    2454681.904            6.6            3.8
     2454683.97            6.0            3.8
    2454711.893            5.9            4.1
    2454713.873            4.7            4.2
    2454715.882            3.7            4.6
    2454716.875            2.6            4.1
    2454753.885            3.2            3.6
     2454755.85            4.8            3.8
    2454777.733            2.0            4.1
    2454806.796            5.2            5.5
     2454808.77            5.4            4.3
    2454809.763            7.8            6.1
    2455026.973            8.8            5.7
    2455063.965            2.5            5.0
    2455099.996            4.9            4.9
    2455116.856            4.7            6.8
    2455154.739            8.6            7.6
    2455174.788            2.9            5.8
    2455364.972            4.5            5.0
    2455419.012            4.7            4.7
    2455446.847            4.6            3.6
    2455446.856            4.1            3.1
    2455463.833            2.4            5.2
    2455466.842            1.8            4.8
    2455569.653            1.4            4.1
    2455571.713            1.5            4.6
    2455572.671            1.7            4.8
    2455621.621            2.5            4.6
    2455757.974            2.1            5.0
    2455803.919            4.6            4.3
    2455806.936            2.6            4.3
    2455828.781            5.9            4.2
    2455831.849            4.8            5.1
    2455861.842            1.7            4.2
    2455864.796            1.3            4.4
    2455892.745            2.1            4.9
