    2451745.994           14.0            4.3
    2451778.895           -7.1            3.7
    2451808.867            9.7            3.6
    2451853.766           -2.2            4.1
    2451856.801           12.5            4.6
    2451898.637          -13.0            8.0
    2451932.609            4.4            3.9
    2452163.861          -10.9            4.9
    2452175.851            5.8            4.0
    2452307.598           16.6            4.5
    2452465.989            9.1            5.3
    2452483.985           -2.4            5.0
    2452494.987           -9.9            5.0
    2452517.936          -10.8            5.2
     2452528.91          -16.5            5.2
     2452530.91          -15.4            4.5
    2452541.904           -3.8            4.5
    2452543.883            4.4            5.0
    2452559.914            2.9            6.4
    2452561.795            8.9            8.4
    2452571.791          -16.6            5.0
     2452589.81           -8.2            5.7
    2452603.782           -2.7            4.9
    2452605.724            0.1            4.8
    2452616.772          -15.1            5.9
    2452665.604           11.5            4.2
    2452668.611           -6.6            5.3
    2452837.972           14.3            5.4
    2452861.963          -23.3            4.1
    2452863.985            0.4            5.2
    2452879.918          -13.9            4.2
    2452880.947           14.8            5.0
    2452898.911            7.2            4.7
    2452900.928            0.1            4.8
    2452932.839           16.3            4.3
    2452934.804            1.2            4.6
    2452963.753           -3.3            5.2
    2452965.809          -10.9            5.4
     2453022.63            5.0            5.6
     2453208.01           19.2            3.8
    2453209.978           17.9            3.7
    2453214.961            3.2            4.2
    2453231.961            0.1            4.0
    2453233.909          -10.5            3.9
     2453235.96          -17.7            4.2
    2453265.899            1.4            3.8
    2453268.919           20.7            4.0
     2453269.81           -5.0            3.5
    2453286.828           16.6            3.8
    2453324.713           32.2            5.5
    2453354.654           19.6            3.8
    2453400.642          -17.5            7.5
    2453550.983           -4.0            4.4
    2453578.964           11.4            4.6
    2453613.923           -5.4            4.2
    2453654.771           -2.5            4.1
    2453701.724           -4.7            4.6
    2453740.745           -2.1            4.7
    2453911.993           21.7            3.6
    2453917.013           16.0            3.9
    2453934.974            6.5            3.9
    2453968.925           23.6            3.2
    2453981.851            9.3            3.8
    2453985.899           -6.4            4.0
    2454055.755          -12.6            3.9
    2454297.975           10.8            4.1
    2454300.974          -10.7            4.0
    2454314.939            3.6            3.6
    2454318.981          -14.8            4.2
    2454344.859           13.1            4.3
    2454348.917           -0.7            4.0
    2454391.887            6.0            5.4
    2454394.775            9.2            4.2
    2454418.777            2.0            4.5
    2454420.763           -1.3            4.2
    2454440.653           -4.8            3.4
    2454443.651           14.2            3.6
    2454481.638           -9.2            3.9
    2454503.651           -5.0            4.3
    2454645.984            7.8            4.5
    2454646.968            4.7            4.2
    2454668.009          -12.7            3.7
    2454681.904           -2.6            3.8
     2454683.97           -6.4            3.8
    2454711.893           14.1            4.1
    2454713.873           11.4            4.2
    2454715.882            9.5            4.6
    2454716.875           11.4            4.1
    2454753.885          -15.8            3.6
     2454755.85          -19.2            3.8
    2454777.733           13.4            4.1
    2454806.796           25.4            5.5
     2454808.77           17.4            4.3
    2454809.763           -2.4            6.1
    2455026.973           20.9            5.7
    2455063.965            0.1            5.0
    2455099.996           14.0            4.9
    2455116.856            3.2            6.8
    2455154.739           -9.9            7.6
    2455174.788            0.8            5.8
    2455364.972           21.4            5.0
    2455419.012           16.2            4.7
    2455446.847           -8.8            3.6
    2455446.856           -9.0            3.1
    2455463.833           23.1            5.2
    2455466.842           -0.4            4.8
    2455569.653            3.0            4.1
    2455571.713          -12.5            4.6
    2455572.671           18.8            4.8
    2455621.621            8.3            4.6
    2455757.974           -5.4            5.0
    2455803.919           14.6            4.3
    2455806.936           15.3            4.3
    2455828.781            7.1            4.2
    2455831.849           -0.3            5.1
    2455861.842           -4.7            4.2
    2455864.796           15.1            4.4
    2455892.745           11.4            4.9
