    2451745.994           -1.6            4.3
    2451778.895            7.9            3.7
    2451808.867           -5.7            3.6
    2451853.766           13.8            4.1
    2451856.801            6.6            4.6
    2451898.637           -1.9            8.0
    2451932.609            9.9            3.9
    2452163.861            6.6            4.9
    2452175.851            7.6            4.0
    2452307.598           -4.2            4.5
    2452465.989            8.9            5.3
    2452483.985            4.5            5.0
    2452494.987           10.7            5.0
    2452517.936           12.0            5.2
     2452528.91            6.1            5.2
     2452530.91           12.7            4.5
    2452541.904            6.4            4.5
    2452543.883           13.6            5.0
    2452559.914           11.0            6.4
    2452561.795            5.4            8.4
    2452571.791           11.2            5.0
     2452589.81           -4.3            5.7
    2452603.782           -3.0            4.9
    2452605.724            3.8            4.8
    2452616.772           -0.3            5.9
    2452665.604           -3.6            4.2
    2452668.611           -0.1            5.3
    2452837.972           13.3            5.4
    2452861.963            4.5            4.1
    2452863.985           12.2            5.2
    2452879.918            7.0            4.2
    2452880.947            3.8            5.0
    2452898.911           -1.4            4.7
    2452900.928            6.8            4.8
    2452932.839            3.4            4.3
    2452934.804           -1.8            4.6
    2452963.753            2.8            5.2
    2452965.809           10.7            5.4
     2453022.63            3.6            5.6
     2453208.01            6.3            3.8
    2453209.978           12.0            3.7
    2453214.961            0.5            4.2
    2453231.961            1.4            4.0
    2453233.909            9.0            3.9
     2453235.96           14.1            4.2
    2453265.899           -0.6            3.8
    2453268.919           -5.0            4.0
     2453269.81           -3.7            3.5
    2453286.828           10.4            3.8
    2453324.713           14.2            5.5
    2453354.654            3.8            3.8
    2453400.642           11.7            7.5
    2453550.983           -2.4            4.4
    2453578.964            4.4            4.6
    2453613.923           -3.3            4.2
    2453654.771            1.3            4.1
    2453701.724           -1.2            4.6
    2453740.745           -1.5            4.7
    2453911.993            6.9            3.6
    2453917.013            8.5            3.9
    2453934.974           -1.9            3.9
    2453968.925            2.2            3.2
    2453981.851            2.2            3.8
    2453985.899           -5.0            4.0
    2454055.755           11.7            3.9
    2454297.975           12.1            4.1
    2454300.974            7.7            4.0
    2454314.939            3.7            3.6
    2454318.981           -1.4            4.2
    2454344.859           -1.8            4.3
    2454348.917           11.5            4.0
    2454391.887            2.9            5.4
    2454394.775           -4.5            4.2
    2454418.777           -0.3            4.5
    2454420.763           -2.4            4.2
    2454440.653           11.0            3.4
    2454443.651           -0.1            3.6
    2454481.638            0.1            3.9
    2454503.651           13.3            4.3
    2454645.984           10.0            4.5
    2454646.968            6.0            4.2
    2454668.009            7.4            3.7
    2454681.904           10.5            3.8
     2454683.97            9.4            3.8
    2454711.893            3.6            4.1
    2454713.873           -2.2            4.2
    2454715.882           -0.7            4.6
    2454716.875            1.9            4.1
    2454753.885           -5.0            3.6
     2454755.85            1.2            3.8
    2454777.733           -4.9            4.1
    2454806.796            4.1            5.5
     2454808.77           10.7            4.3
    2454809.763           15.1            6.1
    2455026.973           13.9            5.7
    2455063.965            5.6            5.0
    2455099.996           -0.9            4.9
    2455116.856           15.9            6.8
    2455154.739           12.7            7.6
    2455174.788           -3.6            5.8
    2455364.972            0.4            5.0
    2455419.012           -2.0            4.7
    2455446.847            0.5            3.6
    2455446.856            0.0            3.1
    2455463.833           11.9            5.2
    2455466.842            2.3            4.8
    2455569.653            0.1            4.1
    2455571.713           -4.9            4.6
    2455572.671           -4.8            4.8
    2455621.621            0.6            4.6
    2455757.974           11.9            5.0
    2455803.919           -1.1            4.3
    2455806.936           10.2            4.3
    2455828.781           -3.2            4.2
    2455831.849            7.3            5.1
    2455861.842            8.5            4.2
    2455864.796           -2.4            4.4
    2455892.745           -2.6            4.9
