    2451745.994           -8.5            4.3
    2451778.895           26.3            3.7
    2451808.867           12.6            3.6
    2451853.766           -7.7            4.1
    2451856.801           -3.0            4.6
    2451898.637           -5.3            8.0
    2451932.609           25.0            3.9
    2452163.861            6.6            4.9
    2452175.851           12.2            4.0
    2452307.598          -18.6            4.5
    2452465.989            4.9            5.3
    2452483.985           16.9            5.0
    2452494.987            4.3            5.0
    2452517.936           -9.5            5.2
     2452528.91           -1.3            5.2
     2452530.91           -2.6            4.5
    2452541.904            2.7            4.5
    2452543.883           -2.5            5.0
    2452559.914           -5.2            6.4
    2452561.795           -7.5            8.4
    2452571.791          -18.9            5.0
     2452589.81           29.4            5.7
    2452603.782           11.2            4.9
    2452605.724           23.9            4.8
    2452616.772            7.2            5.9
    2452665.604           -2.3            4.2
    2452668.611           -1.5            5.3
    2452837.972           -3.0            5.4
    2452861.963          -13.2            4.1
    2452863.985           -6.9            5.2
    2452879.918            5.2            4.2
    2452880.947           20.5            5.0
    2452898.911           14.2            4.7
    2452900.928          -10.5            4.8
    2452932.839            2.7            4.3
    2452934.804           16.1            4.6
    2452963.753           20.1            5.2
    2452965.809           21.1            5.4
     2453022.63           10.4            5.6
     2453208.01          -11.5            3.8
    2453209.978            7.0            3.7
    2453214.961           15.0            4.2
    2453231.961           -8.6            4.0
    2453233.909          -10.0            3.9
     2453235.96           -9.3            4.2
    2453265.899           23.1            3.8
    2453268.919           16.7            4.0
     2453269.81           17.0            3.5
    2453286.828            7.1            3.8
    2453324.713           14.9            5.5
    2453354.654            9.1            3.8
    2453400.642            6.2            7.5
    2453550.983           -6.4            4.4
    2453578.964          -15.1            4.6
    2453613.923           15.2            4.2
    2453654.771           34.4            4.1
    2453701.724          -14.4            4.6
    2453740.745          -11.9            4.7
    2453911.993           -8.4            3.6
    2453917.013           23.3            3.9
    2453934.974            0.3            3.9
    2453968.925           -6.1            3.2
    2453981.851          -13.1            3.8
    2453985.899           31.7            4.0
    2454055.755            8.9            3.9
    2454297.975           -9.3            4.1
    2454300.974            6.3            4.0
    2454314.939           10.3            3.6
    2454318.981            9.0            4.2
    2454344.859           16.0            4.3
    2454348.917           -4.4            4.0
    2454391.887          -10.6            5.4
    2454394.775           -1.6            4.2
    2454418.777           -4.3            4.5
    2454420.763            5.6            4.2
    2454440.653           19.0            3.4
    2454443.651            5.4            3.6
    2454481.638           15.9            3.9
    2454503.651           -4.1            4.3
    2454645.984            8.0            4.5
    2454646.968            0.2            4.2
    2454668.009          -18.0            3.7
    2454681.904          -14.4            3.8
     2454683.97           -5.0            3.8
    2454711.893           -6.4            4.1
    2454713.873           -5.6            4.2
    2454715.882            8.6            4.6
    2454716.875           18.3            4.1
    2454753.885           14.3            3.6
     2454755.85           13.2            3.8
    2454777.733          -12.8            4.1
    2454806.796            2.6            5.5
     2454808.77           11.0            4.3
    2454809.763           23.9            6.1
    2455026.973           -8.7            5.7
    2455063.965            9.5            5.0
    2455099.996           15.8            4.9
    2455116.856           17.6            6.8
    2455154.739           28.9            7.6
    2455174.788            0.6            5.8
    2455364.972           16.6            5.0
    2455419.012           31.3            4.7
    2455446.847           10.9            3.6
    2455446.856           10.6            3.1
    2455463.833           13.3            5.2
    2455466.842          -12.8            4.8
    2455569.653            9.5            4.1
    2455571.713            4.2            4.6
    2455572.671            6.4            4.8
    2455621.621           17.0            4.6
    2455757.974          -21.3            5.0
    2455803.919           16.9            4.3
    2455806.936           26.6            4.3
    2455828.781           -1.4            4.2
    2455831.849           21.6            5.1
    2455861.842           14.0            4.2
    2455864.796           -0.3            4.4
    2455892.745          -13.8            4.9
