    2451745.994            7.8            4.3
    2451778.895           11.9            3.7
    2451808.867            6.4            3.6
    2451853.766          -13.9            4.1
    2451856.801           11.0            4.6
    2451898.637           22.3            8.0
    2451932.609            8.5            3.9
    2452163.861            7.2            4.9
    2452175.851           -8.0            4.0
    2452307.598           -5.0            4.5
    2452465.989           -5.3            5.3
    2452483.985           11.4            5.0
    2452494.987           -0.7            5.0
    2452517.936            4.0            5.2
     2452528.91            7.4            5.2
     2452530.91           -1.7            4.5
    2452541.904           18.8            4.5
    2452543.883            6.8            5.0
    2452559.914          -12.3            6.4
    2452561.795            1.7            8.4
    2452571.791            3.3            5.0
     2452589.81           15.2            5.7
    2452603.782           -8.6            4.9
    2452605.724          -13.4            4.8
    2452616.772           -5.8            5.9
    2452665.604            5.1            4.2
    2452668.611           -7.5            5.3
    2452837.972            3.1            5.4
    2452861.963           24.7            4.1
    2452863.985           24.1            5.2
    2452879.918          -15.3            4.2
    2452880.947            4.5            5.0
    2452898.911            8.9            4.7
    2452900.928           -0.0            4.8
    2452932.839           21.1            4.3
    2452934.804           20.8            4.6
    2452963.753           -7.2            5.2
    2452965.809           -4.6            5.4
     2453022.63            5.1            5.6
     2453208.01            2.6            3.8
    2453209.978           -0.3            3.7
    2453214.961            3.4            4.2
    2453231.961           24.3            4.0
    2453233.909           22.0            3.9
     2453235.96           12.1            4.2
    2453265.899            5.1            3.8
    2453268.919           11.0            4.0
     2453269.81           17.6            3.5
    2453286.828           -8.4            3.8
    2453324.713           -5.2            5.5
    2453354.654            4.4            3.8
    2453400.642           15.1            7.5
    2453550.983           -4.4            4.4
    2453578.964           24.7            4.6
    2453613.923           16.5            4.2
    2453654.771           -9.3            4.1
    2453701.724            3.9            4.6
    2453740.745          -14.9            4.7
    2453911.993            3.3            3.6
    2453917.013            0.6            3.9
    2453934.974            1.6            3.9
    2453968.925           -5.4            3.2
    2453981.851           13.1            3.8
    2453985.899           11.1            4.0
    2454055.755           18.4            3.9
    2454297.975            9.7            4.1
    2454300.974          -17.3            4.0
    2454314.939            4.9            3.6
    2454318.981           20.1            4.2
    2454344.859           -6.5            4.3
    2454348.917          -16.1            4.0
    2454391.887           21.3            5.4
    2454394.775          -13.7            4.2
    2454418.777            4.7            4.5
    2454420.763            2.7            4.2
    2454440.653           -5.1            3.4
    2454443.651           -3.9            3.6
    2454481.638           11.4            3.9
    2454503.651          -16.8            4.3
    2454645.984          -15.0            4.5
    2454646.968            5.0            4.2
    2454668.009            5.8            3.7
    2454681.904           -3.7            3.8
     2454683.97            0.3            3.8
    2454711.893           21.7            4.1
    2454713.873           19.0            4.2
    2454715.882           10.5            4.6
    2454716.875          -15.9            4.1
    2454753.885           -4.3            3.6
     2454755.85            6.1            3.8
    2454777.733          -12.8            4.1
    2454806.796            3.8            5.5
     2454808.77           -0.3            4.3
    2454809.763           19.6            6.1
    2455026.973            5.4            5.7
    2455063.965          -14.7            5.0
    2455099.996            1.0            4.9
    2455116.856           25.9            6.8
    2455154.739           25.6            7.6
    2455174.788            0.4            5.8
    2455364.972           -4.6            5.0
    2455419.012           -8.2            4.7
    2455446.847           -0.8            3.6
    2455446.856           -1.0            3.1
    2455463.833           25.1            5.2
    2455466.842           -4.1            4.8
    2455569.653            1.3            4.1
    2455571.713            2.2            4.6
    2455572.671           21.7            4.8
    2455621.621           -5.0            4.6
    2455757.974           -5.4            5.0
    2455803.919          -12.4            4.3
    2455806.936           17.5            4.3
    2455828.781          -13.6            4.2
    2455831.849           24.5            5.1
    2455861.842          -10.8            4.2
    2455864.796           -1.3            4.4
    2455892.745           21.8            4.9
