    2451745.994            7.3            4.3
    2451778.895           18.5            3.7
    2451808.867            8.0            3.6
    2451853.766            6.0            4.1
    2451856.801            8.0            4.6
    2451898.637            3.1            8.0
    2451932.609            8.4            3.9
    2452163.861           -8.2            4.9
    2452175.851            1.1            4.0
    2452307.598            0.1            4.5
    2452465.989           12.7            5.3
    2452483.985           10.0            5.0
    2452494.987            0.5            5.0
    2452517.936            6.2            5.2
     2452528.91            5.8            5.2
     2452530.91           -6.4            4.5
    2452541.904            9.0            4.5
    2452543.883          -12.9            5.0
    2452559.914            3.9            6.4
    2452561.795           20.8            8.4
    2452571.791            0.5            5.0
     2452589.81            6.4            5.7
    2452603.782            5.6            4.9
    2452605.724            2.5            4.8
    2452616.772           11.2            5.9
    2452665.604           13.0            4.2
    2452668.611            5.7            5.3
    2452837.972           15.2            5.4
    2452861.963            8.7            4.1
    2452863.985            3.4            5.2
    2452879.918            5.9            4.2
    2452880.947            6.4            5.0
    2452898.911            5.2            4.7
    2452900.928           14.6            4.8
    2452932.839           -0.9            4.3
    2452934.804           21.5            4.6
    2452963.753            6.6            5.2
    2452965.809           -1.9            5.4
     2453022.63           -5.0            5.6
     2453208.01            9.2            3.8
    2453209.978           -5.8            3.7
    2453214.961            3.1            4.2
    2453231.961           15.1            4.0
    2453233.909           22.1            3.9
     2453235.96            3.5            4.2
    2453265.899            1.9            3.8
    2453268.919            7.4            4.0
     2453269.81            6.2            3.5
    2453286.828           -8.6            3.8
    2453324.713           11.9            5.5
    2453354.654            4.5            3.8
    2453400.642           21.9            7.5
    2453550.983           14.1            4.4
    2453578.964            0.9            4.6
    2453613.923           15.1            4.2
    2453654.771           -0.0            4.1
    2453701.724           -2.0            4.6
    2453740.745           15.4            4.7
    2453911.993           -1.9            3.6
    2453917.013            3.0            3.9
    2453934.974            4.9            3.9
    2453968.925            2.6            3.2
    2453981.851            9.1            3.8
    2453985.899           -5.3            4.0
    2454055.755           -1.5            3.9
    2454297.975           -9.9            4.1
    2454300.974           16.0            4.0
    2454314.939           11.8            3.6
    2454318.981           -0.2            4.2
    2454344.859           -0.1            4.3
    2454348.917           11.8            4.0
    2454391.887            5.2            5.4
    2454394.775          -14.7            4.2
    2454418.777            2.7            4.5
    2454420.763           -0.9            4.2
    2454440.653            2.4            3.4
    2454443.651            4.0            3.6
    2454481.638            6.1            3.9
    2454503.651           11.5            4.3
    2454645.984           11.2            4.5
    2454646.968           23.8            4.2
    2454668.009            1.0            3.7
    2454681.904            6.1            3.8
     2454683.97            0.8            3.8
    2454711.893           -6.9            4.1
    2454713.873           -4.1            4.2
    2454715.882           11.0            4.6
    2454716.875           17.4            4.1
    2454753.885            0.5            3.6
     2454755.85            5.2            3.8
    2454777.733            4.2            4.1
    2454806.796           14.1            5.5
     2454808.77           -1.8            4.3
    2454809.763            9.7            6.1
    2455026.973            6.9            5.7
    2455063.965            0.1            5.0
    2455099.996            3.2            4.9
    2455116.856           11.0            6.8
    2455154.739            2.7            7.6
    2455174.788            3.3            5.8
    2455364.972           -6.8            5.0
    2455419.012           12.8            4.7
    2455446.847           -0.8            3.6
    2455446.856           -1.4            3.1
    2455463.833            1.6            5.2
    2455466.842            7.4            4.8
    2455569.653           18.6            4.1
    2455571.713           10.4            4.6
    2455572.671            3.4            4.8
    2455621.621            5.5            4.6
    2455757.974           11.6            5.0
    2455803.919            0.7            4.3
    2455806.936           -4.9            4.3
    2455828.781            5.6            4.2
    2455831.849           12.9            5.1
    2455861.842            6.0            4.2
    2455864.796            9.9            4.4
    2455892.745            5.2            4.9
