    2451745.994           36.9            4.3
    2451778.895           -5.2            3.7
    2451808.867          -20.9            3.6
    2451853.766           33.2            4.1
    2451856.801           28.0            4.6
    2451898.637            4.7            8.0
    2451932.609           16.6            3.9
    2452163.861          -25.7            4.9
    2452175.851          -23.5            4.0
    2452307.598           -3.6            4.5
    2452465.989          -15.7            5.3
    2452483.985           15.3            5.0
    2452494.987           16.4            5.0
    2452517.936           11.6            5.2
     2452528.91           21.1            5.2
     2452530.91          -21.9            4.5
    2452541.904           18.6            4.5
    2452543.883           14.9            5.0
    2452559.914           30.4            6.4
    2452561.795           10.1            8.4
    2452571.791           15.1            5.0
     2452589.81            4.8            5.7
    2452603.782          -28.0            4.9
    2452605.724            7.6            4.8
    2452616.772          -11.8            5.9
    2452665.604          -17.1            4.2
    2452668.611          -11.4            5.3
    2452837.972           16.3            5.4
    2452861.963           13.5            4.1
    2452863.985          -19.5            5.2
    2452879.918           19.9            4.2
    2452880.947           26.6            5.0
    2452898.911           19.2            4.7
    2452900.928           -9.6            4.8
    2452932.839           25.8            4.3
    2452934.804           -5.0            4.6
    2452963.753           21.5            5.2
    2452965.809           -5.3            5.4
     2453022.63          -12.9            5.6
     2453208.01           21.9            3.8
    2453209.978            5.4            3.7
    2453214.961           -8.8            4.2
    2453231.961           14.2            4.0
    2453233.909          -26.2            3.9
     2453235.96            0.7            4.2
    2453265.899            7.8            3.8
    2453268.919           25.5            4.0
     2453269.81           -6.4            3.5
    2453286.828           16.6            3.8
    2453324.713           22.2            5.5
    2453354.654           25.8            3.8
    2453400.642           20.5            7.5
    2453550.983            5.6            4.4
    2453578.964          -12.3            4.6
    2453613.923           10.5            4.2
    2453654.771            5.2            4.1
    2453701.724          -16.4            4.6
    2453740.745           27.1            4.7
    2453911.993          -16.2            3.6
    2453917.013           25.0            3.9
    2453934.974           22.4            3.9
    2453968.925           12.9            3.2
    2453981.851           12.2            3.8
    2453985.899          -11.7            4.0
    2454055.755            7.2            3.9
    2454297.975          -13.2            4.1
    2454300.974          -20.8            4.0
    2454314.939           19.2            3.6
    2454318.981          -15.6            4.2
    2454344.859           35.1            4.3
    2454348.917           12.1            4.0
    2454391.887           11.5            5.4
    2454394.775            0.6            4.2
    2454418.777           32.5            4.5
    2454420.763           -2.5            4.2
    2454440.653            4.3            3.4
    2454443.651           22.5            3.6
    2454481.638          -24.2            3.9
    2454503.651           -3.4            4.3
    2454645.984          -27.1            4.5
    2454646.968           -3.2            4.2
    2454668.009          -11.6            3.7
    2454681.904           24.7            3.8
     2454683.97           15.5            3.8
    2454711.893           39.2            4.1
    2454713.873            1.0            4.2
    2454715.882           16.7            4.6
    2454716.875           -8.5            4.1
    2454753.885          -24.6            3.6
     2454755.85            9.1            3.8
    2454777.733          -13.9            4.1
    2454806.796           -2.8            5.5
     2454808.77          -21.3            4.3
    2454809.763           15.2            6.1
    2455026.973           22.5            5.7
    2455063.965           22.2            5.0
    2455099.996           -1.4            4.9
    2455116.856           12.5            6.8
    2455154.739            0.8            7.6
    2455174.788           18.5            5.8
    2455364.972            5.9            5.0
    2455419.012           20.5            4.7
    2455446.847            9.0            3.6
    2455446.856            9.2            3.1
    2455463.833           11.1            5.2
    2455466.842           12.8            4.8
    2455569.653          -18.8            4.1
    2455571.713           12.2            4.6
    2455572.671           -1.5            4.8
    2455621.621           11.9            4.6
    2455757.974           27.3            5.0
    2455803.919           35.6            4.3
    2455806.936           31.7            4.3
    2455828.781            0.4            4.2
    2455831.849           23.8            5.1
    2455861.842           26.4            4.2
    2455864.796           13.5            4.4
    2455892.745           15.2            4.9
