    2451745.994          -15.2            4.3
    2451778.895            8.7            3.7
    2451808.867           -9.5            3.6
    2451853.766            3.6            4.1
    2451856.801           12.8            4.6
    2451898.637           28.3            8.0
    2451932.609            0.6            3.9
    2452163.861           24.9            4.9
    2452175.851           13.7            4.0
    2452307.598           10.7            4.5
    2452465.989           15.9            5.3
    2452483.985           12.8            5.0
    2452494.987           -1.8            5.0
    2452517.936            2.5            5.2
     2452528.91           27.2            5.2
     2452530.91           -3.0            4.5
    2452541.904            0.3            4.5
    2452543.883            4.0            5.0
    2452559.914          -11.1            6.4
    2452561.795           18.7            8.4
    2452571.791           -8.5            5.0
     2452589.81            6.0            5.7
    2452603.782            2.5            4.9
    2452605.724          -14.8            4.8
    2452616.772           -0.7            5.9
    2452665.604           22.2            4.2
    2452668.611           -8.5            5.3
    2452837.972            4.4            5.4
    2452861.963           -9.7            4.1
    2452863.985           12.8            5.2
    2452879.918           -9.5            4.2
    2452880.947           19.6            5.0
    2452898.911           -2.9            4.7
    2452900.928            5.3            4.8
    2452932.839           -5.8            4.3
    2452934.804           11.0            4.6
    2452963.753            5.4            5.2
    2452965.809           -0.7            5.4
     2453022.63           22.4            5.6
     2453208.01            0.7            3.8
    2453209.978           14.3            3.7
    2453214.961           -1.0            4.2
    2453231.961          -10.1            4.0
    2453233.909            3.0            3.9
     2453235.96          -17.7            4.2
    2453265.899           -9.3            3.8
    2453268.919          -14.6            4.0
     2453269.81           -8.2            3.5
    2453286.828            3.4            3.8
    2453324.713           20.5            5.5
    2453354.654           17.6            3.8
    2453400.642            9.7            7.5
    2453550.983           -1.6            4.4
    2453578.964           10.4            4.6
    2453613.923           -3.1            4.2
    2453654.771           -3.5            4.1
    2453701.724           -1.7            4.6
    2453740.745           23.2            4.7
    2453911.993           -0.5            3.6
    2453917.013            1.2            3.9
    2453934.974           20.6            3.9
    2453968.925           25.3            3.2
    2453981.851           18.5            3.8
    2453985.899           12.3            4.0
    2454055.755           13.2            3.9
    2454297.975           -2.0            4.1
    2454300.974           18.8            4.0
    2454314.939          -10.6            3.6
    2454318.981            4.1            4.2
    2454344.859          -10.2            4.3
    2454348.917          -10.2            4.0
    2454391.887           16.8            5.4
    2454394.775          -13.7            4.2
    2454418.777           -1.8            4.5
    2454420.763           21.6            4.2
    2454440.653            3.1            3.4
    2454443.651           -4.6            3.6
    2454481.638           -7.7            3.9
    2454503.651            2.3            4.3
    2454645.984           18.0            4.5
    2454646.968           -5.9            4.2
    2454668.009          -20.6            3.7
    2454681.904           13.2            3.8
     2454683.97            1.7            3.8
    2454711.893            8.5            4.1
    2454713.873          -14.8            4.2
    2454715.882           22.0            4.6
    2454716.875           -3.5            4.1
    2454753.885            9.6            3.6
     2454755.85           10.2            3.8
    2454777.733           19.8            4.1
    2454806.796           11.0            5.5
     2454808.77          -12.6            4.3
    2454809.763            8.8            6.1
    2455026.973           10.6            5.7
    2455063.965           17.6            5.0
    2455099.996            2.5            4.9
    2455116.856          -10.4            6.8
    2455154.739           14.8            7.6
    2455174.788            8.8            5.8
    2455364.972           -3.5            5.0
    2455419.012          -17.3            4.7
    2455446.847            8.1            3.6
    2455446.856            7.6            3.1
    2455463.833           -6.3            5.2
    2455466.842           27.9            4.8
    2455569.653            9.7            4.1
    2455571.713            7.4            4.6
    2455572.671          -18.2            4.8
    2455621.621            1.0            4.6
    2455757.974           17.8            5.0
    2455803.919            7.8            4.3
    2455806.936           22.4            4.3
    2455828.781            5.8            4.2
    2455831.849           33.1            5.1
    2455861.842           23.8            4.2
    2455864.796           11.3            4.4
    2455892.745          -17.8            4.9
