    2451745.994           -0.3            4.3
    2451778.895            3.8            3.7
    2451808.867            6.2            3.6
    2451853.766            6.2            4.1
    2451856.801            9.8            4.6
    2451898.637            5.7            8.0
    2451932.609            2.6            3.9
    2452163.861            7.6            4.9
    2452175.851           -0.3            4.0
    2452307.598            2.3            4.5
    2452465.989            7.3            5.3
    2452483.985            2.3            5.0
    2452494.987            5.4            5.0
    2452517.936            6.4            5.2
     2452528.91            1.8            5.2
     2452530.91            2.9            4.5
    2452541.904            8.1            4.5
    2452543.883            9.5            5.0
    2452559.914            4.4            6.4
    2452561.795            7.6            8.4
    2452571.791            3.6            5.0
     2452589.81            8.7            5.7
    2452603.782            3.2            4.9
    2452605.724            2.3            4.8
    2452616.772            9.5            5.9
    2452665.604            4.8            4.2
    2452668.611            5.1            5.3
    2452837.972            8.3            5.4
    2452861.963            0.3            4.1
    2452863.985            3.2            5.2
    2452879.918            0.5            4.2
    2452880.947            0.6            5.0
    2452898.911            6.4            4.7
    2452900.928            3.9            4.8
    2452932.839            1.3            4.3
    2452934.804            3.0            4.6
    2452963.753            1.8            5.2
    2452965.809            3.0            5.4
     2453022.63            9.0            5.6
     2453208.01            2.8            3.8
    2453209.978            2.3            3.7
    2453214.961            3.2            4.2
    2453231.961            4.4            4.0
    2453233.909            1.8            3.9
     2453235.96            1.9            4.2
    2453265.899            0.9            3.8
    2453268.919            4.3            4.0
     2453269.81            4.8            3.5
    2453286.828            2.7            3.8
    2453324.713            6.0            5.5
    2453354.654            2.4            3.8
    2453400.642           11.5            7.5
    2453550.983            5.6            4.4
    2453578.964           11.1            4.6
    2453613.923            0.2            4.2
    2453654.771            6.0            4.1
    2453701.724            4.8            4.6
    2453740.745            0.8            4.7
    2453911.993            0.3            3.6
    2453917.013           -0.6            3.9
    2453934.974            4.1            3.9
    2453968.925            4.5            3.2
    2453981.851            9.3            3.8
    2453985.899            4.4            4.0
    2454055.755            5.7            3.9
    2454297.975           -1.2            4.1
    2454300.974           -0.6            4.0
    2454314.939            3.2            3.6
    2454318.981            2.3            4.2
    2454344.859            1.6            4.3
    2454348.917            3.7            4.0
    2454391.887            2.5            5.4
    2454394.775            0.4            4.2
    2454418.777            5.8            4.5
    2454420.763            4.2            4.2
    2454440.653            3.0            3.4
    2454443.651            1.7            3.6
    2454481.638            3.3            3.9
    2454503.651            3.2            4.3
    2454645.984           -0.2            4.5
    2454646.968           -1.2            4.2
    2454668.009            1.7            3.7
    2454681.904            3.2            3.8
     2454683.97            3.4            3.8
    2454711.893            8.3            4.1
    2454713.873            9.3            4.2
    2454715.882            8.2            4.6
    2454716.875            6.6            4.1
    2454753.885            2.7            3.6
     2454755.85            3.1            3.8
    2454777.733            3.3            4.1
    2454806.796            7.5            5.5
     2454808.77            8.4            4.3
    2454809.763           11.7            6.1
    2455026.973            2.2            5.7
    2455063.965            5.6            5.0
    2455099.996            4.7            4.9
    2455116.856           10.6            6.8
    2455154.739            4.8            7.6
    2455174.788            5.5            5.8
    2455364.972            9.3            5.0
    2455419.012            5.9            4.7
    2455446.847            4.0            3.6
    2455446.856            3.5            3.1
    2455463.833            7.3            5.2
    2455466.842            8.4            4.8
    2455569.653            9.7            4.1
    2455571.713            8.7            4.6
    2455572.671            8.9            4.8
    2455621.621            3.8            4.6
    2455757.974            5.3            5.0
    2455803.919            2.4            4.3
    2455806.936            1.5            4.3
    2455828.781            0.4            4.2
    2455831.849            1.3            5.1
    2455861.842            3.6            4.2
    2455864.796            5.3            4.4
    2455892.745            3.9            4.9
