    2451745.994            1.0            4.3
    2451778.895           -8.9            3.7
    2451808.867           17.7            3.6
    2451853.766            8.9            4.1
    2451856.801           18.0            4.6
    2451898.637           -1.9            8.0
    2451932.609           -8.3            3.9
    2452163.861           12.2            4.9
    2452175.851           11.5            4.0
    2452307.598           16.7            4.5
    2452465.989            6.2            5.3
    2452483.985           15.9            5.0
    2452494.987            9.8            5.0
    2452517.936            4.6            5.2
     2452528.91           -2.6            5.2
     2452530.91           11.6            4.5
    2452541.904            5.4            4.5
    2452543.883           15.0            5.0
    2452559.914           -5.7            6.4
    2452561.795           -3.6            8.4
    2452571.791            0.5            5.0
     2452589.81           11.4            5.7
    2452603.782           16.8            4.9
    2452605.724           11.3            4.8
    2452616.772           14.8            5.9
    2452665.604            7.5            4.2
    2452668.611           -8.0            5.3
    2452837.972           -5.0            5.4
    2452861.963            1.3            4.1
    2452863.985           18.1            5.2
    2452879.918            9.0            4.2
    2452880.947            0.7            5.0
    2452898.911           10.3            4.7
    2452900.928           16.5            4.8
    2452932.839           -2.6            4.3
    2452934.804            9.2            4.6
    2452963.753           -3.5            5.2
    2452965.809          -10.1            5.4
     2453022.63            3.2            5.6
     2453208.01           13.0            3.8
    2453209.978           20.2            3.7
    2453214.961           -3.8            4.2
    2453231.961           13.5            4.0
    2453233.909           20.2            3.9
     2453235.96           12.2            4.2
    2453265.899            2.1            3.8
    2453268.919           17.1            4.0
     2453269.81           18.0            3.5
    2453286.828           -9.3            3.8
    2453324.713           -3.8            5.5
    2453354.654            9.9            3.8
    2453400.642           14.9            7.5
    2453550.983           -3.2            4.4
    2453578.964           19.6            4.6
    2453613.923           21.6            4.2
    2453654.771           -7.9            4.1
    2453701.724           -9.9            4.6
    2453740.745           11.8            4.7
    2453911.993           19.6            3.6
    2453917.013           -9.0            3.9
    2453934.974           15.0            3.9
    2453968.925           12.9            3.2
    2453981.851           19.9            3.8
    2453985.899           -3.2            4.0
    2454055.755           -2.0            3.9
    2454297.975          -10.9            4.1
    2454300.974            9.5            4.0
    2454314.939           15.5            3.6
    2454318.981           -5.1            4.2
    2454344.859           -7.5            4.3
    2454348.917           15.8            4.0
    2454391.887           -4.2            5.4
    2454394.775            4.8            4.2
    2454418.777           11.1            4.5
    2454420.763           16.0            4.2
    2454440.653           -5.6            3.4
    2454443.651           13.6            3.6
    2454481.638            6.7            3.9
    2454503.651           15.0            4.3
    2454645.984            6.9            4.5
    2454646.968           13.2            4.2
    2454668.009            6.5            3.7
    2454681.904           13.5            3.8
     2454683.97           15.4            3.8
    2454711.893           -9.2            4.1
    2454713.873           -5.2            4.2
    2454715.882           11.0            4.6
    2454716.875           16.4            4.1
    2454753.885           15.7            3.6
     2454755.85            3.7            3.8
    2454777.733           18.4            4.1
    2454806.796           -6.3            5.5
     2454808.77            3.0            4.3
    2454809.763           12.6            6.1
    2455026.973           17.9            5.7
    2455063.965           14.3            5.0
    2455099.996            1.3            4.9
    2455116.856            1.9            6.8
    2455154.739           12.3            7.6
    2455174.788           -4.7            5.8
    2455364.972           -6.9            5.0
    2455419.012           17.2            4.7
    2455446.847           -3.2            3.6
    2455446.856           -4.4            3.1
    2455463.833            8.0            5.2
    2455466.842           16.0            4.8
    2455569.653           10.0            4.1
    2455571.713           17.6            4.6
    2455572.671           14.1            4.8
    2455621.621           -0.1            4.6
    2455757.974           -9.8            5.0
    2455803.919           -8.4            4.3
    2455806.936            1.6            4.3
    2455828.781           -7.6            4.2
    2455831.849           12.1            5.1
    2455861.842           -4.4            4.2
    2455864.796           -0.2            4.4
    2455892.745           17.1            4.9
