    2451745.994           -1.0            4.3
    2451778.895            3.4            3.7
    2451808.867            4.3            3.6
    2451853.766           -1.0            4.1
    2451856.801            5.8            4.6
    2451898.637            9.1            8.0
    2451932.609           -2.5            3.9
    2452163.861            4.4            4.9
    2452175.851            3.2            4.0
    2452307.598            2.6            4.5
    2452465.989            6.2            5.3
    2452483.985            4.0            5.0
    2452494.987            0.8            5.0
    2452517.936            4.3            5.2
     2452528.91            6.0            5.2
     2452530.91            2.7            4.5
    2452541.904            5.5            4.5
    2452543.883            5.6            5.0
    2452559.914           14.2            6.4
    2452561.795           13.0            8.4
    2452571.791            3.5            5.0
     2452589.81           12.2            5.7
    2452603.782            8.0            4.9
    2452605.724            9.9            4.8
    2452616.772            0.6            5.9
    2452665.604            5.9            4.2
    2452668.611            8.6            5.3
    2452837.972            2.3            5.4
    2452861.963            1.3            4.1
    2452863.985            3.7            5.2
    2452879.918            7.0            4.2
    2452880.947            5.6            5.0
    2452898.911           -0.4            4.7
    2452900.928            5.4            4.8
    2452932.839            5.3            4.3
    2452934.804            5.2            4.6
    2452963.753            2.5            5.2
    2452965.809            3.7            5.4
     2453022.63            6.1            5.6
     2453208.01            4.2            3.8
    2453209.978           -3.3            3.7
    2453214.961            4.7            4.2
    2453231.961            0.5            4.0
    2453233.909           -0.8            3.9
     2453235.96            7.7            4.2
    2453265.899            2.0            3.8
    2453268.919           13.1            4.0
     2453269.81           11.5            3.5
    2453286.828           -1.3            3.8
    2453324.713            4.5            5.5
    2453354.654            7.7            3.8
    2453400.642            3.9            7.5
    2453550.983            4.6            4.4
    2453578.964            2.6            4.6
    2453613.923            2.4            4.2
    2453654.771           -0.6            4.1
    2453701.724            1.9            4.6
    2453740.745            0.8            4.7
    2453911.993            4.6            3.6
    2453917.013            6.8            3.9
    2453934.974            1.5            3.9
    2453968.925           -3.3            3.2
    2453981.851           -1.7            3.8
    2453985.899           11.0            4.0
    2454055.755            8.5            3.9
    2454297.975            6.0            4.1
    2454300.974           -2.1            4.0
    2454314.939            3.8            3.6
    2454318.981            4.8            4.2
    2454344.859            7.3            4.3
    2454348.917            7.7            4.0
    2454391.887           12.2            5.4
    2454394.775            1.5            4.2
    2454418.777            1.8            4.5
    2454420.763            8.2            4.2
    2454440.653            1.1            3.4
    2454443.651            2.8            3.6
    2454481.638           -3.3            3.9
    2454503.651            2.1            4.3
    2454645.984            0.5            4.5
    2454646.968            2.6            4.2
    2454668.009            1.9            3.7
    2454681.904            7.1            3.8
     2454683.97            0.3            3.8
    2454711.893           10.8            4.1
    2454713.873            7.8            4.2
    2454715.882            3.3            4.6
    2454716.875            2.9            4.1
    2454753.885            1.8            3.6
     2454755.85            2.2            3.8
    2454777.733            3.6            4.1
    2454806.796            8.0            5.5
     2454808.77            1.9            4.3
    2454809.763            3.3            6.1
    2455026.973            3.0            5.7
    2455063.965            7.3            5.0
    2455099.996            5.9            4.9
    2455116.856           13.0            6.8
    2455154.739            5.8            7.6
    2455174.788            0.8            5.8
    2455364.972            5.7            5.0
    2455419.012            1.2            4.7
    2455446.847           -1.2            3.6
    2455446.856           -1.7            3.1
    2455463.833            5.2            5.2
    2455466.842            6.4            4.8
    2455569.653            7.8            4.1
    2455571.713            6.2            4.6
    2455572.671            5.8            4.8
    2455621.621           -3.0            4.6
    2455757.974            4.0            5.0
    2455803.919            8.4            4.3
    2455806.936           -2.4            4.3
    2455828.781            4.3            4.2
    2455831.849           -0.1            5.1
    2455861.842           -0.6            4.2
    2455864.796            9.0            4.4
    2455892.745            4.8            4.9
