    2451745.994            7.6            4.3
    2451778.895           -5.2            3.7
    2451808.867            0.2            3.6
    2451853.766            3.0            4.1
    2451856.801            0.6            4.6
    2451898.637            9.6            8.0
    2451932.609           13.1            3.9
    2452163.861           -4.7            4.9
    2452175.851           10.4            4.0
    2452307.598            1.2            4.5
    2452465.989            9.9            5.3
    2452483.985           -2.6            5.0
    2452494.987            1.1            5.0
    2452517.936            5.5            5.2
     2452528.91            3.6            5.2
     2452530.91            7.4            4.5
    2452541.904           -1.9            4.5
    2452543.883            1.9            5.0
    2452559.914            3.8            6.4
    2452561.795            0.1            8.4
    2452571.791            6.8            5.0
     2452589.81            3.2            5.7
    2452603.782            7.1            4.9
    2452605.724           10.2            4.8
    2452616.772            9.9            5.9
    2452665.604            8.1            4.2
    2452668.611            5.0            5.3
    2452837.972           12.8            5.4
    2452861.963            2.0            4.1
    2452863.985            5.0            5.2
    2452879.918           -3.5            4.2
    2452880.947            8.8            5.0
    2452898.911           -0.3            4.7
    2452900.928           -0.0            4.8
    2452932.839            8.8            4.3
    2452934.804           11.8            4.6
    2452963.753           -3.0            5.2
    2452965.809           -2.7            5.4
     2453022.63           10.0            5.6
     2453208.01            6.0            3.8
    2453209.978           10.3            3.7
    2453214.961            1.7            4.2
    2453231.961            2.3            4.0
    2453233.909            7.3            3.9
     2453235.96            9.5            4.2
    2453265.899            7.0            3.8
    2453268.919           -3.1            4.0
     2453269.81            9.7            3.5
    2453286.828            3.8            3.8
    2453324.713           -3.1            5.5
    2453354.654            1.0            3.8
    2453400.642            7.2            7.5
    2453550.983            3.1            4.4
    2453578.964            4.1            4.6
    2453613.923           14.1            4.2
    2453654.771           13.0            4.1
    2453701.724            5.7            4.6
    2453740.745           12.6            4.7
    2453911.993           -0.3            3.6
    2453917.013           14.1            3.9
    2453934.974            4.2            3.9
    2453968.925            7.0            3.2
    2453981.851           10.0            3.8
    2453985.899            8.3            4.0
    2454055.755           -0.6            3.9
    2454297.975           10.7            4.1
    2454300.974           -1.9            4.0
    2454314.939           11.7            3.6
    2454318.981           12.9            4.2
    2454344.859            9.2            4.3
    2454348.917            3.9            4.0
    2454391.887            7.9            5.4
    2454394.775           10.3            4.2
    2454418.777            3.8            4.5
    2454420.763            5.5            4.2
    2454440.653           -0.5            3.4
    2454443.651            9.1            3.6
    2454481.638           -1.7            3.9
    2454503.651            6.9            4.3
    2454645.984            9.3            4.5
    2454646.968           -4.8            4.2
    2454668.009            0.2            3.7
    2454681.904            4.3            3.8
     2454683.97            1.3            3.8
    2454711.893           -2.1            4.1
    2454713.873           -2.7            4.2
    2454715.882           -1.4            4.6
    2454716.875           12.0            4.1
    2454753.885            6.6            3.6
     2454755.85           11.4            3.8
    2454777.733            4.6            4.1
    2454806.796            6.2            5.5
     2454808.77            0.9            4.3
    2454809.763            7.2            6.1
    2455026.973            5.2            5.7
    2455063.965            0.4            5.0
    2455099.996           11.8            4.9
    2455116.856           15.6            6.8
    2455154.739            2.6            7.6
    2455174.788           12.2            5.8
    2455364.972            0.1            5.0
    2455419.012            0.7            4.7
    2455446.847           -3.9            3.6
    2455446.856           -4.4            3.1
    2455463.833            3.1            5.2
    2455466.842            7.0            4.8
    2455569.653           -3.4            4.1
    2455571.713           -4.2            4.6
    2455572.671            8.9            4.8
    2455621.621            8.5            4.6
    2455757.974            8.5            5.0
    2455803.919            0.7            4.3
    2455806.936           11.3            4.3
    2455828.781            8.3            4.2
    2455831.849           -3.4            5.1
    2455861.842           -0.2            4.2
    2455864.796           11.6            4.4
    2455892.745            7.5            4.9
