    2451745.994            0.7            4.3
    2451778.895            2.7            3.7
    2451808.867            8.7            3.6
    2451853.766            8.8            4.1
    2451856.801           -0.8            4.6
    2451898.637            6.9            8.0
    2451932.609            0.1            3.9
    2452163.861            7.5            4.9
    2452175.851            3.2            4.0
    2452307.598            6.6            4.5
    2452465.989            6.8            5.3
    2452483.985            9.5            5.0
    2452494.987            6.5            5.0
    2452517.936            8.5            5.2
     2452528.91            6.2            5.2
     2452530.91           -0.8            4.5
    2452541.904            5.0            4.5
    2452543.883            7.7            5.0
    2452559.914            3.6            6.4
    2452561.795            9.8            8.4
    2452571.791            6.7            5.0
     2452589.81            5.8            5.7
    2452603.782            0.8            4.9
    2452605.724            7.9            4.8
    2452616.772           11.3            5.9
    2452665.604            5.4            4.2
    2452668.611            4.8            5.3
    2452837.972            4.0            5.4
    2452861.963            1.7            4.1
    2452863.985            2.9            5.2
    2452879.918            0.5            4.2
    2452880.947            5.4            5.0
    2452898.911            8.4            4.7
    2452900.928            3.9            4.8
    2452932.839            5.3            4.3
    2452934.804           -0.1            4.6
    2452963.753            3.4            5.2
    2452965.809            5.7            5.4
     2453022.63            3.7            5.6
     2453208.01            6.8            3.8
    2453209.978            5.2            3.7
    2453214.961            6.2            4.2
    2453231.961            7.4            4.0
    2453233.909            2.6            3.9
     2453235.96            7.9            4.2
    2453265.899            4.4            3.8
    2453268.919           10.0            4.0
     2453269.81            9.9            3.5
    2453286.828            6.7            3.8
    2453324.713            9.4            5.5
    2453354.654           -0.8            3.8
    2453400.642            4.9            7.5
    2453550.983            7.6            4.4
    2453578.964           12.2            4.6
    2453613.923            7.1            4.2
    2453654.771            2.2            4.1
    2453701.724            7.5            4.6
    2453740.745            6.1            4.7
    2453911.993           -0.2            3.6
    2453917.013            3.7            3.9
    2453934.974            2.3            3.9
    2453968.925            0.6            3.2
    2453981.851            3.8            3.8
    2453985.899           -1.8            4.0
    2454055.755            1.2            3.9
    2454297.975            4.2            4.1
    2454300.974           -0.2            4.0
    2454314.939            6.0            3.6
    2454318.981            5.4            4.2
    2454344.859            2.1            4.3
    2454348.917            5.0            4.0
    2454391.887           11.0            5.4
    2454394.775            2.7            4.2
    2454418.777            7.0            4.5
    2454420.763            5.3            4.2
    2454440.653           -0.0            3.4
    2454443.651            0.6            3.6
    2454481.638            6.8            3.9
    2454503.651            7.0            4.3
    2454645.984            7.9            4.5
    2454646.968            8.6            4.2
    2454668.009            9.8            3.7
    2454681.904            0.7            3.8
     2454683.97            5.7            3.8
    2454711.893            0.4            4.1
    2454713.873            0.5            4.2
    2454715.882           -2.7            4.6
    2454716.875            0.6            4.1
    2454753.885           -0.1            3.6
     2454755.85            5.8            3.8
    2454777.733            5.1            4.1
    2454806.796            9.3            5.5
     2454808.77            3.3            4.3
    2454809.763            3.8            6.1
    2455026.973            5.4            5.7
    2455063.965            2.3            5.0
    2455099.996            7.5            4.9
    2455116.856            9.8            6.8
    2455154.739           11.1            7.6
    2455174.788            5.9            5.8
    2455364.972            5.8            5.0
    2455419.012            2.9            4.7
    2455446.847            4.4            3.6
    2455446.856            4.0            3.1
    2455463.833            9.8            5.2
    2455466.842            6.6            4.8
    2455569.653            7.2            4.1
    2455571.713            4.0            4.6
    2455572.671            2.3            4.8
    2455621.621            0.4            4.6
    2455757.974            9.4            5.0
    2455803.919            1.7            4.3
    2455806.936            6.2            4.3
    2455828.781            5.3            4.2
    2455831.849            4.8            5.1
    2455861.842            3.7            4.2
    2455864.796            5.1            4.4
    2455892.745           -0.8            4.9
