    2451745.994           15.6            4.3
    2451778.895           11.1            3.7
    2451808.867           -0.4            3.6
    2451853.766           -7.0            4.1
    2451856.801           10.9            4.6
    2451898.637           -0.9            8.0
    2451932.609           -2.0            3.9
    2452163.861           -6.2            4.9
    2452175.851           -3.2            4.0
    2452307.598           -8.4            4.5
    2452465.989           11.7            5.3
    2452483.985            1.0            5.0
    2452494.987            2.4            5.0
    2452517.936           -3.6            5.2
     2452528.91           -1.5            5.2
     2452530.91           15.8            4.5
    2452541.904           16.0            4.5
    2452543.883           14.5            5.0
    2452559.914           15.3            6.4
    2452561.795           -1.2            8.4
    2452571.791            4.2            5.0
     2452589.81           -7.8            5.7
    2452603.782           11.5            4.9
    2452605.724           -6.6            4.8
    2452616.772           -5.6            5.9
    2452665.604            8.1            4.2
    2452668.611            1.7            5.3
    2452837.972           -0.5            5.4
    2452861.963           -3.1            4.1
    2452863.985           10.8            5.2
    2452879.918           16.9            4.2
    2452880.947           14.7            5.0
    2452898.911           -3.5            4.7
    2452900.928            6.5            4.8
    2452932.839           -4.6            4.3
    2452934.804           17.1            4.6
    2452963.753           10.2            5.2
    2452965.809          -11.0            5.4
     2453022.63            1.9            5.6
     2453208.01            2.7            3.8
    2453209.978           -4.0            3.7
    2453214.961          -11.7            4.2
    2453231.961           -3.5            4.0
    2453233.909           15.7            3.9
     2453235.96           -3.0            4.2
    2453265.899            3.0            3.8
    2453268.919           -0.9            4.0
     2453269.81          -10.6            3.5
    2453286.828           -1.8            3.8
    2453324.713           -0.3            5.5
    2453354.654            6.6            3.8
    2453400.642           18.7            7.5
    2453550.983            0.8            4.4
    2453578.964           -3.3            4.6
    2453613.923           -4.5            4.2
    2453654.771           11.6            4.1
    2453701.724           -5.8            4.6
    2453740.745           -1.0            4.7
    2453911.993           -5.4            3.6
    2453917.013          -10.7            3.9
    2453934.974            6.1            3.9
    2453968.925           11.9            3.2
    2453981.851            6.7            3.8
    2453985.899           13.2            4.0
    2454055.755           -4.4            3.9
    2454297.975           -2.6            4.1
    2454300.974           12.2            4.0
    2454314.939           -9.0            3.6
    2454318.981           12.0            4.2
    2454344.859           12.9            4.3
    2454348.917           -4.9            4.0
    2454391.887           -6.2            5.4
    2454394.775           10.2            4.2
    2454418.777            5.4            4.5
    2454420.763           -5.2            4.2
    2454440.653           12.4            3.4
    2454443.651            6.3            3.6
    2454481.638           -6.3            3.9
    2454503.651           -6.9            4.3
    2454645.984            4.7            4.5
    2454646.968           -3.5            4.2
    2454668.009            1.9            3.7
    2454681.904           10.5            3.8
     2454683.97           10.3            3.8
    2454711.893            6.8            4.1
    2454713.873           -2.3            4.2
    2454715.882           18.6            4.6
    2454716.875           14.2            4.1
    2454753.885            4.2            3.6
     2454755.85            4.6            3.8
    2454777.733            6.9            4.1
    2454806.796           -3.5            5.5
     2454808.77            0.7            4.3
    2454809.763           12.9            6.1
    2455026.973            8.1            5.7
    2455063.965           13.5            5.0
    2455099.996            0.5            4.9
    2455116.856           -5.8            6.8
    2455154.739            1.3            7.6
    2455174.788           13.0            5.8
    2455364.972           -5.8            5.0
    2455419.012           12.5            4.7
    2455446.847           10.7            3.6
    2455446.856           10.2            3.1
    2455463.833            9.9            5.2
    2455466.842            3.2            4.8
    2455569.653           -5.5            4.1
    2455571.713            0.5            4.6
    2455572.671           12.8            4.8
    2455621.621            3.1            4.6
    2455757.974           -4.7            5.0
    2455803.919           -1.9            4.3
    2455806.936           -0.9            4.3
    2455828.781            6.3            4.2
    2455831.849            5.7            5.1
    2455861.842           10.3            4.2
    2455864.796            2.0            4.4
    2455892.745           10.1            4.9
