    2451745.994            5.7            4.3
    2451778.895           12.4            3.7
    2451808.867           -0.6            3.6
    2451853.766           13.4            4.1
    2451856.801           -1.2            4.6
    2451898.637           -2.3            8.0
    2451932.609            7.2            3.9
    2452163.861            5.9            4.9
    2452175.851            1.1            4.0
    2452307.598            4.8            4.5
    2452465.989           -2.3            5.3
    2452483.985           -5.6            5.0
    2452494.987            3.8            5.0
    2452517.936           10.0            5.2
     2452528.91           13.3            5.2
     2452530.91           12.3            4.5
    2452541.904            2.8            4.5
    2452543.883            1.5            5.0
    2452559.914            7.3            6.4
    2452561.795            8.5            8.4
    2452571.791            3.4            5.0
     2452589.81            5.7            5.7
    2452603.782           12.5            4.9
    2452605.724           12.3            4.8
    2452616.772            5.0            5.9
    2452665.604           13.7            4.2
    2452668.611            0.2            5.3
    2452837.972            1.6            5.4
    2452861.963           -3.2            4.1
    2452863.985            1.5            5.2
    2452879.918           -6.0            4.2
    2452880.947            5.6            5.0
    2452898.911            4.6            4.7
    2452900.928            5.8            4.8
    2452932.839           -0.9            4.3
    2452934.804           -3.2            4.6
    2452963.753            3.6            5.2
    2452965.809            4.5            5.4
     2453022.63            7.1            5.6
     2453208.01            0.9            3.8
    2453209.978            2.0            3.7
    2453214.961            7.4            4.2
    2453231.961            2.6            4.0
    2453233.909            1.8            3.9
     2453235.96            0.9            4.2
    2453265.899           12.2            3.8
    2453268.919            7.1            4.0
     2453269.81            6.2            3.5
    2453286.828            3.2            3.8
    2453324.713            7.2            5.5
    2453354.654           -1.4            3.8
    2453400.642           15.1            7.5
    2453550.983            3.3            4.4
    2453578.964            0.9            4.6
    2453613.923            7.3            4.2
    2453654.771           -2.8            4.1
    2453701.724           14.8            4.6
    2453740.745           10.1            4.7
    2453911.993            3.5            3.6
    2453917.013            5.8            3.9
    2453934.974            8.3            3.9
    2453968.925            1.7            3.2
    2453981.851            0.6            3.8
    2453985.899           10.7            4.0
    2454055.755            7.3            3.9
    2454297.975            4.7            4.1
    2454300.974           -3.6            4.0
    2454314.939            0.1            3.6
    2454318.981           -4.2            4.2
    2454344.859            5.4            4.3
    2454348.917            7.1            4.0
    2454391.887            0.2            5.4
    2454394.775            6.3            4.2
    2454418.777           14.0            4.5
    2454420.763           12.9            4.2
    2454440.653           12.8            3.4
    2454443.651            4.1            3.6
    2454481.638           -1.0            3.9
    2454503.651           -5.0            4.3
    2454645.984            9.3            4.5
    2454646.968            6.7            4.2
    2454668.009            7.8            3.7
    2454681.904            0.7            3.8
     2454683.97            2.5            3.8
    2454711.893            1.8            4.1
    2454713.873            4.1            4.2
    2454715.882            6.9            4.6
    2454716.875           -3.7            4.1
    2454753.885           -0.8            3.6
     2454755.85            6.1            3.8
    2454777.733           12.2            4.1
    2454806.796           -1.9            5.5
     2454808.77            0.3            4.3
    2454809.763           -0.3            6.1
    2455026.973            4.8            5.7
    2455063.965           10.4            5.0
    2455099.996            5.1            4.9
    2455116.856            9.0            6.8
    2455154.739            4.9            7.6
    2455174.788            5.4            5.8
    2455364.972           15.4            5.0
    2455419.012            3.1            4.7
    2455446.847            0.9            3.6
    2455446.856            0.3            3.1
    2455463.833           11.9            5.2
    2455466.842           -2.3            4.8
    2455569.653           11.2            4.1
    2455571.713           14.7            4.6
    2455572.671            4.0            4.8
    2455621.621           -1.2            4.6
    2455757.974            4.0            5.0
    2455803.919           -0.1            4.3
    2455806.936            6.1            4.3
    2455828.781            3.5            4.2
    2455831.849            3.0            5.1
    2455861.842            7.7            4.2
    2455864.796            0.1            4.4
    2455892.745           14.7            4.9
