    2451745.994            8.5            4.3
    2451778.895            5.6            3.7
    2451808.867            4.4            3.6
    2451853.766            3.7            4.1
    2451856.801           10.3            4.6
    2451898.637            8.2            8.0
    2451932.609            0.8            3.9
    2452163.861            9.1            4.9
    2452175.851            8.7            4.0
    2452307.598            1.6            4.5
    2452465.989            6.7            5.3
    2452483.985            9.9            5.0
    2452494.987            7.5            5.0
    2452517.936           -0.3            5.2
     2452528.91            0.2            5.2
     2452530.91            4.3            4.5
    2452541.904            7.8            4.5
    2452543.883            9.6            5.0
    2452559.914            5.1            6.4
    2452561.795           12.5            8.4
    2452571.791            9.1            5.0
     2452589.81            3.7            5.7
    2452603.782            8.3            4.9
    2452605.724            3.2            4.8
    2452616.772            1.3            5.9
    2452665.604            3.7            4.2
    2452668.611            2.3            5.3
    2452837.972            1.6            5.4
    2452861.963            9.6            4.1
    2452863.985            6.5            5.2
    2452879.918            7.4            4.2
    2452880.947           10.2            5.0
    2452898.911            4.4            4.7
    2452900.928            9.0            4.8
    2452932.839            6.3            4.3
    2452934.804            1.1            4.6
    2452963.753            5.7            5.2
    2452965.809            1.6            5.4
     2453022.63            6.7            5.6
     2453208.01            5.2            3.8
    2453209.978            8.0            3.7
    2453214.961           -1.3            4.2
    2453231.961            4.1            4.0
    2453233.909           -1.0            3.9
     2453235.96           -0.1            4.2
    2453265.899            1.2            3.8
    2453268.919            9.2            4.0
     2453269.81            9.1            3.5
    2453286.828            4.0            3.8
    2453324.713           -0.1            5.5
    2453354.654           -0.7            3.8
    2453400.642           10.0            7.5
    2453550.983            3.2            4.4
    2453578.964            9.5            4.6
    2453613.923            0.1            4.2
    2453654.771            2.7            4.1
    2453701.724            0.7            4.6
    2453740.745            1.0            4.7
    2453911.993           -0.8            3.6
    2453917.013            8.0            3.9
    2453934.974            6.3            3.9
    2453968.925            2.5            3.2
    2453981.851            0.5            3.8
    2453985.899            9.7            4.0
    2454055.755            8.2            3.9
    2454297.975            2.1            4.1
    2454300.974            2.2            4.0
    2454314.939            8.3            3.6
    2454318.981           -0.5            4.2
    2454344.859            7.7            4.3
    2454348.917           -1.6            4.0
    2454391.887            7.6            5.4
    2454394.775            9.3            4.2
    2454418.777           -0.2            4.5
    2454420.763            2.6            4.2
    2454440.653            0.9            3.4
    2454443.651            7.5            3.6
    2454481.638            6.3            3.9
    2454503.651            9.9            4.3
    2454645.984            1.3            4.5
    2454646.968           -1.0            4.2
    2454668.009           -1.3            3.7
    2454681.904            8.6            3.8
     2454683.97            7.1            3.8
    2454711.893            9.4            4.1
    2454713.873            7.6            4.2
    2454715.882            2.2            4.6
    2454716.875            0.0            4.1
    2454753.885            4.9            3.6
     2454755.85           -0.4            3.8
    2454777.733           -0.1            4.1
    2454806.796            1.6            5.5
     2454808.77            3.4            4.3
    2454809.763            8.1            6.1
    2455026.973            2.5            5.7
    2455063.965            1.6            5.0
    2455099.996           10.4            4.9
    2455116.856            4.9            6.8
    2455154.739            2.0            7.6
    2455174.788            0.6            5.8
    2455364.972            0.1            5.0
    2455419.012           10.3            4.7
    2455446.847            5.1            3.6
    2455446.856            4.6            3.1
    2455463.833           -0.4            5.2
    2455466.842            6.2            4.8
    2455569.653            5.7            4.1
    2455571.713            0.5            4.6
    2455572.671           -0.7            4.8
    2455621.621            1.9            4.6
    2455757.974            8.3            5.0
    2455803.919            3.5            4.3
    2455806.936            9.8            4.3
    2455828.781            6.3            4.2
    2455831.849            1.0            5.1
    2455861.842           -1.3            4.2
    2455864.796            5.7            4.4
    2455892.745            1.5            4.9
