    2451745.994            8.5            4.3
    2451778.895            9.1            3.7
    2451808.867            1.6            3.6
    2451853.766           -2.0            4.1
    2451856.801            2.6            4.6
    2451898.637           11.9            8.0
    2451932.609            1.7            3.9
    2452163.861            1.6            4.9
    2452175.851            1.6            4.0
    2452307.598           12.2            4.5
    2452465.989            9.0            5.3
    2452483.985           10.4            5.0
    2452494.987            7.6            5.0
    2452517.936           -2.9            5.2
     2452528.91            4.2            5.2
     2452530.91            3.7            4.5
    2452541.904           -1.1            4.5
    2452543.883            9.5            5.0
    2452559.914            2.7            6.4
    2452561.795           14.4            8.4
    2452571.791            4.8            5.0
     2452589.81            8.7            5.7
    2452603.782           11.8            4.9
    2452605.724           -4.0            4.8
    2452616.772           -2.3            5.9
    2452665.604            5.9            4.2
    2452668.611           12.6            5.3
    2452837.972            1.3            5.4
    2452861.963           14.0            4.1
    2452863.985            1.8            5.2
    2452879.918            1.4            4.2
    2452880.947            1.9            5.0
    2452898.911           -6.7            4.7
    2452900.928            6.6            4.8
    2452932.839            6.0            4.3
    2452934.804            8.7            4.6
    2452963.753            2.5            5.2
    2452965.809           -2.4            5.4
     2453022.63            4.9            5.6
     2453208.01           10.9            3.8
    2453209.978           -0.3            3.7
    2453214.961            5.9            4.2
    2453231.961            7.1            4.0
    2453233.909           -2.6            3.9
     2453235.96            5.2            4.2
    2453265.899           -2.4            3.8
    2453268.919            2.5            4.0
     2453269.81            0.9            3.5
    2453286.828           -1.3            3.8
    2453324.713            6.2            5.5
    2453354.654           -3.7            3.8
    2453400.642            4.0            7.5
    2453550.983            0.6            4.4
    2453578.964            2.4            4.6
    2453613.923            5.0            4.2
    2453654.771           -2.2            4.1
    2453701.724            9.4            4.6
    2453740.745            8.8            4.7
    2453911.993            3.0            3.6
    2453917.013            1.0            3.9
    2453934.974            8.2            3.9
    2453968.925            0.3            3.2
    2453981.851           -5.2            3.8
    2453985.899           -0.9            4.0
    2454055.755            4.1            3.9
    2454297.975            7.5            4.1
    2454300.974            4.1            4.0
    2454314.939            4.9            3.6
    2454318.981            6.8            4.2
    2454344.859            6.7            4.3
    2454348.917           -1.7            4.0
    2454391.887           -4.4            5.4
    2454394.775            0.4            4.2
    2454418.777            8.2            4.5
    2454420.763            6.2            4.2
    2454440.653            2.2            3.4
    2454443.651            8.9            3.6
    2454481.638            5.8            3.9
    2454503.651           11.5            4.3
    2454645.984            3.4            4.5
    2454646.968           10.9            4.2
    2454668.009            7.8            3.7
    2454681.904            4.5            3.8
     2454683.97           -3.8            3.8
    2454711.893           10.5            4.1
    2454713.873            9.1            4.2
    2454715.882            3.1            4.6
    2454716.875            3.4            4.1
    2454753.885           10.2            3.6
     2454755.85            1.2            3.8
    2454777.733           13.6            4.1
    2454806.796            9.7            5.5
     2454808.77            2.0            4.3
    2454809.763            6.4            6.1
    2455026.973            2.5            5.7
    2455063.965            4.0            5.0
    2455099.996           13.7            4.9
    2455116.856            5.6            6.8
    2455154.739            8.5            7.6
    2455174.788            5.9            5.8
    2455364.972           -2.2            5.0
    2455419.012           -0.7            4.7
    2455446.847            3.9            3.6
    2455446.856            3.4            3.1
    2455463.833            1.9            5.2
    2455466.842            9.6            4.8
    2455569.653            1.7            4.1
    2455571.713           -0.0            4.6
    2455572.671            4.9            4.8
    2455621.621            8.2            4.6
    2455757.974            4.2            5.0
    2455803.919            6.3            4.3
    2455806.936            3.6            4.3
    2455828.781            1.8            4.2
    2455831.849           -4.9            5.1
    2455861.842            5.4            4.2
    2455864.796            5.5            4.4
    2455892.745            1.1            4.9
