    2451745.994            4.3            4.3
    2451778.895           -3.0            3.7
    2451808.867           -0.2            3.6
    2451853.766          -16.0            4.1
    2451856.801            4.0            4.6
    2451898.637           20.3            8.0
    2451932.609            4.3            3.9
    2452163.861           -5.1            4.9
    2452175.851           -7.2            4.0
    2452307.598           -0.8            4.5
    2452465.989           -1.3            5.3
    2452483.985            7.3            5.0
    2452494.987            1.2            5.0
    2452517.936            6.6            5.2
     2452528.91            5.0            5.2
     2452530.91            9.2            4.5
    2452541.904           13.7            4.5
    2452543.883           10.4            5.0
    2452559.914           -1.7            6.4
    2452561.795           10.7            8.4
    2452571.791           -0.6            5.0
     2452589.81           -1.8            5.7
    2452603.782            6.3            4.9
    2452605.724           15.4            4.8
    2452616.772           15.1            5.9
    2452665.604            8.9            4.2
    2452668.611           23.4            5.3
    2452837.972            3.6            5.4
    2452861.963            2.1            4.1
    2452863.985           18.3            5.2
    2452879.918            6.6            4.2
    2452880.947            8.6            5.0
    2452898.911            3.1            4.7
    2452900.928           -6.8            4.8
    2452932.839            3.9            4.3
    2452934.804           -3.4            4.6
    2452963.753            0.5            5.2
    2452965.809            7.1            5.4
     2453022.63            4.7            5.6
     2453208.01           11.3            3.8
    2453209.978           10.8            3.7
    2453214.961          -10.1            4.2
    2453231.961            7.7            4.0
    2453233.909           -6.3            3.9
     2453235.96           -1.3            4.2
    2453265.899            7.2            3.8
    2453268.919           17.5            4.0
     2453269.81            5.3            3.5
    2453286.828           -9.5            3.8
    2453324.713            6.0            5.5
    2453354.654           12.3            3.8
    2453400.642            3.5            7.5
    2453550.983            1.7            4.4
    2453578.964            2.2            4.6
    2453613.923            9.1            4.2
    2453654.771            2.3            4.1
    2453701.724           -8.9            4.6
    2453740.745            7.2            4.7
    2453911.993            1.6            3.6
    2453917.013           10.1            3.9
    2453934.974           -1.5            3.9
    2453968.925           11.8            3.2
    2453981.851            4.0            3.8
    2453985.899            3.7            4.0
    2454055.755          -11.4            3.9
    2454297.975           -7.9            4.1
    2454300.974            5.6            4.0
    2454314.939            0.6            3.6
    2454318.981            7.6            4.2
    2454344.859            8.5            4.3
    2454348.917           -0.2            4.0
    2454391.887           -4.3            5.4
    2454394.775            4.6            4.2
    2454418.777           -5.7            4.5
    2454420.763            0.1            4.2
    2454440.653           -2.5            3.4
    2454443.651           -5.3            3.6
    2454481.638           -0.9            3.9
    2454503.651            0.7            4.3
    2454645.984           17.2            4.5
    2454646.968            9.5            4.2
    2454668.009            7.7            3.7
    2454681.904           -3.3            3.8
     2454683.97           -1.3            3.8
    2454711.893            2.0            4.1
    2454713.873           -3.5            4.2
    2454715.882           12.8            4.6
    2454716.875           17.5            4.1
    2454753.885           -0.5            3.6
     2454755.85            9.5            3.8
    2454777.733            6.2            4.1
    2454806.796           -3.5            5.5
     2454808.77           11.7            4.3
    2454809.763            2.9            6.1
    2455026.973           -2.7            5.7
    2455063.965            4.4            5.0
    2455099.996           21.4            4.9
    2455116.856            0.9            6.8
    2455154.739           14.5            7.6
    2455174.788           11.5            5.8
    2455364.972           -1.5            5.0
    2455419.012            4.0            4.7
    2455446.847           14.1            3.6
    2455446.856           13.2            3.1
    2455463.833            2.0            5.2
    2455466.842            8.5            4.8
    2455569.653           14.2            4.1
    2455571.713           -8.3            4.6
    2455572.671           -0.5            4.8
    2455621.621            8.1            4.6
    2455757.974            7.3            5.0
    2455803.919            8.5            4.3
    2455806.936           21.0            4.3
    2455828.781           11.8            4.2
    2455831.849           14.7            5.1
    2455861.842           20.4            4.2
    2455864.796            2.7            4.4
    2455892.745           13.2            4.9
