    2451745.994           21.8            4.3
    2451778.895           20.7            3.7
    2451808.867           17.1            3.6
    2451853.766           -0.2            4.1
    2451856.801            4.2            4.6
    2451898.637            8.3            8.0
    2451932.609           -4.6            3.9
    2452163.861            4.1            4.9
    2452175.851            8.1            4.0
    2452307.598           -2.3            4.5
    2452465.989           24.5            5.3
    2452483.985            4.7            5.0
    2452494.987            7.6            5.0
    2452517.936            6.5            5.2
     2452528.91           19.1            5.2
     2452530.91           24.7            4.5
    2452541.904            4.2            4.5
    2452543.883            5.3            5.0
    2452559.914           14.6            6.4
    2452561.795           23.8            8.4
    2452571.791           -5.3            5.0
     2452589.81           -2.1            5.7
    2452603.782           -5.0            4.9
    2452605.724            0.7            4.8
    2452616.772            4.6            5.9
    2452665.604           -2.5            4.2
    2452668.611           -1.8            5.3
    2452837.972           -9.4            5.4
    2452861.963           11.2            4.1
    2452863.985            8.7            5.2
    2452879.918           -6.7            4.2
    2452880.947           -9.6            5.0
    2452898.911           -3.7            4.7
    2452900.928           -8.1            4.8
    2452932.839           -8.5            4.3
    2452934.804           -7.8            4.6
    2452963.753           -2.9            5.2
    2452965.809           -5.6            5.4
     2453022.63           17.3            5.6
     2453208.01            2.5            3.8
    2453209.978           -1.7            3.7
    2453214.961            0.7            4.2
    2453231.961            5.6            4.0
    2453233.909            0.2            3.9
     2453235.96            1.5            4.2
    2453265.899            2.3            3.8
    2453268.919            1.6            4.0
     2453269.81            5.4            3.5
    2453286.828           11.7            3.8
    2453324.713            0.7            5.5
    2453354.654           -2.1            3.8
    2453400.642            6.8            7.5
    2453550.983           15.8            4.4
    2453578.964           13.1            4.6
    2453613.923           13.2            4.2
    2453654.771           -8.4            4.1
    2453701.724           -2.4            4.6
    2453740.745            9.9            4.7
    2453911.993            3.0            3.6
    2453917.013            1.5            3.9
    2453934.974           -4.5            3.9
    2453968.925            7.8            3.2
    2453981.851            3.2            3.8
    2453985.899            4.3            4.0
    2454055.755            4.5            3.9
    2454297.975            8.4            4.1
    2454300.974           12.7            4.0
    2454314.939           13.4            3.6
    2454318.981           -0.2            4.2
    2454344.859            2.8            4.3
    2454348.917           14.6            4.0
    2454391.887            8.4            5.4
    2454394.775            5.9            4.2
    2454418.777          -11.7            4.5
    2454420.763           -8.9            4.2
    2454440.653           -3.7            3.4
    2454443.651           14.0            3.6
    2454481.638           -5.4            3.9
    2454503.651           -1.8            4.3
    2454645.984            7.6            4.5
    2454646.968            8.8            4.2
    2454668.009            0.3            3.7
    2454681.904            0.7            3.8
     2454683.97          -10.1            3.8
    2454711.893            6.1            4.1
    2454713.873            1.2            4.2
    2454715.882           -7.7            4.6
    2454716.875          -12.0            4.1
    2454753.885            8.6            3.6
     2454755.85           17.8            3.8
    2454777.733            6.0            4.1
    2454806.796            6.4            5.5
     2454808.77            4.3            4.3
    2454809.763            4.7            6.1
    2455026.973            7.7            5.7
    2455063.965            4.9            5.0
    2455099.996           20.2            4.9
    2455116.856            8.0            6.8
    2455154.739           13.2            7.6
    2455174.788           -0.7            5.8
    2455364.972            8.0            5.0
    2455419.012           -3.1            4.7
    2455446.847           12.2            3.6
    2455446.856           11.4            3.1
    2455463.833           12.5            5.2
    2455466.842            2.0            4.8
    2455569.653           -6.4            4.1
    2455571.713            9.6            4.6
    2455572.671           12.6            4.8
    2455621.621           12.5            4.6
    2455757.974           18.1            5.0
    2455803.919            3.2            4.3
    2455806.936            6.7            4.3
    2455828.781           -5.0            4.2
    2455831.849           -0.6            5.1
    2455861.842           -5.2            4.2
    2455864.796            0.6            4.4
    2455892.745           -6.4            4.9
