    2451745.994            9.8            4.3
    2451778.895            7.6            3.7
    2451808.867           -4.5            3.6
    2451853.766           -7.0            4.1
    2451856.801            4.8            4.6
    2451898.637            2.4            8.0
    2451932.609           -0.4            3.9
    2452163.861           11.9            4.9
    2452175.851          -11.3            4.0
    2452307.598           -6.2            4.5
    2452465.989            9.4            5.3
    2452483.985            2.7            5.0
    2452494.987           -8.7            5.0
    2452517.936            8.7            5.2
     2452528.91           -5.4            5.2
     2452530.91           -3.0            4.5
    2452541.904           -8.1            4.5
    2452543.883           -7.6            5.0
    2452559.914           18.6            6.4
    2452561.795            8.1            8.4
    2452571.791           -3.2            5.0
     2452589.81           25.7            5.7
    2452603.782           -5.2            4.9
    2452605.724           -0.2            4.8
    2452616.772           -7.2            5.9
    2452665.604          -14.7            4.2
    2452668.611           14.8            5.3
    2452837.972           -2.8            5.4
    2452861.963           -0.7            4.1
    2452863.985           -9.4            5.2
    2452879.918           10.6            4.2
    2452880.947           -8.1            5.0
    2452898.911           10.2            4.7
    2452900.928           12.8            4.8
    2452932.839           11.0            4.3
    2452934.804           12.7            4.6
    2452963.753          -10.8            5.2
    2452965.809          -12.8            5.4
     2453022.63           14.7            5.6
     2453208.01           13.0            3.8
    2453209.978           17.3            3.7
    2453214.961          -10.8            4.2
    2453231.961           -7.9            4.0
    2453233.909           -7.9            3.9
     2453235.96           -3.3            4.2
    2453265.899           -6.8            3.8
    2453268.919            0.3            4.0
     2453269.81            2.5            3.5
    2453286.828            4.8            3.8
    2453324.713           23.2            5.5
    2453354.654           15.6            3.8
    2453400.642           -9.2            7.5
    2453550.983            6.2            4.4
    2453578.964            7.1            4.6
    2453613.923            8.6            4.2
    2453654.771            6.8            4.1
    2453701.724           17.0            4.6
    2453740.745           -1.0            4.7
    2453911.993           -0.4            3.6
    2453917.013           20.2            3.9
    2453934.974           -8.9            3.9
    2453968.925           -6.6            3.2
    2453981.851           -2.9            3.8
    2453985.899           -0.9            4.0
    2454055.755            6.7            3.9
    2454297.975           17.6            4.1
    2454300.974            5.9            4.0
    2454314.939           13.5            3.6
    2454318.981            9.4            4.2
    2454344.859           10.4            4.3
    2454348.917            9.0            4.0
    2454391.887           15.1            5.4
    2454394.775           -7.7            4.2
    2454418.777           -3.1            4.5
    2454420.763           -5.3            4.2
    2454440.653           11.2            3.4
    2454443.651           -8.1            3.6
    2454481.638           12.8            3.9
    2454503.651           -2.6            4.3
    2454645.984           -2.5            4.5
    2454646.968           -0.1            4.2
    2454668.009           -4.8            3.7
    2454681.904           11.1            3.8
     2454683.97           16.7            3.8
    2454711.893            2.0            4.1
    2454713.873            8.4            4.2
    2454715.882           13.7            4.6
    2454716.875           -5.9            4.1
    2454753.885           21.3            3.6
     2454755.85           15.5            3.8
    2454777.733           10.0            4.1
    2454806.796           15.2            5.5
     2454808.77            2.9            4.3
    2454809.763           12.2            6.1
    2455026.973           15.4            5.7
    2455063.965          -10.9            5.0
    2455099.996           -9.1            4.9
    2455116.856           -4.7            6.8
    2455154.739           19.9            7.6
    2455174.788           -3.0            5.8
    2455364.972            6.7            5.0
    2455419.012            4.6            4.7
    2455446.847            5.2            3.6
    2455446.856            4.3            3.1
    2455463.833            3.5            5.2
    2455466.842           -6.6            4.8
    2455569.653           11.5            4.1
    2455571.713           15.0            4.6
    2455572.671            0.3            4.8
    2455621.621           -5.4            4.6
    2455757.974           -0.6            5.0
    2455803.919            9.4            4.3
    2455806.936           -7.4            4.3
    2455828.781            0.6            4.2
    2455831.849           20.4            5.1
    2455861.842           20.6            4.2
    2455864.796           -4.3            4.4
    2455892.745           -2.7            4.9
