    2451745.994           16.1            4.3
    2451778.895           -2.6            3.7
    2451808.867           -2.9            3.6
    2451853.766           -0.9            4.1
    2451856.801           19.9            4.6
    2451898.637            4.2            8.0
    2451932.609           10.6            3.9
    2452163.861            9.6            4.9
    2452175.851           -8.6            4.0
    2452307.598           -3.8            4.5
    2452465.989           -0.2            5.3
    2452483.985            0.9            5.0
    2452494.987            1.9            5.0
    2452517.936           -4.6            5.2
     2452528.91            4.5            5.2
     2452530.91            5.3            4.5
    2452541.904           -8.2            4.5
    2452543.883            7.7            5.0
    2452559.914           21.1            6.4
    2452561.795           11.1            8.4
    2452571.791           -3.0            5.0
     2452589.81           16.6            5.7
    2452603.782           16.2            4.9
    2452605.724           13.2            4.8
    2452616.772           -0.9            5.9
    2452665.604            6.5            4.2
    2452668.611           -0.0            5.3
    2452837.972           18.2            5.4
    2452861.963            4.3            4.1
    2452863.985           -6.4            5.2
    2452879.918            0.6            4.2
    2452880.947           14.4            5.0
    2452898.911           -0.6            4.7
    2452900.928           -3.5            4.8
    2452932.839            1.3            4.3
    2452934.804           11.5            4.6
    2452963.753           11.4            5.2
    2452965.809           -1.3            5.4
     2453022.63            5.7            5.6
     2453208.01           -2.8            3.8
    2453209.978           -1.3            3.7
    2453214.961           -0.7            4.2
    2453231.961           -2.7            4.0
    2453233.909            5.3            3.9
     2453235.96            0.5            4.2
    2453265.899           -4.2            3.8
    2453268.919            1.2            4.0
     2453269.81            3.8            3.5
    2453286.828           10.1            3.8
    2453324.713            7.4            5.5
    2453354.654            5.0            3.8
    2453400.642           -2.8            7.5
    2453550.983           11.1            4.4
    2453578.964            6.5            4.6
    2453613.923            3.2            4.2
    2453654.771            5.1            4.1
    2453701.724           -6.6            4.6
    2453740.745           16.6            4.7
    2453911.993           -8.0            3.6
    2453917.013           11.5            3.9
    2453934.974           -9.3            3.9
    2453968.925           -1.1            3.2
    2453981.851            5.3            3.8
    2453985.899           -2.3            4.0
    2454055.755           10.0            3.9
    2454297.975           17.3            4.1
    2454300.974           -4.1            4.0
    2454314.939           -7.9            3.6
    2454318.981           18.6            4.2
    2454344.859           -0.2            4.3
    2454348.917           11.6            4.0
    2454391.887            4.3            5.4
    2454394.775            8.1            4.2
    2454418.777           -0.1            4.5
    2454420.763            4.4            4.2
    2454440.653            6.6            3.4
    2454443.651            4.2            3.6
    2454481.638           -0.3            3.9
    2454503.651            4.4            4.3
    2454645.984           -0.7            4.5
    2454646.968           -0.2            4.2
    2454668.009           -1.4            3.7
    2454681.904          -10.8            3.8
     2454683.97           -3.3            3.8
    2454711.893           -1.9            4.1
    2454713.873           -1.2            4.2
    2454715.882            8.7            4.6
    2454716.875            5.0            4.1
    2454753.885           14.6            3.6
     2454755.85            2.3            3.8
    2454777.733            5.4            4.1
    2454806.796           -0.3            5.5
     2454808.77           -2.0            4.3
    2454809.763            6.8            6.1
    2455026.973          -10.6            5.7
    2455063.965           -2.9            5.0
    2455099.996            2.4            4.9
    2455116.856           -5.6            6.8
    2455154.739           11.4            7.6
    2455174.788           -7.4            5.8
    2455364.972           -1.6            5.0
    2455419.012            8.5            4.7
    2455446.847            1.7            3.6
    2455446.856            1.7            3.1
    2455463.833           10.2            5.2
    2455466.842            2.7            4.8
    2455569.653           13.8            4.1
    2455571.713           -4.6            4.6
    2455572.671           -6.1            4.8
    2455621.621            0.9            4.6
    2455757.974           14.0            5.0
    2455803.919            5.4            4.3
    2455806.936            8.1            4.3
    2455828.781           -4.7            4.2
    2455831.849            2.7            5.1
    2455861.842            4.8            4.2
    2455864.796           -8.5            4.4
    2455892.745            5.4            4.9
