    2451745.994            3.3            4.3
    2451778.895            3.8            3.7
    2451808.867            4.9            3.6
    2451853.766            7.9            4.1
    2451856.801            8.1            4.6
    2451898.637            9.4            8.0
    2451932.609            5.4            3.9
    2452163.861            2.0            4.9
    2452175.851            4.0            4.0
    2452307.598            7.7            4.5
    2452465.989            3.8            5.3
    2452483.985            5.6            5.0
    2452494.987            1.9            5.0
    2452517.936            7.8            5.2
     2452528.91            6.8            5.2
     2452530.91            5.4            4.5
    2452541.904            3.2            4.5
    2452543.883            3.8            5.0
    2452559.914            9.6            6.4
    2452561.795           11.7            8.4
    2452571.791            5.3            5.0
     2452589.81            3.4            5.7
    2452603.782            6.3            4.9
    2452605.724            6.1            4.8
    2452616.772            4.1            5.9
    2452665.604            2.8            4.2
    2452668.611            3.9            5.3
    2452837.972            2.4            5.4
    2452861.963            5.1            4.1
    2452863.985            5.6            5.2
    2452879.918            3.5            4.2
    2452880.947            4.6            5.0
    2452898.911            8.0            4.7
    2452900.928            7.5            4.8
    2452932.839            5.4            4.3
    2452934.804            6.0            4.6
    2452963.753            2.9            5.2
    2452965.809            3.9            5.4
     2453022.63            8.6            5.6
     2453208.01            1.5            3.8
    2453209.978            1.6            3.7
    2453214.961            3.6            4.2
    2453231.961            7.5            4.0
    2453233.909            7.0            3.9
     2453235.96            6.7            4.2
    2453265.899            5.5            3.8
    2453268.919            6.0            4.0
     2453269.81            5.5            3.5
    2453286.828            0.6            3.8
    2453324.713            5.1            5.5
    2453354.654            7.5            3.8
    2453400.642            8.2            7.5
    2453550.983            4.3            4.4
    2453578.964            3.7            4.6
    2453613.923            3.8            4.2
    2453654.771            4.0            4.1
    2453701.724            4.2            4.6
    2453740.745            3.0            4.7
    2453911.993            2.6            3.6
    2453917.013            2.5            3.9
    2453934.974            7.3            3.9
    2453968.925            2.3            3.2
    2453981.851            4.9            3.8
    2453985.899            4.1            4.0
    2454055.755            5.9            3.9
    2454297.975            2.5            4.1
    2454300.974            3.2            4.0
    2454314.939            4.9            3.6
    2454318.981            4.4            4.2
    2454344.859            4.3            4.3
    2454348.917            5.7            4.0
    2454391.887            8.6            5.4
    2454394.775            7.7            4.2
    2454418.777            1.5            4.5
    2454420.763            1.4            4.2
    2454440.653            4.4            3.4
    2454443.651            3.9            3.6
    2454481.638            7.2            3.9
    2454503.651            3.3            4.3
    2454645.984            6.6            4.5
    2454646.968            6.2            4.2
    2454668.009           -0.1            3.7
    2454681.904            4.7            3.8
     2454683.97            5.3            3.8
    2454711.893            2.8            4.1
    2454713.873            3.5            4.2
    2454715.882            4.7            4.6
    2454716.875            4.6            4.1
    2454753.885            1.5            3.6
     2454755.85            2.1            3.8
    2454777.733            4.2            4.1
    2454806.796            6.9            5.5
     2454808.77            6.3            4.3
    2454809.763            8.4            6.1
    2455026.973            6.3            5.7
    2455063.965            8.7            5.0
    2455099.996            6.9            4.9
    2455116.856            4.8            6.8
    2455154.739            8.0            7.6
    2455174.788            6.0            5.8
    2455364.972            3.7            5.0
    2455419.012            3.5            4.7
    2455446.847            3.7            3.6
    2455446.856            3.2            3.1
    2455463.833            2.4            5.2
    2455466.842            2.9            4.8
    2455569.653            4.5            4.1
    2455571.713            4.2            4.6
    2455572.671            3.9            4.8
    2455621.621            2.8            4.6
    2455757.974            5.3            5.0
    2455803.919            4.1            4.3
    2455806.936            5.0            4.3
    2455828.781            1.2            4.2
    2455831.849            1.8            5.1
    2455861.842            6.2            4.2
    2455864.796            5.4            4.4
    2455892.745            7.8            4.9
