    2451745.994            7.3            4.3
    2451778.895            2.9            3.7
    2451808.867           13.7            3.6
    2451853.766            6.5            4.1
    2451856.801            5.8            4.6
    2451898.637            5.7            8.0
    2451932.609            5.0            3.9
    2452163.861            4.7            4.9
    2452175.851           -6.2            4.0
    2452307.598            2.6            4.5
    2452465.989            8.4            5.3
    2452483.985            9.2            5.0
    2452494.987            8.4            5.0
    2452517.936            2.1            5.2
     2452528.91           -2.9            5.2
     2452530.91            4.8            4.5
    2452541.904            8.1            4.5
    2452543.883            2.0            5.0
    2452559.914           11.2            6.4
    2452561.795            6.1            8.4
    2452571.791           -2.1            5.0
     2452589.81           -6.5            5.7
    2452603.782            8.6            4.9
    2452605.724           -1.7            4.8
    2452616.772            0.7            5.9
    2452665.604            4.9            4.2
    2452668.611            7.1            5.3
    2452837.972            1.8            5.4
    2452861.963           -6.2            4.1
    2452863.985            7.8            5.2
    2452879.918            0.2            4.2
    2452880.947           -4.3            5.0
    2452898.911           12.2            4.7
    2452900.928           13.6            4.8
    2452932.839           12.0            4.3
    2452934.804            3.8            4.6
    2452963.753           -3.0            5.2
    2452965.809            0.3            5.4
     2453022.63           -3.3            5.6
     2453208.01            8.3            3.8
    2453209.978            0.5            3.7
    2453214.961           -8.3            4.2
    2453231.961            1.2            4.0
    2453233.909            6.1            3.9
     2453235.96            0.9            4.2
    2453265.899           -7.2            3.8
    2453268.919           14.2            4.0
     2453269.81           13.7            3.5
    2453286.828            2.5            3.8
    2453324.713            3.7            5.5
    2453354.654           15.2            3.8
    2453400.642           11.9            7.5
    2453550.983           -1.1            4.4
    2453578.964            4.5            4.6
    2453613.923           11.3            4.2
    2453654.771           12.8            4.1
    2453701.724            6.3            4.6
    2453740.745            5.6            4.7
    2453911.993            1.5            3.6
    2453917.013            0.3            3.9
    2453934.974            2.1            3.9
    2453968.925            7.3            3.2
    2453981.851           -0.7            3.8
    2453985.899            0.4            4.0
    2454055.755           -6.5            3.9
    2454297.975            8.8            4.1
    2454300.974           -2.2            4.0
    2454314.939            1.3            3.6
    2454318.981           13.3            4.2
    2454344.859           -3.9            4.3
    2454348.917            8.6            4.0
    2454391.887            2.9            5.4
    2454394.775           -3.9            4.2
    2454418.777           -6.8            4.5
    2454420.763            8.1            4.2
    2454440.653           -2.7            3.4
    2454443.651            7.5            3.6
    2454481.638            2.2            3.9
    2454503.651            0.2            4.3
    2454645.984           -7.4            4.5
    2454646.968            6.6            4.2
    2454668.009           -2.0            3.7
    2454681.904           14.0            3.8
     2454683.97            7.1            3.8
    2454711.893            7.4            4.1
    2454713.873            3.0            4.2
    2454715.882            5.6            4.6
    2454716.875           16.9            4.1
    2454753.885            1.3            3.6
     2454755.85            2.9            3.8
    2454777.733            6.3            4.1
    2454806.796            4.8            5.5
     2454808.77            3.3            4.3
    2454809.763            9.4            6.1
    2455026.973           -0.4            5.7
    2455063.965           14.3            5.0
    2455099.996           -3.8            4.9
    2455116.856            7.4            6.8
    2455154.739           18.9            7.6
    2455174.788           -7.8            5.8
    2455364.972           14.0            5.0
    2455419.012            5.6            4.7
    2455446.847           -9.3            3.6
    2455446.856           -9.9            3.1
    2455463.833            0.8            5.2
    2455466.842           17.2            4.8
    2455569.653            2.7            4.1
    2455571.713            0.7            4.6
    2455572.671           -3.5            4.8
    2455621.621           10.7            4.6
    2455757.974           11.1            5.0
    2455803.919            6.0            4.3
    2455806.936            4.2            4.3
    2455828.781           -1.5            4.2
    2455831.849           -0.7            5.1
    2455861.842            5.4            4.2
    2455864.796           17.3            4.4
    2455892.745            3.1            4.9
