    2451745.994            7.1            4.3
    2451778.895            1.0            3.7
    2451808.867           11.8            3.6
    2451853.766           15.3            4.1
    2451856.801            4.6            4.6
    2451898.637           14.5            8.0
    2451932.609           11.6            3.9
    2452163.861            8.9            4.9
    2452175.851           -1.8            4.0
    2452307.598           17.5            4.5
    2452465.989           -4.9            5.3
    2452483.985            7.8            5.0
    2452494.987           14.9            5.0
    2452517.936           -5.5            5.2
     2452528.91            7.2            5.2
     2452530.91           -6.3            4.5
    2452541.904            1.4            4.5
    2452543.883           -9.9            5.0
    2452559.914           16.5            6.4
    2452561.795            6.2            8.4
    2452571.791           12.8            5.0
     2452589.81           -2.1            5.7
    2452603.782           11.8            4.9
    2452605.724           18.4            4.8
    2452616.772           12.3            5.9
    2452665.604           -5.2            4.2
    2452668.611            4.2            5.3
    2452837.972           10.1            5.4
    2452861.963            2.2            4.1
    2452863.985           16.8            5.2
    2452879.918           -7.5            4.2
    2452880.947           -3.7            5.0
    2452898.911            1.5            4.7
    2452900.928            7.8            4.8
    2452932.839           -0.0            4.3
    2452934.804           16.7            4.6
    2452963.753           -8.5            5.2
    2452965.809            0.3            5.4
     2453022.63           -1.3            5.6
     2453208.01            8.7            3.8
    2453209.978           -6.3            3.7
    2453214.961            3.8            4.2
    2453231.961           15.1            4.0
    2453233.909           11.9            3.9
     2453235.96           -2.7            4.2
    2453265.899            9.1            3.8
    2453268.919           -5.4            4.0
     2453269.81            1.5            3.5
    2453286.828           -5.6            3.8
    2453324.713           10.0            5.5
    2453354.654           14.3            3.8
    2453400.642           18.8            7.5
    2453550.983            4.9            4.4
    2453578.964           -8.6            4.6
    2453613.923           15.0            4.2
    2453654.771           10.1            4.1
    2453701.724           -6.9            4.6
    2453740.745           -5.8            4.7
    2453911.993           13.4            3.6
    2453917.013            3.2            3.9
    2453934.974           -2.4            3.9
    2453968.925            5.3            3.2
    2453981.851            8.6            3.8
    2453985.899           -2.1            4.0
    2454055.755            6.3            3.9
    2454297.975           -6.8            4.1
    2454300.974            7.8            4.0
    2454314.939            2.9            3.6
    2454318.981           12.1            4.2
    2454344.859            9.5            4.3
    2454348.917           -6.6            4.0
    2454391.887           14.3            5.4
    2454394.775            0.4            4.2
    2454418.777           -1.1            4.5
    2454420.763           -5.2            4.2
    2454440.653            1.3            3.4
    2454443.651           10.3            3.6
    2454481.638           14.4            3.9
    2454503.651           -7.7            4.3
    2454645.984           -3.2            4.5
    2454646.968           -2.8            4.2
    2454668.009            7.8            3.7
    2454681.904           16.6            3.8
     2454683.97            4.2            3.8
    2454711.893           -4.9            4.1
    2454713.873           11.5            4.2
    2454715.882            4.1            4.6
    2454716.875           -5.1            4.1
    2454753.885            6.4            3.6
     2454755.85          -10.1            3.8
    2454777.733            7.3            4.1
    2454806.796            3.9            5.5
     2454808.77           -2.5            4.3
    2454809.763            7.9            6.1
    2455026.973            4.0            5.7
    2455063.965           14.9            5.0
    2455099.996           -2.3            4.9
    2455116.856           12.5            6.8
    2455154.739           20.8            7.6
    2455174.788            8.2            5.8
    2455364.972           -5.2            5.0
    2455419.012           12.8            4.7
    2455446.847           10.1            3.6
    2455446.856            9.5            3.1
    2455463.833            8.2            5.2
    2455466.842           -0.6            4.8
    2455569.653           12.7            4.1
    2455571.713           -0.8            4.6
    2455572.671            3.7            4.8
    2455621.621            4.9            4.6
    2455757.974            0.4            5.0
    2455803.919           -7.5            4.3
    2455806.936            8.7            4.3
    2455828.781            3.1            4.2
    2455831.849            0.5            5.1
    2455861.842            2.5            4.2
    2455864.796           12.0            4.4
    2455892.745           15.2            4.9
