    2451745.994            6.7            4.3
    2451778.895           13.3            3.7
    2451808.867           -9.4            3.6
    2451853.766            5.6            4.1
    2451856.801           16.8            4.6
    2451898.637            8.6            8.0
    2451932.609            2.9            3.9
    2452163.861            0.6            4.9
    2452175.851            2.6            4.0
    2452307.598            3.7            4.5
    2452465.989           -3.6            5.3
    2452483.985           -1.2            5.0
    2452494.987           -7.6            5.0
    2452517.936           10.1            5.2
     2452528.91            7.3            5.2
     2452530.91            0.4            4.5
    2452541.904            1.0            4.5
    2452543.883            1.1            5.0
    2452559.914            3.6            6.4
    2452561.795            0.2            8.4
    2452571.791           12.7            5.0
     2452589.81            2.2            5.7
    2452603.782           -1.0            4.9
    2452605.724            2.7            4.8
    2452616.772           -0.3            5.9
    2452665.604            0.2            4.2
    2452668.611            8.2            5.3
    2452837.972           15.1            5.4
    2452861.963           12.5            4.1
    2452863.985            5.8            5.2
    2452879.918            9.5            4.2
    2452880.947           -0.4            5.0
    2452898.911           -3.3            4.7
    2452900.928           -0.5            4.8
    2452932.839            4.1            4.3
    2452934.804           -2.8            4.6
    2452963.753            1.4            5.2
    2452965.809           -3.3            5.4
     2453022.63           10.3            5.6
     2453208.01            3.1            3.8
    2453209.978            1.7            3.7
    2453214.961           11.0            4.2
    2453231.961           -5.2            4.0
    2453233.909            1.6            3.9
     2453235.96            3.6            4.2
    2453265.899            4.9            3.8
    2453268.919           10.2            4.0
     2453269.81           -4.5            3.5
    2453286.828            4.0            3.8
    2453324.713            1.5            5.5
    2453354.654            1.8            3.8
    2453400.642            3.3            7.5
    2453550.983            8.6            4.4
    2453578.964            7.4            4.6
    2453613.923           -3.5            4.2
    2453654.771           11.8            4.1
    2453701.724            8.5            4.6
    2453740.745           -2.9            4.7
    2453911.993            6.3            3.6
    2453917.013            9.0            3.9
    2453934.974            9.1            3.9
    2453968.925           -3.9            3.2
    2453981.851            1.1            3.8
    2453985.899           11.7            4.0
    2454055.755           -1.7            3.9
    2454297.975           -6.3            4.1
    2454300.974            9.2            4.0
    2454314.939            4.2            3.6
    2454318.981           15.2            4.2
    2454344.859            7.4            4.3
    2454348.917           -0.8            4.0
    2454391.887           10.5            5.4
    2454394.775            2.2            4.2
    2454418.777           10.7            4.5
    2454420.763            8.7            4.2
    2454440.653           10.7            3.4
    2454443.651            4.3            3.6
    2454481.638           -3.6            3.9
    2454503.651            1.2            4.3
    2454645.984           -7.3            4.5
    2454646.968            9.3            4.2
    2454668.009           -0.8            3.7
    2454681.904           -4.3            3.8
     2454683.97           -5.1            3.8
    2454711.893            5.6            4.1
    2454713.873           11.1            4.2
    2454715.882            9.9            4.6
    2454716.875           -3.8            4.1
    2454753.885           14.8            3.6
     2454755.85           16.4            3.8
    2454777.733            1.6            4.1
    2454806.796            7.4            5.5
     2454808.77            4.9            4.3
    2454809.763            9.4            6.1
    2455026.973            9.7            5.7
    2455063.965            1.2            5.0
    2455099.996           19.3            4.9
    2455116.856           -6.0            6.8
    2455154.739           -2.9            7.6
    2455174.788           -2.1            5.8
    2455364.972            1.4            5.0
    2455419.012            4.0            4.7
    2455446.847           13.2            3.6
    2455446.856           12.5            3.1
    2455463.833            5.1            5.2
    2455466.842            4.6            4.8
    2455569.653           -3.4            4.1
    2455571.713            1.8            4.6
    2455572.671           14.9            4.8
    2455621.621            9.5            4.6
    2455757.974           -1.4            5.0
    2455803.919           12.6            4.3
    2455806.936           -5.8            4.3
    2455828.781            8.6            4.2
    2455831.849            3.6            5.1
    2455861.842           15.3            4.2
    2455864.796           -3.8            4.4
    2455892.745           14.6            4.9
