    2451745.994           -5.8            4.3
    2451778.895           11.8            3.7
    2451808.867            7.7            3.6
    2451853.766           16.7            4.1
    2451856.801           -0.5            4.6
    2451898.637           -1.6            8.0
    2451932.609           10.9            3.9
    2452163.861           -2.8            4.9
    2452175.851           -5.0            4.0
    2452307.598            9.9            4.5
    2452465.989            8.6            5.3
    2452483.985           -1.1            5.0
    2452494.987           -0.0            5.0
    2452517.936           17.3            5.2
     2452528.91            0.8            5.2
     2452530.91            3.1            4.5
    2452541.904           12.7            4.5
    2452543.883            1.1            5.0
    2452559.914           15.0            6.4
    2452561.795           10.3            8.4
    2452571.791           13.5            5.0
     2452589.81            5.8            5.7
    2452603.782           12.5            4.9
    2452605.724           -3.3            4.8
    2452616.772           11.5            5.9
    2452665.604           14.0            4.2
    2452668.611            6.2            5.3
    2452837.972            7.6            5.4
    2452861.963           11.1            4.1
    2452863.985            8.2            5.2
    2452879.918            1.1            4.2
    2452880.947           12.3            5.0
    2452898.911            6.9            4.7
    2452900.928            3.0            4.8
    2452932.839            3.0            4.3
    2452934.804            9.1            4.6
    2452963.753           -7.7            5.2
    2452965.809            4.6            5.4
     2453022.63            4.6            5.6
     2453208.01            0.5            3.8
    2453209.978            2.5            3.7
    2453214.961           -1.0            4.2
    2453231.961           14.7            4.0
    2453233.909            7.3            3.9
     2453235.96           11.3            4.2
    2453265.899            6.6            3.8
    2453268.919           10.9            4.0
     2453269.81           -5.8            3.5
    2453286.828            5.0            3.8
    2453324.713            5.8            5.5
    2453354.654           10.8            3.8
    2453400.642           -1.4            7.5
    2453550.983           11.0            4.4
    2453578.964           -3.6            4.6
    2453613.923            5.5            4.2
    2453654.771            4.5            4.1
    2453701.724           -2.9            4.6
    2453740.745           12.3            4.7
    2453911.993           -1.6            3.6
    2453917.013           -5.3            3.9
    2453934.974           -4.1            3.9
    2453968.925            0.1            3.2
    2453981.851            9.1            3.8
    2453985.899            2.2            4.0
    2454055.755            1.0            3.9
    2454297.975            0.2            4.1
    2454300.974           18.3            4.0
    2454314.939           -3.1            3.6
    2454318.981           12.7            4.2
    2454344.859            3.6            4.3
    2454348.917            3.1            4.0
    2454391.887            6.9            5.4
    2454394.775            8.4            4.2
    2454418.777            4.7            4.5
    2454420.763           -6.2            4.2
    2454440.653           -2.4            3.4
    2454443.651            3.0            3.6
    2454481.638            3.7            3.9
    2454503.651           17.7            4.3
    2454645.984            3.4            4.5
    2454646.968            7.9            4.2
    2454668.009           -2.5            3.7
    2454681.904           12.2            3.8
     2454683.97            7.6            3.8
    2454711.893            4.7            4.1
    2454713.873           12.1            4.2
    2454715.882            2.3            4.6
    2454716.875           -2.6            4.1
    2454753.885           -0.3            3.6
     2454755.85           16.3            3.8
    2454777.733            4.0            4.1
    2454806.796            4.6            5.5
     2454808.77           -5.1            4.3
    2454809.763           12.2            6.1
    2455026.973            9.9            5.7
    2455063.965           12.5            5.0
    2455099.996            9.1            4.9
    2455116.856            1.2            6.8
    2455154.739            6.6            7.6
    2455174.788            6.9            5.8
    2455364.972           10.0            5.0
    2455419.012            1.3            4.7
    2455446.847            5.7            3.6
    2455446.856            5.2            3.1
    2455463.833            7.4            5.2
    2455466.842            4.9            4.8
    2455569.653           -2.3            4.1
    2455571.713           -3.8            4.6
    2455572.671            6.6            4.8
    2455621.621           -0.3            4.6
    2455757.974           14.0            5.0
    2455803.919           -8.7            4.3
    2455806.936            0.5            4.3
    2455828.781           -9.6            4.2
    2455831.849            4.3            5.1
    2455861.842            8.3            4.2
    2455864.796            8.9            4.4
    2455892.745            1.4            4.9
