    2451745.994           -0.2            4.3
    2451778.895           -3.7            3.7
    2451808.867            8.7            3.6
    2451853.766            1.5            4.1
    2451856.801            5.9            4.6
    2451898.637            4.8            8.0
    2451932.609            5.9            3.9
    2452163.861            5.9            4.9
    2452175.851           -7.5            4.0
    2452307.598           11.7            4.5
    2452465.989            1.3            5.3
    2452483.985            8.8            5.0
    2452494.987           -7.3            5.0
    2452517.936           -6.4            5.2
     2452528.91            5.5            5.2
     2452530.91            2.3            4.5
    2452541.904           10.9            4.5
    2452543.883           14.1            5.0
    2452559.914            0.6            6.4
    2452561.795            2.5            8.4
    2452571.791           -6.6            5.0
     2452589.81            8.9            5.7
    2452603.782           -0.5            4.9
    2452605.724           12.5            4.8
    2452616.772            0.5            5.9
    2452665.604            6.8            4.2
    2452668.611            1.8            5.3
    2452837.972           -5.9            5.4
    2452861.963            3.5            4.1
    2452863.985           11.1            5.2
    2452879.918           -0.8            4.2
    2452880.947            4.4            5.0
    2452898.911            7.3            4.7
    2452900.928            2.3            4.8
    2452932.839           -0.1            4.3
    2452934.804           -1.1            4.6
    2452963.753           14.3            5.2
    2452965.809            0.6            5.4
     2453022.63            3.0            5.6
     2453208.01           10.2            3.8
    2453209.978           10.0            3.7
    2453214.961           -4.1            4.2
    2453231.961            4.6            4.0
    2453233.909           -5.7            3.9
     2453235.96            1.8            4.2
    2453265.899           -3.0            3.8
    2453268.919            0.7            4.0
     2453269.81            0.8            3.5
    2453286.828            6.5            3.8
    2453324.713           10.0            5.5
    2453354.654            4.6            3.8
    2453400.642            6.5            7.5
    2453550.983            5.4            4.4
    2453578.964            1.9            4.6
    2453613.923           11.1            4.2
    2453654.771            5.1            4.1
    2453701.724            6.3            4.6
    2453740.745            3.1            4.7
    2453911.993            5.7            3.6
    2453917.013            5.1            3.9
    2453934.974            3.6            3.9
    2453968.925           13.6            3.2
    2453981.851            4.5            3.8
    2453985.899            3.6            4.0
    2454055.755            6.8            3.9
    2454297.975            8.3            4.1
    2454300.974            6.0            4.0
    2454314.939            0.4            3.6
    2454318.981            1.0            4.2
    2454344.859            0.3            4.3
    2454348.917            3.6            4.0
    2454391.887            4.3            5.4
    2454394.775           12.8            4.2
    2454418.777            1.4            4.5
    2454420.763           -3.1            4.2
    2454440.653            0.1            3.4
    2454443.651           -5.2            3.6
    2454481.638            4.8            3.9
    2454503.651           10.3            4.3
    2454645.984           -1.8            4.5
    2454646.968            3.6            4.2
    2454668.009           -1.7            3.7
    2454681.904            2.9            3.8
     2454683.97            2.6            3.8
    2454711.893            0.1            4.1
    2454713.873            6.9            4.2
    2454715.882            4.9            4.6
    2454716.875            8.3            4.1
    2454753.885           -5.4            3.6
     2454755.85            3.5            3.8
    2454777.733            1.2            4.1
    2454806.796            5.6            5.5
     2454808.77           -1.6            4.3
    2454809.763            8.5            6.1
    2455026.973           10.5            5.7
    2455063.965           -1.1            5.0
    2455099.996           -2.2            4.9
    2455116.856            1.4            6.8
    2455154.739           10.0            7.6
    2455174.788            9.9            5.8
    2455364.972           -1.8            5.0
    2455419.012           -0.7            4.7
    2455446.847            7.1            3.6
    2455446.856            6.5            3.1
    2455463.833            8.5            5.2
    2455466.842           13.1            4.8
    2455569.653            5.4            4.1
    2455571.713           16.7            4.6
    2455572.671           11.9            4.8
    2455621.621           -6.4            4.6
    2455757.974            5.5            5.0
    2455803.919           -7.9            4.3
    2455806.936            5.8            4.3
    2455828.781           13.4            4.2
    2455831.849           10.3            5.1
    2455861.842            3.5            4.2
    2455864.796           -4.0            4.4
    2455892.745           14.9            4.9
