    2451745.994           -3.7            4.3
    2451778.895            2.0            3.7
    2451808.867            9.0            3.6
    2451853.766            6.9            4.1
    2451856.801           11.6            4.6
    2451898.637           12.4            8.0
    2451932.609            4.1            3.9
    2452163.861           -1.1            4.9
    2452175.851            5.8            4.0
    2452307.598           -3.2            4.5
    2452465.989            8.5            5.3
    2452483.985           12.4            5.0
    2452494.987            4.2            5.0
    2452517.936            8.1            5.2
     2452528.91            6.2            5.2
     2452530.91            1.1            4.5
    2452541.904            6.4            4.5
    2452543.883           -4.6            5.0
    2452559.914            2.4            6.4
    2452561.795           14.9            8.4
    2452571.791            2.4            5.0
     2452589.81           11.5            5.7
    2452603.782            8.1            4.9
    2452605.724            3.6            4.8
    2452616.772           -5.4            5.9
    2452665.604            5.4            4.2
    2452668.611            7.2            5.3
    2452837.972            5.6            5.4
    2452861.963            1.0            4.1
    2452863.985            1.0            5.2
    2452879.918           11.0            4.2
    2452880.947            6.3            5.0
    2452898.911           10.5            4.7
    2452900.928           13.3            4.8
    2452932.839            5.7            4.3
    2452934.804            5.5            4.6
    2452963.753           10.5            5.2
    2452965.809            5.8            5.4
     2453022.63           15.6            5.6
     2453208.01            9.0            3.8
    2453209.978            8.9            3.7
    2453214.961            0.7            4.2
    2453231.961            6.9            4.0
    2453233.909            5.7            3.9
     2453235.96            1.5            4.2
    2453265.899            0.0            3.8
    2453268.919           -1.8            4.0
     2453269.81           -0.8            3.5
    2453286.828            6.7            3.8
    2453324.713            8.7            5.5
    2453354.654           10.1            3.8
    2453400.642           -4.6            7.5
    2453550.983            1.8            4.4
    2453578.964            4.5            4.6
    2453613.923            5.0            4.2
    2453654.771           16.0            4.1
    2453701.724           -3.4            4.6
    2453740.745            6.6            4.7
    2453911.993           -4.4            3.6
    2453917.013            0.1            3.9
    2453934.974            9.4            3.9
    2453968.925            2.4            3.2
    2453981.851           -4.5            3.8
    2453985.899           11.4            4.0
    2454055.755           -2.5            3.9
    2454297.975            6.7            4.1
    2454300.974            5.7            4.0
    2454314.939            2.3            3.6
    2454318.981            2.9            4.2
    2454344.859            2.6            4.3
    2454348.917            4.0            4.0
    2454391.887            4.1            5.4
    2454394.775            2.5            4.2
    2454418.777           11.6            4.5
    2454420.763           -0.6            4.2
    2454440.653            4.7            3.4
    2454443.651            0.6            3.6
    2454481.638            7.4            3.9
    2454503.651           11.0            4.3
    2454645.984            2.3            4.5
    2454646.968           13.3            4.2
    2454668.009            1.3            3.7
    2454681.904            1.2            3.8
     2454683.97            4.9            3.8
    2454711.893           12.2            4.1
    2454713.873            6.3            4.2
    2454715.882           -6.7            4.6
    2454716.875           -3.1            4.1
    2454753.885           10.7            3.6
     2454755.85           12.6            3.8
    2454777.733            3.9            4.1
    2454806.796           12.2            5.5
     2454808.77           -2.6            4.3
    2454809.763            1.4            6.1
    2455026.973            3.7            5.7
    2455063.965           11.4            5.0
    2455099.996            4.1            4.9
    2455116.856            8.6            6.8
    2455154.739            5.1            7.6
    2455174.788            4.2            5.8
    2455364.972            2.9            5.0
    2455419.012            5.5            4.7
    2455446.847            7.4            3.6
    2455446.856            6.9            3.1
    2455463.833           -3.2            5.2
    2455466.842           11.4            4.8
    2455569.653            5.6            4.1
    2455571.713            3.4            4.6
    2455572.671           -0.9            4.8
    2455621.621            5.9            4.6
    2455757.974            2.0            5.0
    2455803.919            2.7            4.3
    2455806.936            8.6            4.3
    2455828.781            7.3            4.2
    2455831.849            6.3            5.1
    2455861.842            5.5            4.2
    2455864.796           -4.0            4.4
    2455892.745            7.2            4.9
