    2451745.994           12.2            4.3
    2451778.895           -7.6            3.7
    2451808.867           12.1            3.6
    2451853.766           20.9            4.1
    2451856.801            1.7            4.6
    2451898.637            6.9            8.0
    2451932.609           12.7            3.9
    2452163.861            5.4            4.9
    2452175.851            4.3            4.0
    2452307.598            9.8            4.5
    2452465.989           11.3            5.3
    2452483.985            2.4            5.0
    2452494.987           -0.2            5.0
    2452517.936           13.6            5.2
     2452528.91           -8.0            5.2
     2452530.91           -2.5            4.5
    2452541.904           11.2            4.5
    2452543.883           -1.6            5.0
    2452559.914          -14.0            6.4
    2452561.795            3.6            8.4
    2452571.791           -1.0            5.0
     2452589.81           22.7            5.7
    2452603.782           10.0            4.9
    2452605.724           -2.8            4.8
    2452616.772           12.8            5.9
    2452665.604           -1.7            4.2
    2452668.611           27.3            5.3
    2452837.972            4.1            5.4
    2452861.963           10.3            4.1
    2452863.985           -3.3            5.2
    2452879.918           -6.6            4.2
    2452880.947            6.8            5.0
    2452898.911           -1.1            4.7
    2452900.928           13.3            4.8
    2452932.839           -8.8            4.3
    2452934.804           -4.4            4.6
    2452963.753           -1.9            5.2
    2452965.809            7.7            5.4
     2453022.63           13.2            5.6
     2453208.01           -2.6            3.8
    2453209.978           -9.4            3.7
    2453214.961           -0.9            4.2
    2453231.961            2.8            4.0
    2453233.909           -1.1            3.9
     2453235.96           -3.4            4.2
    2453265.899           11.7            3.8
    2453268.919           15.7            4.0
     2453269.81          -11.2            3.5
    2453286.828           -6.7            3.8
    2453324.713          -14.2            5.5
    2453354.654           19.1            3.8
    2453400.642            8.0            7.5
    2453550.983            9.1            4.4
    2453578.964           17.9            4.6
    2453613.923           -8.0            4.2
    2453654.771          -15.0            4.1
    2453701.724            8.1            4.6
    2453740.745          -11.9            4.7
    2453911.993           17.4            3.6
    2453917.013           -5.4            3.9
    2453934.974            4.0            3.9
    2453968.925            8.6            3.2
    2453981.851           -4.0            3.8
    2453985.899            5.9            4.0
    2454055.755          -10.8            3.9
    2454297.975           -5.8            4.1
    2454300.974           16.5            4.0
    2454314.939            2.5            3.6
    2454318.981           -5.6            4.2
    2454344.859            4.4            4.3
    2454348.917           11.7            4.0
    2454391.887           17.7            5.4
    2454394.775            3.4            4.2
    2454418.777           -0.4            4.5
    2454420.763           11.2            4.2
    2454440.653            2.6            3.4
    2454443.651            1.0            3.6
    2454481.638          -14.7            3.9
    2454503.651            8.6            4.3
    2454645.984           -4.9            4.5
    2454646.968           -3.0            4.2
    2454668.009           -3.6            3.7
    2454681.904           -8.4            3.8
     2454683.97           11.9            3.8
    2454711.893           14.9            4.1
    2454713.873           -5.3            4.2
    2454715.882          -17.3            4.6
    2454716.875           11.9            4.1
    2454753.885           -3.2            3.6
     2454755.85            7.5            3.8
    2454777.733          -11.7            4.1
    2454806.796            2.1            5.5
     2454808.77           -6.0            4.3
    2454809.763           10.4            6.1
    2455026.973           -1.5            5.7
    2455063.965            1.5            5.0
    2455099.996            5.3            4.9
    2455116.856            1.0            6.8
    2455154.739           19.5            7.6
    2455174.788          -10.8            5.8
    2455364.972           12.2            5.0
    2455419.012            6.6            4.7
    2455446.847           -8.6            3.6
    2455446.856           -9.2            3.1
    2455463.833          -11.6            5.2
    2455466.842           12.9            4.8
    2455569.653           13.2            4.1
    2455571.713            1.6            4.6
    2455572.671           19.6            4.8
    2455621.621           -6.8            4.6
    2455757.974          -13.6            5.0
    2455803.919            9.9            4.3
    2455806.936           16.5            4.3
    2455828.781            3.1            4.2
    2455831.849           -1.3            5.1
    2455861.842           11.2            4.2
    2455864.796            6.7            4.4
    2455892.745           20.1            4.9
