    2451745.994           20.8            4.3
    2451778.895           -4.6            3.7
    2451808.867           20.6            3.6
    2451853.766          -11.6            4.1
    2451856.801            7.9            4.6
    2451898.637            4.3            8.0
    2451932.609           -8.1            3.9
    2452163.861            0.0            4.9
    2452175.851            0.4            4.0
    2452307.598           19.5            4.5
    2452465.989           17.7            5.3
    2452483.985           16.9            5.0
    2452494.987           -8.0            5.0
    2452517.936           -2.9            5.2
     2452528.91           20.0            5.2
     2452530.91           20.8            4.5
    2452541.904           -2.1            4.5
    2452543.883           -2.9            5.0
    2452559.914           -7.3            6.4
    2452561.795            0.9            8.4
    2452571.791           -5.6            5.0
     2452589.81           -4.2            5.7
    2452603.782           -0.1            4.9
    2452605.724            2.0            4.8
    2452616.772           11.8            5.9
    2452665.604           19.1            4.2
    2452668.611            4.8            5.3
    2452837.972            8.7            5.4
    2452861.963           17.9            4.1
    2452863.985           13.0            5.2
    2452879.918           18.4            4.2
    2452880.947            2.2            5.0
    2452898.911           11.7            4.7
    2452900.928           10.5            4.8
    2452932.839            5.0            4.3
    2452934.804            7.8            4.6
    2452963.753           18.5            5.2
    2452965.809            5.6            5.4
     2453022.63            6.8            5.6
     2453208.01           -9.1            3.8
    2453209.978           -1.7            3.7
    2453214.961           -7.0            4.2
    2453231.961           13.9            4.0
    2453233.909            9.2            3.9
     2453235.96           -2.4            4.2
    2453265.899           -0.0            3.8
    2453268.919            1.9            4.0
     2453269.81           -3.1            3.5
    2453286.828           -5.2            3.8
    2453324.713            2.8            5.5
    2453354.654           -2.4            3.8
    2453400.642           -1.0            7.5
    2453550.983           11.3            4.4
    2453578.964            9.2            4.6
    2453613.923            7.1            4.2
    2453654.771            8.2            4.1
    2453701.724            7.8            4.6
    2453740.745            2.2            4.7
    2453911.993            2.3            3.6
    2453917.013           16.6            3.9
    2453934.974            0.5            3.9
    2453968.925            6.0            3.2
    2453981.851           -1.8            3.8
    2453985.899            3.3            4.0
    2454055.755          -14.3            3.9
    2454297.975           -8.6            4.1
    2454300.974            8.6            4.0
    2454314.939           -7.7            3.6
    2454318.981            4.1            4.2
    2454344.859            1.8            4.3
    2454348.917            1.4            4.0
    2454391.887           13.9            5.4
    2454394.775            7.5            4.2
    2454418.777           -2.9            4.5
    2454420.763           13.7            4.2
    2454440.653            2.2            3.4
    2454443.651            2.3            3.6
    2454481.638           -5.9            3.9
    2454503.651           13.8            4.3
    2454645.984           11.2            4.5
    2454646.968           -3.0            4.2
    2454668.009            3.0            3.7
    2454681.904            3.2            3.8
     2454683.97            7.5            3.8
    2454711.893            4.5            4.1
    2454713.873           19.1            4.2
    2454715.882           26.2            4.6
    2454716.875           16.3            4.1
    2454753.885           13.3            3.6
     2454755.85           13.1            3.8
    2454777.733           -0.5            4.1
    2454806.796            7.6            5.5
     2454808.77            0.6            4.3
    2454809.763           10.4            6.1
    2455026.973          -12.3            5.7
    2455063.965           12.6            5.0
    2455099.996           -4.7            4.9
    2455116.856            9.0            6.8
    2455154.739            0.7            7.6
    2455174.788           16.1            5.8
    2455364.972            4.9            5.0
    2455419.012            2.8            4.7
    2455446.847           -8.7            3.6
    2455446.856           -9.4            3.1
    2455463.833            9.0            5.2
    2455466.842            8.9            4.8
    2455569.653            1.3            4.1
    2455571.713           17.7            4.6
    2455572.671            1.7            4.8
    2455621.621          -10.0            4.6
    2455757.974           14.6            5.0
    2455803.919            1.2            4.3
    2455806.936            8.4            4.3
    2455828.781          -14.7            4.2
    2455831.849           20.0            5.1
    2455861.842           -2.0            4.2
    2455864.796           10.8            4.4
    2455892.745            5.3            4.9
