    2451745.994            0.9            4.3
    2451778.895            3.7            3.7
    2451808.867            4.9            3.6
    2451853.766           -0.3            4.1
    2451856.801            8.3            4.6
    2451898.637            9.4            8.0
    2451932.609           10.2            3.9
    2452163.861            8.6            4.9
    2452175.851           -1.7            4.0
    2452307.598           -1.5            4.5
    2452465.989            8.8            5.3
    2452483.985           -3.1            5.0
    2452494.987            3.0            5.0
    2452517.936            4.4            5.2
     2452528.91            7.2            5.2
     2452530.91            9.7            4.5
    2452541.904            5.2            4.5
    2452543.883            6.3            5.0
    2452559.914            3.1            6.4
    2452561.795            4.0            8.4
    2452571.791           -4.2            5.0
     2452589.81            8.0            5.7
    2452603.782            4.5            4.9
    2452605.724           -0.4            4.8
    2452616.772            1.6            5.9
    2452665.604           10.7            4.2
    2452668.611            7.1            5.3
    2452837.972            0.3            5.4
    2452861.963            5.5            4.1
    2452863.985            5.7            5.2
    2452879.918           -0.3            4.2
    2452880.947           -6.0            5.0
    2452898.911            7.3            4.7
    2452900.928           10.2            4.8
    2452932.839            5.9            4.3
    2452934.804            4.0            4.6
    2452963.753            8.9            5.2
    2452965.809            9.2            5.4
     2453022.63           12.3            5.6
     2453208.01           -0.6            3.8
    2453209.978            2.3            3.7
    2453214.961            7.3            4.2
    2453231.961            1.2            4.0
    2453233.909           -3.2            3.9
     2453235.96            1.2            4.2
    2453265.899            2.7            3.8
    2453268.919           -3.1            4.0
     2453269.81            6.2            3.5
    2453286.828           13.9            3.8
    2453324.713            7.7            5.5
    2453354.654            4.5            3.8
    2453400.642           10.5            7.5
    2453550.983            8.0            4.4
    2453578.964           15.4            4.6
    2453613.923            4.6            4.2
    2453654.771            6.6            4.1
    2453701.724            3.1            4.6
    2453740.745           15.0            4.7
    2453911.993           -2.1            3.6
    2453917.013           10.9            3.9
    2453934.974            4.1            3.9
    2453968.925           -3.5            3.2
    2453981.851            0.4            3.8
    2453985.899            1.4            4.0
    2454055.755            2.5            3.9
    2454297.975            4.1            4.1
    2454300.974            7.8            4.0
    2454314.939            5.3            3.6
    2454318.981            5.5            4.2
    2454344.859            5.5            4.3
    2454348.917            5.2            4.0
    2454391.887           10.3            5.4
    2454394.775           -0.4            4.2
    2454418.777           17.0            4.5
    2454420.763            8.5            4.2
    2454440.653           -4.1            3.4
    2454443.651            4.2            3.6
    2454481.638           10.0            3.9
    2454503.651            0.5            4.3
    2454645.984            6.0            4.5
    2454646.968            0.3            4.2
    2454668.009            7.1            3.7
    2454681.904            8.0            3.8
     2454683.97            8.8            3.8
    2454711.893            3.9            4.1
    2454713.873            9.4            4.2
    2454715.882           -0.8            4.6
    2454716.875            4.4            4.1
    2454753.885           -5.4            3.6
     2454755.85            3.0            3.8
    2454777.733            0.6            4.1
    2454806.796            1.3            5.5
     2454808.77           -0.8            4.3
    2454809.763            9.3            6.1
    2455026.973            0.5            5.7
    2455063.965           14.1            5.0
    2455099.996            5.1            4.9
    2455116.856            0.7            6.8
    2455154.739            9.7            7.6
    2455174.788            7.8            5.8
    2455364.972           -4.8            5.0
    2455419.012           14.8            4.7
    2455446.847            3.4            3.6
    2455446.856            2.8            3.1
    2455463.833            8.4            5.2
    2455466.842            6.6            4.8
    2455569.653            5.3            4.1
    2455571.713            1.1            4.6
    2455572.671           -8.0            4.8
    2455621.621            2.8            4.6
    2455757.974            3.4            5.0
    2455803.919            5.0            4.3
    2455806.936           10.5            4.3
    2455828.781            6.5            4.2
    2455831.849            9.9            5.1
    2455861.842            8.9            4.2
    2455864.796           -0.2            4.4
    2455892.745            6.1            4.9
