    2451745.994            6.8            4.3
    2451778.895           -3.3            3.7
    2451808.867            0.8            3.6
    2451853.766           -6.5            4.1
    2451856.801           18.1            4.6
    2451898.637           15.6            8.0
    2451932.609           -1.3            3.9
    2452163.861           11.2            4.9
    2452175.851           13.4            4.0
    2452307.598            9.8            4.5
    2452465.989           13.6            5.3
    2452483.985           12.8            5.0
    2452494.987            7.1            5.0
    2452517.936           -0.9            5.2
     2452528.91            3.2            5.2
     2452530.91           -3.1            4.5
    2452541.904            9.3            4.5
    2452543.883            2.2            5.0
    2452559.914            4.4            6.4
    2452561.795           -3.4            8.4
    2452571.791            9.8            5.0
     2452589.81            8.2            5.7
    2452603.782            3.8            4.9
    2452605.724            1.1            4.8
    2452616.772            4.1            5.9
    2452665.604            0.9            4.2
    2452668.611            3.8            5.3
    2452837.972            0.7            5.4
    2452861.963           -3.0            4.1
    2452863.985            2.1            5.2
    2452879.918            1.5            4.2
    2452880.947            0.5            5.0
    2452898.911            0.3            4.7
    2452900.928           -8.1            4.8
    2452932.839            4.6            4.3
    2452934.804           11.5            4.6
    2452963.753            8.4            5.2
    2452965.809           17.5            5.4
     2453022.63           -0.4            5.6
     2453208.01            4.5            3.8
    2453209.978           15.9            3.7
    2453214.961           11.9            4.2
    2453231.961           -6.1            4.0
    2453233.909            2.2            3.9
     2453235.96           11.1            4.2
    2453265.899            4.6            3.8
    2453268.919            1.5            4.0
     2453269.81           -0.5            3.5
    2453286.828            1.2            3.8
    2453324.713           -6.5            5.5
    2453354.654            5.9            3.8
    2453400.642           -0.2            7.5
    2453550.983           -1.8            4.4
    2453578.964           13.8            4.6
    2453613.923          -14.0            4.2
    2453654.771            9.5            4.1
    2453701.724           -3.7            4.6
    2453740.745           15.5            4.7
    2453911.993           13.3            3.6
    2453917.013           -0.9            3.9
    2453934.974            5.3            3.9
    2453968.925           11.3            3.2
    2453981.851            0.7            3.8
    2453985.899           -0.3            4.0
    2454055.755            6.3            3.9
    2454297.975            0.5            4.1
    2454300.974           13.6            4.0
    2454314.939            4.3            3.6
    2454318.981           12.9            4.2
    2454344.859            9.4            4.3
    2454348.917            3.0            4.0
    2454391.887            8.7            5.4
    2454394.775            9.4            4.2
    2454418.777           10.6            4.5
    2454420.763           -6.3            4.2
    2454440.653            1.8            3.4
    2454443.651           -2.0            3.6
    2454481.638           -1.8            3.9
    2454503.651            2.9            4.3
    2454645.984            8.5            4.5
    2454646.968           -1.3            4.2
    2454668.009           -5.5            3.7
    2454681.904           18.5            3.8
     2454683.97            7.6            3.8
    2454711.893            5.2            4.1
    2454713.873            3.4            4.2
    2454715.882           -7.6            4.6
    2454716.875           -1.9            4.1
    2454753.885          -10.2            3.6
     2454755.85           12.2            3.8
    2454777.733           -7.3            4.1
    2454806.796           10.0            5.5
     2454808.77           -6.4            4.3
    2454809.763            1.4            6.1
    2455026.973           13.3            5.7
    2455063.965           15.4            5.0
    2455099.996           -4.2            4.9
    2455116.856           -8.1            6.8
    2455154.739           -0.5            7.6
    2455174.788           10.2            5.8
    2455364.972           14.3            5.0
    2455419.012           -4.6            4.7
    2455446.847           14.1            3.6
    2455446.856           14.0            3.1
    2455463.833           11.6            5.2
    2455466.842           -8.6            4.8
    2455569.653           16.5            4.1
    2455571.713            8.3            4.6
    2455572.671            2.7            4.8
    2455621.621           -6.9            4.6
    2455757.974            3.6            5.0
    2455803.919           11.9            4.3
    2455806.936           -5.6            4.3
    2455828.781            6.9            4.2
    2455831.849           -3.3            5.1
    2455861.842           -2.0            4.2
    2455864.796           21.5            4.4
    2455892.745           -5.3            4.9
