    2451745.994           -7.2            4.3
    2451778.895            2.9            3.7
    2451808.867            2.1            3.6
    2451853.766           15.5            4.1
    2451856.801            2.2            4.6
    2451898.637           10.9            8.0
    2451932.609           -0.1            3.9
    2452163.861           -3.0            4.9
    2452175.851            6.9            4.0
    2452307.598           -6.8            4.5
    2452465.989           15.0            5.3
    2452483.985            0.6            5.0
    2452494.987            8.4            5.0
    2452517.936            9.0            5.2
     2452528.91            5.2            5.2
     2452530.91           -0.5            4.5
    2452541.904           13.2            4.5
    2452543.883            6.3            5.0
    2452559.914            2.0            6.4
    2452561.795           -4.0            8.4
    2452571.791           -3.2            5.0
     2452589.81            9.3            5.7
    2452603.782           17.3            4.9
    2452605.724           11.2            4.8
    2452616.772            2.6            5.9
    2452665.604           15.0            4.2
    2452668.611            2.1            5.3
    2452837.972            5.8            5.4
    2452861.963           11.7            4.1
    2452863.985           15.1            5.2
    2452879.918            5.0            4.2
    2452880.947           12.3            5.0
    2452898.911           10.9            4.7
    2452900.928           13.3            4.8
    2452932.839           -5.2            4.3
    2452934.804           -8.3            4.6
    2452963.753            1.3            5.2
    2452965.809           -3.3            5.4
     2453022.63            4.0            5.6
     2453208.01            1.7            3.8
    2453209.978            5.8            3.7
    2453214.961            9.9            4.2
    2453231.961           -5.0            4.0
    2453233.909           -0.3            3.9
     2453235.96            2.2            4.2
    2453265.899           11.7            3.8
    2453268.919           -9.5            4.0
     2453269.81            4.5            3.5
    2453286.828            7.4            3.8
    2453324.713           -2.6            5.5
    2453354.654            5.5            3.8
    2453400.642            0.9            7.5
    2453550.983           13.2            4.4
    2453578.964            0.3            4.6
    2453613.923            5.8            4.2
    2453654.771            1.9            4.1
    2453701.724            1.4            4.6
    2453740.745           -9.1            4.7
    2453911.993           12.4            3.6
    2453917.013            2.9            3.9
    2453934.974           -2.7            3.9
    2453968.925           12.6            3.2
    2453981.851            6.2            3.8
    2453985.899           12.7            4.0
    2454055.755            0.8            3.9
    2454297.975           -6.9            4.1
    2454300.974           12.7            4.0
    2454314.939            8.5            3.6
    2454318.981            7.1            4.2
    2454344.859            2.8            4.3
    2454348.917           -4.0            4.0
    2454391.887            4.1            5.4
    2454394.775            6.1            4.2
    2454418.777           -2.6            4.5
    2454420.763           -3.1            4.2
    2454440.653            5.7            3.4
    2454443.651           -3.0            3.6
    2454481.638           15.8            3.9
    2454503.651            0.2            4.3
    2454645.984            3.0            4.5
    2454646.968            0.2            4.2
    2454668.009           17.8            3.7
    2454681.904            4.2            3.8
     2454683.97            3.0            3.8
    2454711.893           -2.4            4.1
    2454713.873           -5.9            4.2
    2454715.882            0.1            4.6
    2454716.875            7.1            4.1
    2454753.885           11.1            3.6
     2454755.85            5.5            3.8
    2454777.733           -4.8            4.1
    2454806.796            3.0            5.5
     2454808.77            4.2            4.3
    2454809.763           20.7            6.1
    2455026.973           16.9            5.7
    2455063.965           13.6            5.0
    2455099.996            2.0            4.9
    2455116.856            7.5            6.8
    2455154.739            2.5            7.6
    2455174.788            7.7            5.8
    2455364.972           10.3            5.0
    2455419.012            7.3            4.7
    2455446.847            7.6            3.6
    2455446.856            7.3            3.1
    2455463.833            4.4            5.2
    2455466.842            0.3            4.8
    2455569.653            3.9            4.1
    2455571.713            9.8            4.6
    2455572.671            9.7            4.8
    2455621.621           16.9            4.6
    2455757.974            5.0            5.0
    2455803.919           10.0            4.3
    2455806.936           -4.1            4.3
    2455828.781            9.6            4.2
    2455831.849            6.3            5.1
    2455861.842           -5.6            4.2
    2455864.796            3.0            4.4
    2455892.745           -3.2            4.9
