    2451745.994           14.2            4.3
    2451778.895           17.9            3.7
    2451808.867            1.7            3.6
    2451853.766           35.3            4.1
    2451856.801           14.0            4.6
    2451898.637            6.7            8.0
    2451932.609           12.6            3.9
    2452163.861           -4.7            4.9
    2452175.851          -27.3            4.0
    2452307.598           -2.8            4.5
    2452465.989           15.8            5.3
    2452483.985            2.3            5.0
    2452494.987           36.1            5.0
    2452517.936           15.9            5.2
     2452528.91          -17.0            5.2
     2452530.91           23.3            4.5
    2452541.904           -4.0            4.5
    2452543.883          -28.7            5.0
    2452559.914           17.4            6.4
    2452561.795          -27.0            8.4
    2452571.791           -8.1            5.0
     2452589.81           -8.5            5.7
    2452603.782          -22.9            4.9
    2452605.724           27.2            4.8
    2452616.772           16.9            5.9
    2452665.604          -16.7            4.2
    2452668.611          -11.4            5.3
    2452837.972           11.7            5.4
    2452861.963            9.4            4.1
    2452863.985            9.1            5.2
    2452879.918            4.3            4.2
    2452880.947           28.1            5.0
    2452898.911           31.9            4.7
    2452900.928          -30.4            4.8
    2452932.839          -20.1            4.3
    2452934.804            8.7            4.6
    2452963.753           21.2            5.2
    2452965.809           -8.8            5.4
     2453022.63          -25.3            5.6
     2453208.01            6.4            3.8
    2453209.978            2.3            3.7
    2453214.961           -0.5            4.2
    2453231.961           21.5            4.0
    2453233.909            1.5            3.9
     2453235.96          -22.1            4.2
    2453265.899           -7.6            3.8
    2453268.919          -19.1            4.0
     2453269.81           23.0            3.5
    2453286.828          -26.7            3.8
    2453324.713           -1.8            5.5
    2453354.654            0.5            3.8
    2453400.642           21.8            7.5
    2453550.983          -31.0            4.4
    2453578.964           -8.1            4.6
    2453613.923           17.7            4.2
    2453654.771           -7.5            4.1
    2453701.724           21.5            4.6
    2453740.745            0.1            4.7
    2453911.993            7.3            3.6
    2453917.013           -6.7            3.9
    2453934.974           11.1            3.9
    2453968.925          -17.4            3.2
    2453981.851          -11.7            3.8
    2453985.899           32.7            4.0
    2454055.755            5.6            3.9
    2454297.975            6.9            4.1
    2454300.974           29.5            4.0
    2454314.939            7.7            3.6
    2454318.981           23.7            4.2
    2454344.859           -8.1            4.3
    2454348.917           15.5            4.0
    2454391.887          -22.9            5.4
    2454394.775           -3.6            4.2
    2454418.777           -9.6            4.5
    2454420.763          -12.1            4.2
    2454440.653           34.9            3.4
    2454443.651           17.0            3.6
    2454481.638           11.1            3.9
    2454503.651           -0.3            4.3
    2454645.984           -0.6            4.5
    2454646.968          -28.7            4.2
    2454668.009            9.0            3.7
    2454681.904           24.7            3.8
     2454683.97            8.5            3.8
    2454711.893          -18.7            4.1
    2454713.873           39.7            4.2
    2454715.882           -1.4            4.6
    2454716.875            8.9            4.1
    2454753.885          -32.4            3.6
     2454755.85           26.1            3.8
    2454777.733          -24.2            4.1
    2454806.796            1.5            5.5
     2454808.77           21.9            4.3
    2454809.763          -13.5            6.1
    2455026.973          -11.2            5.7
    2455063.965            7.0            5.0
    2455099.996           35.1            4.9
    2455116.856          -11.5            6.8
    2455154.739           -5.7            7.6
    2455174.788           21.0            5.8
    2455364.972           10.2            5.0
    2455419.012           -9.0            4.7
    2455446.847            4.0            3.6
    2455446.856            3.1            3.1
    2455463.833          -17.7            5.2
    2455466.842           17.8            4.8
    2455569.653           40.9            4.1
    2455571.713            9.3            4.6
    2455572.671           14.6            4.8
    2455621.621           -1.8            4.6
    2455757.974           -8.7            5.0
    2455803.919            7.4            4.3
    2455806.936           15.6            4.3
    2455828.781           11.2            4.2
    2455831.849          -17.2            5.1
    2455861.842            2.6            4.2
    2455864.796          -22.3            4.4
    2455892.745            3.4            4.9
