    2451745.994            4.2            4.3
    2451778.895            4.3            3.7
    2451808.867            3.6            3.6
    2451853.766            3.6            4.1
    2451856.801            3.4            4.6
    2451898.637            9.1            8.0
    2451932.609            4.0            3.9
    2452163.861            4.0            4.9
    2452175.851            2.8            4.0
    2452307.598            4.6            4.5
    2452465.989            4.7            5.3
    2452483.985            4.4            5.0
    2452494.987            5.5            5.0
    2452517.936            3.9            5.2
     2452528.91            5.9            5.2
     2452530.91            4.4            4.5
    2452541.904            4.9            4.5
    2452543.883            5.8            5.0
    2452559.914            6.7            6.4
    2452561.795            9.1            8.4
    2452571.791            3.3            5.0
     2452589.81            4.2            5.7
    2452603.782            4.3            4.9
    2452605.724            3.6            4.8
    2452616.772            7.2            5.9
    2452665.604            4.8            4.2
    2452668.611            6.9            5.3
    2452837.972            4.7            5.4
    2452861.963            4.7            4.1
    2452863.985            6.5            5.2
    2452879.918            4.6            4.2
    2452880.947            5.8            5.0
    2452898.911            5.3            4.7
    2452900.928            5.9            4.8
    2452932.839            3.8            4.3
    2452934.804            4.9            4.6
    2452963.753            3.6            5.2
    2452965.809            4.0            5.4
     2453022.63            6.1            5.6
     2453208.01            4.9            3.8
    2453209.978            4.0            3.7
    2453214.961            3.4            4.2
    2453231.961            3.2            4.0
    2453233.909            3.3            3.9
     2453235.96            4.3            4.2
    2453265.899            3.0            3.8
    2453268.919            3.0            4.0
     2453269.81            2.6            3.5
    2453286.828            2.5            3.8
    2453324.713            4.5            5.5
    2453354.654            2.8            3.8
    2453400.642            9.0            7.5
    2453550.983            3.5            4.4
    2453578.964            5.9            4.6
    2453613.923            5.5            4.2
    2453654.771            4.8            4.1
    2453701.724            4.4            4.6
    2453740.745            5.7            4.7
    2453911.993            2.0            3.6
    2453917.013            4.2            3.9
    2453934.974            4.5            3.9
    2453968.925            3.5            3.2
    2453981.851            3.0            3.8
    2453985.899            4.0            4.0
    2454055.755            2.7            3.9
    2454297.975            4.3            4.1
    2454300.974            3.0            4.0
    2454314.939            4.4            3.6
    2454318.981            3.4            4.2
    2454344.859            4.9            4.3
    2454348.917            5.6            4.0
    2454391.887            4.6            5.4
    2454394.775            3.5            4.2
    2454418.777            5.6            4.5
    2454420.763            5.4            4.2
    2454440.653            3.8            3.4
    2454443.651            2.7            3.6
    2454481.638            2.3            3.9
    2454503.651            3.7            4.3
    2454645.984            3.4            4.5
    2454646.968            3.5            4.2
    2454668.009            4.2            3.7
    2454681.904            2.9            3.8
     2454683.97            3.8            3.8
    2454711.893            3.5            4.1
    2454713.873            3.1            4.2
    2454715.882            3.6            4.6
    2454716.875            3.4            4.1
    2454753.885            3.7            3.6
     2454755.85            4.7            3.8
    2454777.733            5.6            4.1
    2454806.796            4.7            5.5
     2454808.77            4.3            4.3
    2454809.763            6.5            6.1
    2455026.973            6.5            5.7
    2455063.965            5.9            5.0
    2455099.996            6.2            4.9
    2455116.856            8.4            6.8
    2455154.739            8.7            7.6
    2455174.788            5.8            5.8
    2455364.972            6.1            5.0
    2455419.012            5.4            4.7
    2455446.847            2.1            3.6
    2455446.856            1.6            3.1
    2455463.833            4.0            5.2
    2455466.842            3.9            4.8
    2455569.653            3.1            4.1
    2455571.713            3.2            4.6
    2455572.671            3.4            4.8
    2455621.621            3.9            4.6
    2455757.974            6.0            5.0
    2455803.919            2.6            4.3
    2455806.936            3.2            4.3
    2455828.781            4.9            4.2
    2455831.849            6.1            5.1
    2455861.842            4.3            4.2
    2455864.796            5.7            4.4
    2455892.745            4.1            4.9
