    2451745.994           -4.5            4.3
    2451778.895           -4.4            3.7
    2451808.867           15.3            3.6
    2451853.766           -4.4            4.1
    2451856.801           -5.5            4.6
    2451898.637           15.5            8.0
    2451932.609           24.0            3.9
    2452163.861            3.1            4.9
    2452175.851           22.7            4.0
    2452307.598          -23.0            4.5
    2452465.989           13.6            5.3
    2452483.985           -9.8            5.0
    2452494.987            1.4            5.0
    2452517.936          -12.7            5.2
     2452528.91           -4.1            5.2
     2452530.91            0.3            4.5
    2452541.904           18.1            4.5
    2452543.883          -26.8            5.0
    2452559.914           13.2            6.4
    2452561.795            9.5            8.4
    2452571.791          -15.2            5.0
     2452589.81           -2.6            5.7
    2452603.782            9.0            4.9
    2452605.724          -17.1            4.8
    2452616.772           14.7            5.9
    2452665.604          -23.6            4.2
    2452668.611           17.0            5.3
    2452837.972           36.2            5.4
    2452861.963           -5.6            4.1
    2452863.985           28.8            5.2
    2452879.918            8.1            4.2
    2452880.947           -2.4            5.0
    2452898.911           35.6            4.7
    2452900.928           -2.8            4.8
    2452932.839           27.7            4.3
    2452934.804           -7.5            4.6
    2452963.753          -29.8            5.2
    2452965.809           10.8            5.4
     2453022.63            9.2            5.6
     2453208.01           11.3            3.8
    2453209.978           22.2            3.7
    2453214.961           12.7            4.2
    2453231.961          -14.3            4.0
    2453233.909          -16.1            3.9
     2453235.96           20.5            4.2
    2453265.899          -14.1            3.8
    2453268.919          -14.5            4.0
     2453269.81            3.9            3.5
    2453286.828          -32.3            3.8
    2453324.713           37.5            5.5
    2453354.654          -22.1            3.8
    2453400.642            0.6            7.5
    2453550.983            6.6            4.4
    2453578.964           27.6            4.6
    2453613.923           35.2            4.2
    2453654.771           28.2            4.1
    2453701.724           29.0            4.6
    2453740.745          -31.1            4.7
    2453911.993            8.6            3.6
    2453917.013           29.7            3.9
    2453934.974           -2.5            3.9
    2453968.925           -8.0            3.2
    2453981.851          -14.8            3.8
    2453985.899           31.7            4.0
    2454055.755           -1.1            3.9
    2454297.975           -9.2            4.1
    2454300.974            7.2            4.0
    2454314.939          -15.3            3.6
    2454318.981            8.4            4.2
    2454344.859           22.0            4.3
    2454348.917          -15.1            4.0
    2454391.887           20.0            5.4
    2454394.775          -28.8            4.2
    2454418.777           14.9            4.5
    2454420.763           -9.7            4.2
    2454440.653           12.1            3.4
    2454443.651            9.2            3.6
    2454481.638           -7.7            3.9
    2454503.651          -11.8            4.3
    2454645.984            2.9            4.5
    2454646.968           11.8            4.2
    2454668.009           30.9            3.7
    2454681.904            7.3            3.8
     2454683.97           -8.8            3.8
    2454711.893            0.9            4.1
    2454713.873           11.7            4.2
    2454715.882            7.5            4.6
    2454716.875           -8.6            4.1
    2454753.885           -7.7            3.6
     2454755.85           34.8            3.8
    2454777.733            5.1            4.1
    2454806.796           -2.5            5.5
     2454808.77            5.5            4.3
    2454809.763           20.3            6.1
    2455026.973           19.4            5.7
    2455063.965          -20.0            5.0
    2455099.996            3.1            4.9
    2455116.856           -9.8            6.8
    2455154.739           26.8            7.6
    2455174.788           19.5            5.8
    2455364.972            8.8            5.0
    2455419.012           38.2            4.7
    2455446.847          -10.5            3.6
    2455446.856          -10.2            3.1
    2455463.833           10.0            5.2
    2455466.842           -0.3            4.8
    2455569.653           -6.2            4.1
    2455571.713          -10.6            4.6
    2455572.671           15.3            4.8
    2455621.621           21.0            4.6
    2455757.974            6.3            5.0
    2455803.919           22.4            4.3
    2455806.936          -20.5            4.3
    2455828.781           22.9            4.2
    2455831.849          -13.9            5.1
    2455861.842           -1.2            4.2
    2455864.796           20.6            4.4
    2455892.745            3.4            4.9
