    2451745.994            3.5            4.3
    2451778.895           13.4            3.7
    2451808.867           23.6            3.6
    2451853.766           14.7            4.1
    2451856.801           -2.6            4.6
    2451898.637           26.9            8.0
    2451932.609          -10.0            3.9
    2452163.861            8.9            4.9
    2452175.851            1.0            4.0
    2452307.598            5.4            4.5
    2452465.989            3.1            5.3
    2452483.985           -9.9            5.0
    2452494.987            5.7            5.0
    2452517.936           26.6            5.2
     2452528.91            4.0            5.2
     2452530.91           -3.0            4.5
    2452541.904           -9.9            4.5
    2452543.883           18.6            5.0
    2452559.914           -5.5            6.4
    2452561.795           11.8            8.4
    2452571.791           22.1            5.0
     2452589.81            2.3            5.7
    2452603.782           -1.6            4.9
    2452605.724           -4.1            4.8
    2452616.772            5.4            5.9
    2452665.604           24.0            4.2
    2452668.611            3.5            5.3
    2452837.972            2.8            5.4
    2452861.963           25.1            4.1
    2452863.985           18.8            5.2
    2452879.918           -2.9            4.2
    2452880.947           13.0            5.0
    2452898.911            9.3            4.7
    2452900.928           21.5            4.8
    2452932.839           -8.2            4.3
    2452934.804           -2.7            4.6
    2452963.753            4.0            5.2
    2452965.809            7.5            5.4
     2453022.63           -6.1            5.6
     2453208.01           13.2            3.8
    2453209.978           21.7            3.7
    2453214.961           -7.3            4.2
    2453231.961           -1.0            4.0
    2453233.909            2.5            3.9
     2453235.96           23.4            4.2
    2453265.899            8.4            3.8
    2453268.919           -9.9            4.0
     2453269.81           -3.5            3.5
    2453286.828           -2.9            3.8
    2453324.713            4.2            5.5
    2453354.654           25.0            3.8
    2453400.642           19.3            7.5
    2453550.983            7.3            4.4
    2453578.964            1.2            4.6
    2453613.923          -14.5            4.2
    2453654.771           18.7            4.1
    2453701.724            8.6            4.6
    2453740.745            7.6            4.7
    2453911.993            2.6            3.6
    2453917.013           12.7            3.9
    2453934.974            6.1            3.9
    2453968.925          -10.7            3.2
    2453981.851           18.7            3.8
    2453985.899            1.7            4.0
    2454055.755           12.9            3.9
    2454297.975            6.2            4.1
    2454300.974           15.2            4.0
    2454314.939           -1.9            3.6
    2454318.981           15.7            4.2
    2454344.859            6.2            4.3
    2454348.917           10.2            4.0
    2454391.887           12.9            5.4
    2454394.775            4.4            4.2
    2454418.777            1.8            4.5
    2454420.763           16.7            4.2
    2454440.653            0.8            3.4
    2454443.651           -4.0            3.6
    2454481.638            2.5            3.9
    2454503.651           10.6            4.3
    2454645.984           16.4            4.5
    2454646.968            4.2            4.2
    2454668.009            1.7            3.7
    2454681.904           15.4            3.8
     2454683.97           17.8            3.8
    2454711.893            7.1            4.1
    2454713.873            4.4            4.2
    2454715.882           -2.9            4.6
    2454716.875           11.8            4.1
    2454753.885           -8.2            3.6
     2454755.85           16.9            3.8
    2454777.733            8.4            4.1
    2454806.796            4.6            5.5
     2454808.77           -8.1            4.3
    2454809.763           10.9            6.1
    2455026.973            9.3            5.7
    2455063.965           16.0            5.0
    2455099.996           -1.5            4.9
    2455116.856           -1.5            6.8
    2455154.739           11.3            7.6
    2455174.788           19.9            5.8
    2455364.972           14.4            5.0
    2455419.012            5.6            4.7
    2455446.847            5.3            3.6
    2455446.856            4.6            3.1
    2455463.833           18.0            5.2
    2455466.842           23.7            4.8
    2455569.653            5.1            4.1
    2455571.713          -11.6            4.6
    2455572.671           -1.7            4.8
    2455621.621           12.4            4.6
    2455757.974            1.6            5.0
    2455803.919           15.6            4.3
    2455806.936           -8.2            4.3
    2455828.781           20.4            4.2
    2455831.849           18.2            5.1
    2455861.842           -3.8            4.2
    2455864.796            3.4            4.4
    2455892.745           12.4            4.9
