    2451745.994           18.0            4.3
    2451778.895            1.1            3.7
    2451808.867            0.4            3.6
    2451853.766           -5.2            4.1
    2451856.801           24.3            4.6
    2451898.637           27.8            8.0
    2451932.609            6.1            3.9
    2452163.861           14.8            4.9
    2452175.851           -7.9            4.0
    2452307.598           17.5            4.5
    2452465.989           -6.0            5.3
    2452483.985           23.2            5.0
    2452494.987          -10.9            5.0
    2452517.936           -4.3            5.2
     2452528.91           -0.3            5.2
     2452530.91           19.2            4.5
    2452541.904          -19.9            4.5
    2452543.883           20.9            5.0
    2452559.914            4.5            6.4
    2452561.795           11.6            8.4
    2452571.791           25.4            5.0
     2452589.81           -2.2            5.7
    2452603.782            4.5            4.9
    2452605.724            9.6            4.8
    2452616.772          -13.7            5.9
    2452665.604           13.5            4.2
    2452668.611            9.5            5.3
    2452837.972           -8.9            5.4
    2452861.963           -7.5            4.1
    2452863.985           17.3            5.2
    2452879.918          -13.5            4.2
    2452880.947          -16.2            5.0
    2452898.911           -9.1            4.7
    2452900.928            6.4            4.8
    2452932.839           -8.2            4.3
    2452934.804           10.0            4.6
    2452963.753            2.8            5.2
    2452965.809           10.4            5.4
     2453022.63           20.2            5.6
     2453208.01           24.3            3.8
    2453209.978          -15.5            3.7
    2453214.961          -13.9            4.2
    2453231.961           14.7            4.0
    2453233.909           -2.4            3.9
     2453235.96           21.7            4.2
    2453265.899          -17.0            3.8
    2453268.919           21.2            4.0
     2453269.81           -6.7            3.5
    2453286.828           14.4            3.8
    2453324.713           22.4            5.5
    2453354.654          -14.2            3.8
    2453400.642            3.9            7.5
    2453550.983           27.2            4.4
    2453578.964           21.6            4.6
    2453613.923           -5.2            4.2
    2453654.771           12.1            4.1
    2453701.724            7.5            4.6
    2453740.745          -16.3            4.7
    2453911.993           -6.7            3.6
    2453917.013            3.5            3.9
    2453934.974           -7.3            3.9
    2453968.925            6.1            3.2
    2453981.851           -7.8            3.8
    2453985.899           -6.4            4.0
    2454055.755           -7.9            3.9
    2454297.975            4.6            4.1
    2454300.974           -2.9            4.0
    2454314.939          -10.5            3.6
    2454318.981            1.3            4.2
    2454344.859           18.4            4.3
    2454348.917            0.4            4.0
    2454391.887           17.5            5.4
    2454394.775          -13.6            4.2
    2454418.777            1.0            4.5
    2454420.763           22.5            4.2
    2454440.653           -7.8            3.4
    2454443.651           15.9            3.6
    2454481.638           15.4            3.9
    2454503.651            6.9            4.3
    2454645.984            8.1            4.5
    2454646.968           25.0            4.2
    2454668.009           -6.2            3.7
    2454681.904           -8.2            3.8
     2454683.97            9.0            3.8
    2454711.893            9.8            4.1
    2454713.873            3.3            4.2
    2454715.882            3.9            4.6
    2454716.875           19.2            4.1
    2454753.885            3.0            3.6
     2454755.85           12.4            3.8
    2454777.733           22.6            4.1
    2454806.796           22.5            5.5
     2454808.77          -11.2            4.3
    2454809.763           11.7            6.1
    2455026.973            9.0            5.7
    2455063.965          -16.6            5.0
    2455099.996           12.4            4.9
    2455116.856           20.6            6.8
    2455154.739           21.0            7.6
    2455174.788           -5.1            5.8
    2455364.972           -8.5            5.0
    2455419.012           24.4            4.7
    2455446.847           19.7            3.6
    2455446.856           19.7            3.1
    2455463.833            4.1            5.2
    2455466.842           -2.4            4.8
    2455569.653           -6.2            4.1
    2455571.713            8.8            4.6
    2455572.671           14.0            4.8
    2455621.621          -17.6            4.6
    2455757.974           13.4            5.0
    2455803.919           29.1            4.3
    2455806.936          -11.5            4.3
    2455828.781          -12.1            4.2
    2455831.849           27.8            5.1
    2455861.842          -11.9            4.2
    2455864.796           19.4            4.4
    2455892.745           22.7            4.9
