    2451745.994            3.5            4.3
    2451778.895           15.5            3.7
    2451808.867            7.9            3.6
    2451853.766           15.4            4.1
    2451856.801           18.9            4.6
    2451898.637           -4.6            8.0
    2451932.609          -10.0            3.9
    2452163.861           14.4            4.9
    2452175.851            2.0            4.0
    2452307.598            7.2            4.5
    2452465.989           20.9            5.3
    2452483.985           13.0            5.0
    2452494.987           -7.5            5.0
    2452517.936           16.6            5.2
     2452528.91          -10.3            5.2
     2452530.91           14.9            4.5
    2452541.904           -4.1            4.5
    2452543.883           19.5            5.0
    2452559.914           -0.7            6.4
    2452561.795           20.1            8.4
    2452571.791           -7.1            5.0
     2452589.81           -7.1            5.7
    2452603.782            9.4            4.9
    2452605.724            5.8            4.8
    2452616.772           10.7            5.9
    2452665.604           10.7            4.2
    2452668.611            8.2            5.3
    2452837.972           20.4            5.4
    2452861.963          -10.0            4.1
    2452863.985           15.1            5.2
    2452879.918            5.8            4.2
    2452880.947           20.5            5.0
    2452898.911           11.1            4.7
    2452900.928           -7.9            4.8
    2452932.839           15.8            4.3
    2452934.804          -11.0            4.6
    2452963.753           20.9            5.2
    2452965.809            1.7            5.4
     2453022.63            5.0            5.6
     2453208.01           -0.3            3.8
    2453209.978           12.9            3.7
    2453214.961           -1.7            4.2
    2453231.961            7.0            4.0
    2453233.909           -3.7            3.9
     2453235.96           13.5            4.2
    2453265.899            9.1            3.8
    2453268.919            1.0            4.0
     2453269.81           11.2            3.5
    2453286.828           15.5            3.8
    2453324.713            3.6            5.5
    2453354.654           -8.2            3.8
    2453400.642            4.5            7.5
    2453550.983           12.9            4.4
    2453578.964           -5.0            4.6
    2453613.923           -4.7            4.2
    2453654.771           21.3            4.1
    2453701.724           17.1            4.6
    2453740.745           17.6            4.7
    2453911.993           -7.7            3.6
    2453917.013            8.2            3.9
    2453934.974           19.0            3.9
    2453968.925            8.4            3.2
    2453981.851           13.0            3.8
    2453985.899            7.1            4.0
    2454055.755           11.4            3.9
    2454297.975           17.8            4.1
    2454300.974           -0.7            4.0
    2454314.939           13.6            3.6
    2454318.981           14.4            4.2
    2454344.859           11.5            4.3
    2454348.917            8.9            4.0
    2454391.887            5.2            5.4
    2454394.775           -2.1            4.2
    2454418.777           13.6            4.5
    2454420.763           -9.6            4.2
    2454440.653           16.7            3.4
    2454443.651            2.4            3.6
    2454481.638          -11.0            3.9
    2454503.651           -6.0            4.3
    2454645.984          -11.4            4.5
    2454646.968            2.4            4.2
    2454668.009           -0.8            3.7
    2454681.904           12.7            3.8
     2454683.97           -2.0            3.8
    2454711.893            9.9            4.1
    2454713.873            4.7            4.2
    2454715.882            0.2            4.6
    2454716.875           15.0            4.1
    2454753.885           -9.0            3.6
     2454755.85           15.0            3.8
    2454777.733           16.3            4.1
    2454806.796            7.5            5.5
     2454808.77            5.9            4.3
    2454809.763           -7.2            6.1
    2455026.973            7.0            5.7
    2455063.965           -3.2            5.0
    2455099.996            0.2            4.9
    2455116.856           -8.6            6.8
    2455154.739            2.4            7.6
    2455174.788           20.9            5.8
    2455364.972           23.6            5.0
    2455419.012           -6.2            4.7
    2455446.847           13.8            3.6
    2455446.856           13.4            3.1
    2455463.833           15.7            5.2
    2455466.842           -5.5            4.8
    2455569.653           -6.6            4.1
    2455571.713            3.8            4.6
    2455572.671           10.5            4.8
    2455621.621           -3.7            4.6
    2455757.974           13.1            5.0
    2455803.919           -7.8            4.3
    2455806.936            0.9            4.3
    2455828.781           -0.2            4.2
    2455831.849           19.1            5.1
    2455861.842           19.1            4.2
    2455864.796           -0.5            4.4
    2455892.745           14.4            4.9
