    2451745.994            7.3            4.3
    2451778.895            1.4            3.7
    2451808.867           -2.5            3.6
    2451853.766           11.5            4.1
    2451856.801            3.5            4.6
    2451898.637            0.9            8.0
    2451932.609            1.8            3.9
    2452163.861           13.6            4.9
    2452175.851           12.5            4.0
    2452307.598           15.1            4.5
    2452465.989           13.8            5.3
    2452483.985            5.8            5.0
    2452494.987            7.3            5.0
    2452517.936           12.5            5.2
     2452528.91            2.1            5.2
     2452530.91           -3.1            4.5
    2452541.904           14.2            4.5
    2452543.883            6.7            5.0
    2452559.914           -2.2            6.4
    2452561.795           13.7            8.4
    2452571.791            4.9            5.0
     2452589.81           -3.0            5.7
    2452603.782           -1.7            4.9
    2452605.724           10.9            4.8
    2452616.772            1.9            5.9
    2452665.604            1.6            4.2
    2452668.611           14.4            5.3
    2452837.972            2.8            5.4
    2452861.963           10.4            4.1
    2452863.985           14.8            5.2
    2452879.918           -2.7            4.2
    2452880.947           16.0            5.0
    2452898.911           -0.4            4.7
    2452900.928           10.8            4.8
    2452932.839            6.1            4.3
    2452934.804           14.7            4.6
    2452963.753            9.5            5.2
    2452965.809            2.9            5.4
     2453022.63           18.3            5.6
     2453208.01           16.1            3.8
    2453209.978            9.2            3.7
    2453214.961            9.3            4.2
    2453231.961            9.4            4.0
    2453233.909           -3.0            3.9
     2453235.96           -5.3            4.2
    2453265.899            0.5            3.8
    2453268.919            9.8            4.0
     2453269.81           -3.0            3.5
    2453286.828            2.2            3.8
    2453324.713            6.4            5.5
    2453354.654           13.0            3.8
    2453400.642           14.7            7.5
    2453550.983           -3.3            4.4
    2453578.964           16.0            4.6
    2453613.923           -0.8            4.2
    2453654.771           10.9            4.1
    2453701.724            2.7            4.6
    2453740.745            0.3            4.7
    2453911.993           -3.6            3.6
    2453917.013           -3.8            3.9
    2453934.974           13.4            3.9
    2453968.925            5.5            3.2
    2453981.851            7.7            3.8
    2453985.899            7.0            4.0
    2454055.755           -4.2            3.9
    2454297.975            0.1            4.1
    2454300.974           12.3            4.0
    2454314.939           -1.5            3.6
    2454318.981           -0.7            4.2
    2454344.859           11.2            4.3
    2454348.917           -3.8            4.0
    2454391.887            9.7            5.4
    2454394.775           -3.2            4.2
    2454418.777            7.4            4.5
    2454420.763           14.3            4.2
    2454440.653            7.9            3.4
    2454443.651           -2.6            3.6
    2454481.638           14.3            3.9
    2454503.651           13.7            4.3
    2454645.984            2.3            4.5
    2454646.968            3.3            4.2
    2454668.009           -2.1            3.7
    2454681.904           10.4            3.8
     2454683.97            9.4            3.8
    2454711.893           -1.2            4.1
    2454713.873            7.8            4.2
    2454715.882           11.4            4.6
    2454716.875           -4.0            4.1
    2454753.885           -4.6            3.6
     2454755.85           -1.8            3.8
    2454777.733            2.1            4.1
    2454806.796            9.0            5.5
     2454808.77           15.4            4.3
    2454809.763           -1.3            6.1
    2455026.973           -2.6            5.7
    2455063.965           -3.8            5.0
    2455099.996           -4.2            4.9
    2455116.856            4.8            6.8
    2455154.739           12.0            7.6
    2455174.788           14.2            5.8
    2455364.972           15.8            5.0
    2455419.012           10.8            4.7
    2455446.847           -8.4            3.6
    2455446.856           -8.8            3.1
    2455463.833           -3.2            5.2
    2455466.842            4.5            4.8
    2455569.653            8.6            4.1
    2455571.713            2.0            4.6
    2455572.671           12.2            4.8
    2455621.621            8.0            4.6
    2455757.974           13.9            5.0
    2455803.919           10.9            4.3
    2455806.936            9.7            4.3
    2455828.781           13.5            4.2
    2455831.849            0.1            5.1
    2455861.842           -2.0            4.2
    2455864.796            8.1            4.4
    2455892.745            5.7            4.9
