    2451745.994           -8.1            4.3
    2451778.895            9.1            3.7
    2451808.867           13.3            3.6
    2451853.766           15.1            4.1
    2451856.801           -5.1            4.6
    2451898.637           24.1            8.0
    2451932.609          -14.6            3.9
    2452163.861            5.4            4.9
    2452175.851           18.6            4.0
    2452307.598           -3.0            4.5
    2452465.989           -3.9            5.3
    2452483.985           22.2            5.0
    2452494.987           -2.9            5.0
    2452517.936           -4.1            5.2
     2452528.91           12.9            5.2
     2452530.91           -8.1            4.5
    2452541.904           16.9            4.5
    2452543.883           14.0            5.0
    2452559.914           -2.0            6.4
    2452561.795           -6.5            8.4
    2452571.791           11.6            5.0
     2452589.81           -3.6            5.7
    2452603.782           10.1            4.9
    2452605.724           -6.2            4.8
    2452616.772           23.6            5.9
    2452665.604          -10.1            4.2
    2452668.611           18.0            5.3
    2452837.972           -4.0            5.4
    2452861.963           -9.2            4.1
    2452863.985           13.1            5.2
    2452879.918           20.3            4.2
    2452880.947           12.7            5.0
    2452898.911           -8.6            4.7
    2452900.928           12.4            4.8
    2452932.839           17.3            4.3
    2452934.804           -1.2            4.6
    2452963.753            5.7            5.2
    2452965.809           -6.1            5.4
     2453022.63           11.6            5.6
     2453208.01           12.7            3.8
    2453209.978           20.4            3.7
    2453214.961            5.6            4.2
    2453231.961           16.4            4.0
    2453233.909            3.3            3.9
     2453235.96           -7.9            4.2
    2453265.899           -2.7            3.8
    2453268.919           21.3            4.0
     2453269.81           21.5            3.5
    2453286.828           -6.7            3.8
    2453324.713           -9.0            5.5
    2453354.654           -9.1            3.8
    2453400.642            9.9            7.5
    2453550.983           -5.8            4.4
    2453578.964           -5.8            4.6
    2453613.923           17.0            4.2
    2453654.771          -10.6            4.1
    2453701.724           12.7            4.6
    2453740.745           12.2            4.7
    2453911.993            5.7            3.6
    2453917.013          -12.3            3.9
    2453934.974           16.6            3.9
    2453968.925          -13.5            3.2
    2453981.851            9.1            3.8
    2453985.899           10.3            4.0
    2454055.755           10.7            3.9
    2454297.975          -11.1            4.1
    2454300.974           10.9            4.0
    2454314.939            1.8            3.6
    2454318.981            4.6            4.2
    2454344.859            1.0            4.3
    2454348.917           -1.0            4.0
    2454391.887           14.5            5.4
    2454394.775           -8.0            4.2
    2454418.777           -3.4            4.5
    2454420.763           15.0            4.2
    2454440.653          -10.9            3.4
    2454443.651           18.6            3.6
    2454481.638           14.5            3.9
    2454503.651           12.3            4.3
    2454645.984           17.7            4.5
    2454646.968           20.8            4.2
    2454668.009           18.8            3.7
    2454681.904           -3.7            3.8
     2454683.97           13.2            3.8
    2454711.893            5.8            4.1
    2454713.873           17.3            4.2
    2454715.882           -0.7            4.6
    2454716.875           -9.0            4.1
    2454753.885          -13.5            3.6
     2454755.85            0.9            3.8
    2454777.733           -3.8            4.1
    2454806.796           -2.1            5.5
     2454808.77           13.7            4.3
    2454809.763           19.6            6.1
    2455026.973            8.7            5.7
    2455063.965           18.3            5.0
    2455099.996           13.1            4.9
    2455116.856           24.3            6.8
    2455154.739           17.8            7.6
    2455174.788           10.1            5.8
    2455364.972           19.0            5.0
    2455419.012           -3.1            4.7
    2455446.847           18.2            3.6
    2455446.856           17.9            3.1
    2455463.833            1.0            5.2
    2455466.842           -3.0            4.8
    2455569.653           -5.5            4.1
    2455571.713           17.4            4.6
    2455572.671           21.1            4.8
    2455621.621          -13.3            4.6
    2455757.974          -10.5            5.0
    2455803.919           -0.9            4.3
    2455806.936            7.5            4.3
    2455828.781           20.8            4.2
    2455831.849           -7.2            5.1
    2455861.842           -8.6            4.2
    2455864.796           18.0            4.4
    2455892.745           -2.5            4.9
