    2451745.994            8.6            4.3
    2451778.895            9.8            3.7
    2451808.867           -5.2            3.6
    2451853.766            6.1            4.1
    2451856.801            4.4            4.6
    2451898.637           12.8            8.0
    2451932.609            2.4            3.9
    2452163.861            7.3            4.9
    2452175.851            3.3            4.0
    2452307.598            5.8            4.5
    2452465.989           10.3            5.3
    2452483.985            3.3            5.0
    2452494.987           -1.8            5.0
    2452517.936            8.3            5.2
     2452528.91            6.3            5.2
     2452530.91           10.6            4.5
    2452541.904            7.1            4.5
    2452543.883            0.8            5.0
    2452559.914            3.3            6.4
    2452561.795            4.0            8.4
    2452571.791            6.5            5.0
     2452589.81            8.5            5.7
    2452603.782           -3.5            4.9
    2452605.724            1.4            4.8
    2452616.772            5.3            5.9
    2452665.604            6.5            4.2
    2452668.611            1.9            5.3
    2452837.972            1.2            5.4
    2452861.963            4.4            4.1
    2452863.985            7.5            5.2
    2452879.918            0.4            4.2
    2452880.947            4.3            5.0
    2452898.911            4.0            4.7
    2452900.928            5.0            4.8
    2452932.839            7.8            4.3
    2452934.804            5.7            4.6
    2452963.753            1.5            5.2
    2452965.809            8.9            5.4
     2453022.63            5.1            5.6
     2453208.01            7.9            3.8
    2453209.978            9.1            3.7
    2453214.961            3.1            4.2
    2453231.961           -1.8            4.0
    2453233.909            3.6            3.9
     2453235.96            1.7            4.2
    2453265.899            6.4            3.8
    2453268.919            9.0            4.0
     2453269.81            5.1            3.5
    2453286.828            1.6            3.8
    2453324.713           11.0            5.5
    2453354.654           -1.6            3.8
    2453400.642            6.7            7.5
    2453550.983            8.3            4.4
    2453578.964            1.4            4.6
    2453613.923            3.7            4.2
    2453654.771            5.5            4.1
    2453701.724            5.1            4.6
    2453740.745           -1.5            4.7
    2453911.993            6.0            3.6
    2453917.013           -0.5            3.9
    2453934.974            7.3            3.9
    2453968.925            5.3            3.2
    2453981.851           -1.5            3.8
    2453985.899            5.7            4.0
    2454055.755            4.7            3.9
    2454297.975            7.4            4.1
    2454300.974            2.0            4.0
    2454314.939            0.8            3.6
    2454318.981           -0.4            4.2
    2454344.859            7.3            4.3
    2454348.917            2.8            4.0
    2454391.887            1.9            5.4
    2454394.775            7.2            4.2
    2454418.777            4.2            4.5
    2454420.763            9.6            4.2
    2454440.653            1.4            3.4
    2454443.651            0.5            3.6
    2454481.638            2.3            3.9
    2454503.651            3.8            4.3
    2454645.984            5.9            4.5
    2454646.968            6.6            4.2
    2454668.009           -4.7            3.7
    2454681.904            6.5            3.8
     2454683.97            1.5            3.8
    2454711.893            2.4            4.1
    2454713.873            7.3            4.2
    2454715.882            4.8            4.6
    2454716.875            0.5            4.1
    2454753.885            7.7            3.6
     2454755.85           11.2            3.8
    2454777.733           -1.8            4.1
    2454806.796            9.7            5.5
     2454808.77            2.9            4.3
    2454809.763            2.3            6.1
    2455026.973            5.3            5.7
    2455063.965            6.1            5.0
    2455099.996            7.8            4.9
    2455116.856            4.9            6.8
    2455154.739            7.5            7.6
    2455174.788            6.7            5.8
    2455364.972           10.2            5.0
    2455419.012            1.9            4.7
    2455446.847           -1.0            3.6
    2455446.856           -1.5            3.1
    2455463.833           -0.2            5.2
    2455466.842            5.9            4.8
    2455569.653           -0.4            4.1
    2455571.713           -2.1            4.6
    2455572.671            0.3            4.8
    2455621.621           -2.0            4.6
    2455757.974            4.9            5.0
    2455803.919           -1.2            4.3
    2455806.936            1.3            4.3
    2455828.781            6.2            4.2
    2455831.849            8.4            5.1
    2455861.842            2.1            4.2
    2455864.796            0.8            4.4
    2455892.745           10.5            4.9
