    2451745.994           21.3            4.3
    2451778.895          -11.4            3.7
    2451808.867            3.6            3.6
    2451853.766            4.8            4.1
    2451856.801           25.7            4.6
    2451898.637          -14.8            8.0
    2451932.609           29.2            3.9
    2452163.861           11.9            4.9
    2452175.851           -4.7            4.0
    2452307.598          -22.1            4.5
    2452465.989           34.9            5.3
    2452483.985          -11.8            5.0
    2452494.987            0.2            5.0
    2452517.936           36.7            5.2
     2452528.91           24.8            5.2
     2452530.91            2.5            4.5
    2452541.904          -18.6            4.5
    2452543.883           17.4            5.0
    2452559.914           19.8            6.4
    2452561.795          -12.1            8.4
    2452571.791            8.7            5.0
     2452589.81          -10.7            5.7
    2452603.782           -6.9            4.9
    2452605.724           -4.0            4.8
    2452616.772          -14.0            5.9
    2452665.604           22.6            4.2
    2452668.611           10.1            5.3
    2452837.972           -1.3            5.4
    2452861.963           15.5            4.1
    2452863.985            6.5            5.2
    2452879.918            0.3            4.2
    2452880.947           -0.8            5.0
    2452898.911           28.4            4.7
    2452900.928            4.8            4.8
    2452932.839          -28.5            4.3
    2452934.804            2.2            4.6
    2452963.753            9.3            5.2
    2452965.809           14.5            5.4
     2453022.63            1.4            5.6
     2453208.01           44.4            3.8
    2453209.978           15.5            3.7
    2453214.961           -7.0            4.2
    2453231.961            5.3            4.0
    2453233.909           33.6            3.9
     2453235.96           24.0            4.2
    2453265.899           -8.3            3.8
    2453268.919          -10.1            4.0
     2453269.81            0.9            3.5
    2453286.828            5.4            3.8
    2453324.713           -0.0            5.5
    2453354.654            8.4            3.8
    2453400.642           -0.2            7.5
    2453550.983            8.8            4.4
    2453578.964            5.3            4.6
    2453613.923           14.3            4.2
    2453654.771            3.5            4.1
    2453701.724           24.1            4.6
    2453740.745            0.3            4.7
    2453911.993            9.2            3.6
    2453917.013           -1.2            3.9
    2453934.974           14.6            3.9
    2453968.925           -8.9            3.2
    2453981.851           -7.8            3.8
    2453985.899           -7.4            4.0
    2454055.755           10.3            3.9
    2454297.975           17.9            4.1
    2454300.974            5.1            4.0
    2454314.939           23.9            3.6
    2454318.981            7.7            4.2
    2454344.859           17.4            4.3
    2454348.917           -6.0            4.0
    2454391.887           18.3            5.4
    2454394.775          -11.7            4.2
    2454418.777           22.4            4.5
    2454420.763           -0.0            4.2
    2454440.653          -25.5            3.4
    2454443.651           19.8            3.6
    2454481.638           -3.4            3.9
    2454503.651           -9.6            4.3
    2454645.984          -38.0            4.5
    2454646.968          -15.1            4.2
    2454668.009           26.8            3.7
    2454681.904           -9.6            3.8
     2454683.97           -4.9            3.8
    2454711.893          -20.5            4.1
    2454713.873           -4.9            4.2
    2454715.882           29.2            4.6
    2454716.875           31.2            4.1
    2454753.885            9.3            3.6
     2454755.85           12.9            3.8
    2454777.733           -7.7            4.1
    2454806.796          -16.6            5.5
     2454808.77           19.0            4.3
    2454809.763           41.2            6.1
    2455026.973          -22.6            5.7
    2455063.965          -18.5            5.0
    2455099.996           21.0            4.9
    2455116.856           18.6            6.8
    2455154.739            6.1            7.6
    2455174.788           21.2            5.8
    2455364.972           -6.3            5.0
    2455419.012          -18.6            4.7
    2455446.847            4.4            3.6
    2455446.856            3.6            3.1
    2455463.833           -2.1            5.2
    2455466.842           -1.8            4.8
    2455569.653          -12.2            4.1
    2455571.713           14.3            4.6
    2455572.671           -2.3            4.8
    2455621.621            2.2            4.6
    2455757.974           14.4            5.0
    2455803.919           -9.3            4.3
    2455806.936           11.6            4.3
    2455828.781          -10.2            4.2
    2455831.849           -0.3            5.1
    2455861.842           10.1            4.2
    2455864.796           21.3            4.4
    2455892.745            2.5            4.9
