    2451745.994           12.1            4.3
    2451778.895           -2.9            3.7
    2451808.867            2.7            3.6
    2451853.766           -6.9            4.1
    2451856.801           15.2            4.6
    2451898.637           -0.0            8.0
    2451932.609            3.3            3.9
    2452163.861            9.8            4.9
    2452175.851            7.4            4.0
    2452307.598            6.9            4.5
    2452465.989            6.0            5.3
    2452483.985          -11.3            5.0
    2452494.987           14.9            5.0
    2452517.936           12.9            5.2
     2452528.91           -6.6            5.2
     2452530.91            8.1            4.5
    2452541.904            8.5            4.5
    2452543.883            0.8            5.0
    2452559.914           16.9            6.4
    2452561.795           22.3            8.4
    2452571.791            5.5            5.0
     2452589.81            3.8            5.7
    2452603.782           -9.9            4.9
    2452605.724           11.6            4.8
    2452616.772           -3.2            5.9
    2452665.604            8.5            4.2
    2452668.611           13.1            5.3
    2452837.972            6.6            5.4
    2452861.963            1.2            4.1
    2452863.985           -6.4            5.2
    2452879.918           -4.7            4.2
    2452880.947            3.0            5.0
    2452898.911           21.7            4.7
    2452900.928           11.1            4.8
    2452932.839           -1.8            4.3
    2452934.804           11.3            4.6
    2452963.753            0.4            5.2
    2452965.809            7.7            5.4
     2453022.63           -2.5            5.6
     2453208.01           10.9            3.8
    2453209.978           -9.3            3.7
    2453214.961            8.7            4.2
    2453231.961           -3.8            4.0
    2453233.909            3.0            3.9
     2453235.96           12.6            4.2
    2453265.899            9.6            3.8
    2453268.919           -4.6            4.0
     2453269.81           -1.0            3.5
    2453286.828            1.5            3.8
    2453324.713            8.3            5.5
    2453354.654            0.9            3.8
    2453400.642           13.2            7.5
    2453550.983            1.5            4.4
    2453578.964            7.9            4.6
    2453613.923          -12.1            4.2
    2453654.771            9.8            4.1
    2453701.724            5.0            4.6
    2453740.745           -9.4            4.7
    2453911.993            6.9            3.6
    2453917.013            5.8            3.9
    2453934.974           -0.6            3.9
    2453968.925            7.0            3.2
    2453981.851            5.0            3.8
    2453985.899           12.2            4.0
    2454055.755           -3.4            3.9
    2454297.975           21.4            4.1
    2454300.974           -1.7            4.0
    2454314.939            2.2            3.6
    2454318.981            2.8            4.2
    2454344.859           17.0            4.3
    2454348.917           -8.9            4.0
    2454391.887           -6.1            5.4
    2454394.775           11.0            4.2
    2454418.777            2.3            4.5
    2454420.763           -8.7            4.2
    2454440.653           16.8            3.4
    2454443.651          -13.3            3.6
    2454481.638          -10.1            3.9
    2454503.651           -3.5            4.3
    2454645.984            8.8            4.5
    2454646.968           -7.2            4.2
    2454668.009           -2.6            3.7
    2454681.904           11.5            3.8
     2454683.97           -3.1            3.8
    2454711.893            9.0            4.1
    2454713.873            1.7            4.2
    2454715.882            8.3            4.6
    2454716.875            4.5            4.1
    2454753.885           13.9            3.6
     2454755.85           10.0            3.8
    2454777.733           12.4            4.1
    2454806.796           15.8            5.5
     2454808.77            7.9            4.3
    2454809.763           -7.7            6.1
    2455026.973            8.0            5.7
    2455063.965            6.1            5.0
    2455099.996            8.0            4.9
    2455116.856            1.0            6.8
    2455154.739            6.2            7.6
    2455174.788           10.0            5.8
    2455364.972            5.9            5.0
    2455419.012            2.9            4.7
    2455446.847           -4.0            3.6
    2455446.856           -5.0            3.1
    2455463.833            4.0            5.2
    2455466.842            9.8            4.8
    2455569.653            4.3            4.1
    2455571.713           -5.3            4.6
    2455572.671            2.2            4.8
    2455621.621           15.9            4.6
    2455757.974           19.4            5.0
    2455803.919            7.3            4.3
    2455806.936           -5.9            4.3
    2455828.781          -10.6            4.2
    2455831.849           12.6            5.1
    2455861.842           14.4            4.2
    2455864.796           -5.4            4.4
    2455892.745           18.5            4.9
