    2451745.994            6.2            4.3
    2451778.895          -15.9            3.7
    2451808.867            9.5            3.6
    2451853.766            2.0            4.1
    2451856.801            3.5            4.6
    2451898.637            9.3            8.0
    2451932.609            7.4            3.9
    2452163.861           -7.6            4.9
    2452175.851           12.3            4.0
    2452307.598           12.2            4.5
    2452465.989            0.7            5.3
    2452483.985            9.3            5.0
    2452494.987          -10.3            5.0
    2452517.936           -3.7            5.2
     2452528.91           -2.0            5.2
     2452530.91           17.4            4.5
    2452541.904            5.5            4.5
    2452543.883           -8.1            5.0
    2452559.914            9.7            6.4
    2452561.795           13.4            8.4
    2452571.791            0.1            5.0
     2452589.81           13.1            5.7
    2452603.782            1.9            4.9
    2452605.724            4.9            4.8
    2452616.772            0.7            5.9
    2452665.604            1.9            4.2
    2452668.611            4.5            5.3
    2452837.972           -6.7            5.4
    2452861.963           17.5            4.1
    2452863.985           12.1            5.2
    2452879.918           -6.0            4.2
    2452880.947           -8.3            5.0
    2452898.911           -0.6            4.7
    2452900.928          -10.1            4.8
    2452932.839           -1.7            4.3
    2452934.804           -6.0            4.6
    2452963.753            7.1            5.2
    2452965.809           18.3            5.4
     2453022.63           17.1            5.6
     2453208.01           17.4            3.8
    2453209.978            1.8            3.7
    2453214.961           11.8            4.2
    2453231.961            4.8            4.0
    2453233.909           11.8            3.9
     2453235.96           -3.3            4.2
    2453265.899           -4.4            3.8
    2453268.919           -5.0            4.0
     2453269.81           -8.9            3.5
    2453286.828            0.7            3.8
    2453324.713            1.6            5.5
    2453354.654            4.1            3.8
    2453400.642           11.5            7.5
    2453550.983           -0.1            4.4
    2453578.964           -2.0            4.6
    2453613.923            7.5            4.2
    2453654.771            5.0            4.1
    2453701.724            6.0            4.6
    2453740.745           18.1            4.7
    2453911.993            6.9            3.6
    2453917.013           -2.2            3.9
    2453934.974          -11.9            3.9
    2453968.925           -0.7            3.2
    2453981.851            4.5            3.8
    2453985.899          -13.5            4.0
    2454055.755           14.0            3.9
    2454297.975           -3.1            4.1
    2454300.974            0.4            4.0
    2454314.939            5.1            3.6
    2454318.981            3.0            4.2
    2454344.859          -13.6            4.3
    2454348.917           -6.4            4.0
    2454391.887           -9.9            5.4
    2454394.775           -3.7            4.2
    2454418.777           -3.0            4.5
    2454420.763           -2.9            4.2
    2454440.653           -5.6            3.4
    2454443.651           -3.8            3.6
    2454481.638            7.5            3.9
    2454503.651            3.1            4.3
    2454645.984            1.7            4.5
    2454646.968           13.1            4.2
    2454668.009            4.3            3.7
    2454681.904           -1.8            3.8
     2454683.97           -5.0            3.8
    2454711.893            1.5            4.1
    2454713.873           -0.3            4.2
    2454715.882           -0.4            4.6
    2454716.875            8.9            4.1
    2454753.885           -8.2            3.6
     2454755.85           -2.0            3.8
    2454777.733           -3.1            4.1
    2454806.796            2.6            5.5
     2454808.77            0.9            4.3
    2454809.763            9.1            6.1
    2455026.973           17.1            5.7
    2455063.965            5.2            5.0
    2455099.996            9.3            4.9
    2455116.856            4.0            6.8
    2455154.739           20.3            7.6
    2455174.788           23.9            5.8
    2455364.972            7.8            5.0
    2455419.012            3.8            4.7
    2455446.847            2.4            3.6
    2455446.856            1.6            3.1
    2455463.833            5.8            5.2
    2455466.842           22.7            4.8
    2455569.653            5.4            4.1
    2455571.713          -17.5            4.6
    2455572.671          -11.7            4.8
    2455621.621           -2.5            4.6
    2455757.974           -5.2            5.0
    2455803.919            1.5            4.3
    2455806.936           -9.5            4.3
    2455828.781           12.6            4.2
    2455831.849           -0.7            5.1
    2455861.842           -3.7            4.2
    2455864.796           -5.0            4.4
    2455892.745            3.1            4.9
