    2451745.994           -9.7            4.3
    2451778.895           -3.1            3.7
    2451808.867            0.4            3.6
    2451853.766          -13.1            4.1
    2451856.801           -0.5            4.6
    2451898.637            3.3            8.0
    2451932.609            8.6            3.9
    2452163.861            7.3            4.9
    2452175.851            8.0            4.0
    2452307.598            2.2            4.5
    2452465.989           17.7            5.3
    2452483.985            3.3            5.0
    2452494.987           11.5            5.0
    2452517.936           -2.1            5.2
     2452528.91            5.7            5.2
     2452530.91          -19.1            4.5
    2452541.904           11.4            4.5
    2452543.883          -11.7            5.0
    2452559.914            4.7            6.4
    2452561.795           11.4            8.4
    2452571.791           21.4            5.0
     2452589.81          -10.6            5.7
    2452603.782            6.1            4.9
    2452605.724          -17.4            4.8
    2452616.772           19.1            5.9
    2452665.604           -3.0            4.2
    2452668.611           -0.2            5.3
    2452837.972           24.9            5.4
    2452861.963            7.8            4.1
    2452863.985            4.6            5.2
    2452879.918           15.8            4.2
    2452880.947            0.8            5.0
    2452898.911            2.4            4.7
    2452900.928          -16.6            4.8
    2452932.839           15.9            4.3
    2452934.804            0.1            4.6
    2452963.753          -14.1            5.2
    2452965.809            2.4            5.4
     2453022.63          -13.2            5.6
     2453208.01           18.0            3.8
    2453209.978          -10.2            3.7
    2453214.961           -9.3            4.2
    2453231.961            5.1            4.0
    2453233.909            5.5            3.9
     2453235.96           22.9            4.2
    2453265.899           19.9            3.8
    2453268.919          -11.8            4.0
     2453269.81          -10.3            3.5
    2453286.828            4.6            3.8
    2453324.713           11.4            5.5
    2453354.654           11.1            3.8
    2453400.642            3.3            7.5
    2453550.983           -6.1            4.4
    2453578.964            4.5            4.6
    2453613.923            3.9            4.2
    2453654.771           -2.7            4.1
    2453701.724           -7.7            4.6
    2453740.745           17.5            4.7
    2453911.993           -9.8            3.6
    2453917.013            7.3            3.9
    2453934.974            7.8            3.9
    2453968.925           -4.8            3.2
    2453981.851           10.2            3.8
    2453985.899           16.9            4.0
    2454055.755           -5.5            3.9
    2454297.975           11.3            4.1
    2454300.974           18.7            4.0
    2454314.939           17.6            3.6
    2454318.981           16.9            4.2
    2454344.859           17.4            4.3
    2454348.917            2.0            4.0
    2454391.887            9.4            5.4
    2454394.775           -0.2            4.2
    2454418.777           13.8            4.5
    2454420.763            8.8            4.2
    2454440.653          -15.5            3.4
    2454443.651           -9.2            3.6
    2454481.638            0.9            3.9
    2454503.651          -13.5            4.3
    2454645.984            3.5            4.5
    2454646.968           11.0            4.2
    2454668.009           21.0            3.7
    2454681.904           -8.5            3.8
     2454683.97           17.8            3.8
    2454711.893          -10.3            4.1
    2454713.873           18.1            4.2
    2454715.882            8.1            4.6
    2454716.875           15.1            4.1
    2454753.885          -11.8            3.6
     2454755.85           -9.5            3.8
    2454777.733           -2.6            4.1
    2454806.796           -6.4            5.5
     2454808.77            7.0            4.3
    2454809.763            3.6            6.1
    2455026.973           11.8            5.7
    2455063.965           -3.5            5.0
    2455099.996           24.8            4.9
    2455116.856           16.0            6.8
    2455154.739            7.6            7.6
    2455174.788            2.2            5.8
    2455364.972            3.9            5.0
    2455419.012          -10.6            4.7
    2455446.847           -7.0            3.6
    2455446.856           -7.7            3.1
    2455463.833           -0.1            5.2
    2455466.842            9.0            4.8
    2455569.653           12.8            4.1
    2455571.713            8.5            4.6
    2455572.671            1.8            4.8
    2455621.621            4.4            4.6
    2455757.974           10.0            5.0
    2455803.919           -4.2            4.3
    2455806.936           -6.5            4.3
    2455828.781           18.4            4.2
    2455831.849            7.3            5.1
    2455861.842            5.6            4.2
    2455864.796          -11.2            4.4
    2455892.745           -9.5            4.9
