    2451745.994            4.8            4.3
    2451778.895            1.0            3.7
    2451808.867            2.1            3.6
    2451853.766            3.5            4.1
    2451856.801            8.6            4.6
    2451898.637            9.4            8.0
    2451932.609            2.1            3.9
    2452163.861            3.2            4.9
    2452175.851            7.2            4.0
    2452307.598            2.6            4.5
    2452465.989            9.1            5.3
    2452483.985            4.6            5.0
    2452494.987            7.4            5.0
    2452517.936            8.9            5.2
     2452528.91            8.8            5.2
     2452530.91            4.3            4.5
    2452541.904            1.1            4.5
    2452543.883            0.7            5.0
    2452559.914           10.2            6.4
    2452561.795            8.6            8.4
    2452571.791            3.3            5.0
     2452589.81           10.4            5.7
    2452603.782            1.3            4.9
    2452605.724            0.1            4.8
    2452616.772            5.0            5.9
    2452665.604            0.8            4.2
    2452668.611            1.5            5.3
    2452837.972            9.2            5.4
    2452861.963            0.2            4.1
    2452863.985            1.6            5.2
    2452879.918            7.3            4.2
    2452880.947            6.1            5.0
    2452898.911            7.7            4.7
    2452900.928            7.0            4.8
    2452932.839            4.7            4.3
    2452934.804            2.9            4.6
    2452963.753            5.3            5.2
    2452965.809            3.5            5.4
     2453022.63            7.3            5.6
     2453208.01            5.1            3.8
    2453209.978            3.7            3.7
    2453214.961            1.1            4.2
    2453231.961            4.2            4.0
    2453233.909            0.9            3.9
     2453235.96            2.0            4.2
    2453265.899            1.0            3.8
    2453268.919            5.0            4.0
     2453269.81            5.1            3.5
    2453286.828            2.8            3.8
    2453324.713            6.6            5.5
    2453354.654            6.9            3.8
    2453400.642            3.7            7.5
    2453550.983            5.7            4.4
    2453578.964            9.1            4.6
    2453613.923            3.8            4.2
    2453654.771            1.7            4.1
    2453701.724            7.8            4.6
    2453740.745            3.8            4.7
    2453911.993            2.0            3.6
    2453917.013            2.4            3.9
    2453934.974            1.3            3.9
    2453968.925            3.0            3.2
    2453981.851            6.1            3.8
    2453985.899            2.2            4.0
    2454055.755            7.0            3.9
    2454297.975            1.2            4.1
    2454300.974            6.3            4.0
    2454314.939            3.6            3.6
    2454318.981            3.5            4.2
    2454344.859            6.5            4.3
    2454348.917            2.4            4.0
    2454391.887            4.3            5.4
    2454394.775            5.7            4.2
    2454418.777            0.8            4.5
    2454420.763           -0.1            4.2
    2454440.653            2.0            3.4
    2454443.651            5.6            3.6
    2454481.638           -0.2            3.9
    2454503.651            3.9            4.3
    2454645.984           -0.1            4.5
    2454646.968           -0.6            4.2
    2454668.009            1.6            3.7
    2454681.904            5.1            3.8
     2454683.97            5.4            3.8
    2454711.893            3.7            4.1
    2454713.873            6.0            4.2
    2454715.882            4.7            4.6
    2454716.875            2.7            4.1
    2454753.885            7.3            3.6
     2454755.85            8.1            3.8
    2454777.733            3.6            4.1
    2454806.796            6.7            5.5
     2454808.77            3.4            4.3
    2454809.763            3.7            6.1
    2455026.973            1.8            5.7
    2455063.965            6.5            5.0
    2455099.996            1.7            4.9
    2455116.856            9.2            6.8
    2455154.739            6.4            7.6
    2455174.788            6.9            5.8
    2455364.972            8.3            5.0
    2455419.012            1.9            4.7
    2455446.847            4.5            3.6
    2455446.856            4.0            3.1
    2455463.833            6.5            5.2
    2455466.842            8.0            4.8
    2455569.653            5.4            4.1
    2455571.713            3.4            4.6
    2455572.671            1.9            4.8
    2455621.621            9.1            4.6
    2455757.974            3.3            5.0
    2455803.919            4.5            4.3
    2455806.936            8.6            4.3
    2455828.781            4.3            4.2
    2455831.849            1.2            5.1
    2455861.842            0.8            4.2
    2455864.796            1.9            4.4
    2455892.745            1.4            4.9
