    2451745.994           18.4            4.3
    2451778.895           -7.6            3.7
    2451808.867            7.1            3.6
    2451853.766            5.2            4.1
    2451856.801            1.1            4.6
    2451898.637           -4.4            8.0
    2451932.609            9.8            3.9
    2452163.861           -3.7            4.9
    2452175.851           12.8            4.0
    2452307.598            2.9            4.5
    2452465.989           19.8            5.3
    2452483.985           -3.3            5.0
    2452494.987           18.0            5.0
    2452517.936           -5.7            5.2
     2452528.91           15.9            5.2
     2452530.91          -10.6            4.5
    2452541.904           15.1            4.5
    2452543.883            5.4            5.0
    2452559.914            2.5            6.4
    2452561.795            5.8            8.4
    2452571.791           -8.8            5.0
     2452589.81            7.9            5.7
    2452603.782            0.3            4.9
    2452605.724           13.3            4.8
    2452616.772           -3.6            5.9
    2452665.604            4.5            4.2
    2452668.611            8.9            5.3
    2452837.972           10.8            5.4
    2452861.963           -7.1            4.1
    2452863.985           11.4            5.2
    2452879.918           11.9            4.2
    2452880.947           -2.2            5.0
    2452898.911           19.7            4.7
    2452900.928           -3.4            4.8
    2452932.839            5.0            4.3
    2452934.804            6.7            4.6
    2452963.753            2.9            5.2
    2452965.809           21.3            5.4
     2453022.63           13.9            5.6
     2453208.01           17.2            3.8
    2453209.978            2.5            3.7
    2453214.961            9.0            4.2
    2453231.961          -12.8            4.0
    2453233.909            5.1            3.9
     2453235.96           -3.2            4.2
    2453265.899           12.0            3.8
    2453268.919           15.2            4.0
     2453269.81           -3.2            3.5
    2453286.828           10.1            3.8
    2453324.713           12.2            5.5
    2453354.654           16.4            3.8
    2453400.642            8.5            7.5
    2453550.983            6.7            4.4
    2453578.964           16.5            4.6
    2453613.923            3.6            4.2
    2453654.771            4.2            4.1
    2453701.724            6.8            4.6
    2453740.745           -6.6            4.7
    2453911.993           -5.3            3.6
    2453917.013            4.1            3.9
    2453934.974            5.6            3.9
    2453968.925            2.4            3.2
    2453981.851           -4.6            3.8
    2453985.899           18.0            4.0
    2454055.755           19.4            3.9
    2454297.975            4.8            4.1
    2454300.974            2.3            4.0
    2454314.939            8.1            3.6
    2454318.981           -3.8            4.2
    2454344.859           -6.1            4.3
    2454348.917           14.9            4.0
    2454391.887           -4.3            5.4
    2454394.775           -2.0            4.2
    2454418.777           15.4            4.5
    2454420.763           -8.4            4.2
    2454440.653           10.9            3.4
    2454443.651            8.3            3.6
    2454481.638            0.6            3.9
    2454503.651           12.5            4.3
    2454645.984            2.9            4.5
    2454646.968            2.5            4.2
    2454668.009           10.4            3.7
    2454681.904           11.4            3.8
     2454683.97           12.6            3.8
    2454711.893            2.0            4.1
    2454713.873           -3.9            4.2
    2454715.882           15.0            4.6
    2454716.875            4.8            4.1
    2454753.885            8.5            3.6
     2454755.85           -9.2            3.8
    2454777.733           -1.2            4.1
    2454806.796            4.9            5.5
     2454808.77           -2.1            4.3
    2454809.763            0.8            6.1
    2455026.973           -5.6            5.7
    2455063.965            8.3            5.0
    2455099.996           -4.5            4.9
    2455116.856            9.9            6.8
    2455154.739           13.5            7.6
    2455174.788            7.6            5.8
    2455364.972            4.6            5.0
    2455419.012           -7.5            4.7
    2455446.847            0.2            3.6
    2455446.856           -0.5            3.1
    2455463.833            1.6            5.2
    2455466.842           -6.8            4.8
    2455569.653            8.7            4.1
    2455571.713            2.0            4.6
    2455572.671            6.9            4.8
    2455621.621           -9.3            4.6
    2455757.974            1.1            5.0
    2455803.919            8.6            4.3
    2455806.936            1.1            4.3
    2455828.781            4.9            4.2
    2455831.849           16.7            5.1
    2455861.842           -3.8            4.2
    2455864.796          -10.9            4.4
    2455892.745          -10.0            4.9
