    2451745.994            4.4            4.3
    2451778.895            5.2            3.7
    2451808.867           -2.9            3.6
    2451853.766            0.6            4.1
    2451856.801            7.0            4.6
    2451898.637           15.2            8.0
    2451932.609            1.5            3.9
    2452163.861            8.9            4.9
    2452175.851            8.3            4.0
    2452307.598            0.2            4.5
    2452465.989            8.7            5.3
    2452483.985            2.9            5.0
    2452494.987            4.7            5.0
    2452517.936            8.5            5.2
     2452528.91           -2.6            5.2
     2452530.91            1.3            4.5
    2452541.904            1.7            4.5
    2452543.883            5.4            5.0
    2452559.914            9.8            6.4
    2452561.795           10.6            8.4
    2452571.791            4.8            5.0
     2452589.81           12.8            5.7
    2452603.782            8.7            4.9
    2452605.724            6.8            4.8
    2452616.772           12.3            5.9
    2452665.604           -1.4            4.2
    2452668.611            4.7            5.3
    2452837.972           11.8            5.4
    2452861.963            2.5            4.1
    2452863.985            8.3            5.2
    2452879.918            7.6            4.2
    2452880.947            6.7            5.0
    2452898.911           -0.6            4.7
    2452900.928            2.2            4.8
    2452932.839            7.2            4.3
    2452934.804            8.5            4.6
    2452963.753            4.3            5.2
    2452965.809           -0.7            5.4
     2453022.63            2.2            5.6
     2453208.01            5.9            3.8
    2453209.978            6.9            3.7
    2453214.961            0.6            4.2
    2453231.961            0.3            4.0
    2453233.909            1.5            3.9
     2453235.96            7.1            4.2
    2453265.899            9.0            3.8
    2453268.919            1.2            4.0
     2453269.81            2.7            3.5
    2453286.828           -3.5            3.8
    2453324.713            3.3            5.5
    2453354.654           -2.7            3.8
    2453400.642           10.6            7.5
    2453550.983            3.1            4.4
    2453578.964            3.9            4.6
    2453613.923            2.8            4.2
    2453654.771            3.6            4.1
    2453701.724            2.6            4.6
    2453740.745            3.0            4.7
    2453911.993            9.4            3.6
    2453917.013            7.1            3.9
    2453934.974           -2.2            3.9
    2453968.925            6.2            3.2
    2453981.851           11.2            3.8
    2453985.899            5.9            4.0
    2454055.755            1.4            3.9
    2454297.975            6.1            4.1
    2454300.974            9.4            4.0
    2454314.939            9.4            3.6
    2454318.981           -0.2            4.2
    2454344.859            8.2            4.3
    2454348.917            4.0            4.0
    2454391.887            6.2            5.4
    2454394.775            6.3            4.2
    2454418.777            5.6            4.5
    2454420.763            7.7            4.2
    2454440.653            1.2            3.4
    2454443.651           -3.2            3.6
    2454481.638            3.5            3.9
    2454503.651            7.4            4.3
    2454645.984            7.2            4.5
    2454646.968            5.5            4.2
    2454668.009            6.1            3.7
    2454681.904           -0.8            3.8
     2454683.97            5.0            3.8
    2454711.893            7.1            4.1
    2454713.873            8.3            4.2
    2454715.882            5.8            4.6
    2454716.875            3.1            4.1
    2454753.885            8.2            3.6
     2454755.85            4.7            3.8
    2454777.733            4.7            4.1
    2454806.796           10.9            5.5
     2454808.77            9.3            4.3
    2454809.763           11.0            6.1
    2455026.973            5.8            5.7
    2455063.965            2.2            5.0
    2455099.996            8.1            4.9
    2455116.856            2.2            6.8
    2455154.739           10.5            7.6
    2455174.788            5.6            5.8
    2455364.972            7.2            5.0
    2455419.012            5.9            4.7
    2455446.847            3.0            3.6
    2455446.856            2.2            3.1
    2455463.833            0.2            5.2
    2455466.842            0.7            4.8
    2455569.653            7.2            4.1
    2455571.713            2.2            4.6
    2455572.671            2.1            4.8
    2455621.621            6.6            4.6
    2455757.974            4.6            5.0
    2455803.919            6.8            4.3
    2455806.936            1.2            4.3
    2455828.781            6.5            4.2
    2455831.849            4.1            5.1
    2455861.842           -1.0            4.2
    2455864.796           -2.6            4.4
    2455892.745            4.1            4.9
