    2451745.994            8.8            4.3
    2451778.895            0.2            3.7
    2451808.867            2.7            3.6
    2451853.766            9.9            4.1
    2451856.801           10.7            4.6
    2451898.637            5.3            8.0
    2451932.609           13.7            3.9
    2452163.861           -4.8            4.9
    2452175.851           -2.1            4.0
    2452307.598            8.8            4.5
    2452465.989           13.0            5.3
    2452483.985            7.9            5.0
    2452494.987           -7.3            5.0
    2452517.936            1.9            5.2
     2452528.91           14.6            5.2
     2452530.91           15.4            4.5
    2452541.904            2.5            4.5
    2452543.883            7.9            5.0
    2452559.914            5.1            6.4
    2452561.795           14.9            8.4
    2452571.791            6.3            5.0
     2452589.81            2.3            5.7
    2452603.782           -4.5            4.9
    2452605.724            7.2            4.8
    2452616.772           -3.0            5.9
    2452665.604            3.7            4.2
    2452668.611           -0.4            5.3
    2452837.972            0.1            5.4
    2452861.963           13.8            4.1
    2452863.985            8.3            5.2
    2452879.918            2.1            4.2
    2452880.947           10.2            5.0
    2452898.911            5.4            4.7
    2452900.928            1.6            4.8
    2452932.839            7.9            4.3
    2452934.804            3.9            4.6
    2452963.753            8.1            5.2
    2452965.809            3.7            5.4
     2453022.63           -6.7            5.6
     2453208.01            3.2            3.8
    2453209.978            9.3            3.7
    2453214.961           -5.6            4.2
    2453231.961           -6.8            4.0
    2453233.909           -9.5            3.9
     2453235.96            0.1            4.2
    2453265.899           10.3            3.8
    2453268.919            4.7            4.0
     2453269.81            7.6            3.5
    2453286.828           17.9            3.8
    2453324.713            6.8            5.5
    2453354.654            3.5            3.8
    2453400.642            8.9            7.5
    2453550.983           -3.0            4.4
    2453578.964           12.7            4.6
    2453613.923           -4.5            4.2
    2453654.771            6.9            4.1
    2453701.724            0.6            4.6
    2453740.745           -4.5            4.7
    2453911.993            5.8            3.6
    2453917.013           11.9            3.9
    2453934.974           10.6            3.9
    2453968.925           -4.1            3.2
    2453981.851           11.6            3.8
    2453985.899           10.0            4.0
    2454055.755           -2.4            3.9
    2454297.975           12.6            4.1
    2454300.974            5.9            4.0
    2454314.939            5.8            3.6
    2454318.981            9.4            4.2
    2454344.859           -2.4            4.3
    2454348.917            2.2            4.0
    2454391.887            5.1            5.4
    2454394.775            1.6            4.2
    2454418.777           14.1            4.5
    2454420.763           11.1            4.2
    2454440.653           -2.4            3.4
    2454443.651           15.7            3.6
    2454481.638            6.1            3.9
    2454503.651            9.5            4.3
    2454645.984            0.0            4.5
    2454646.968            5.3            4.2
    2454668.009            1.5            3.7
    2454681.904            2.4            3.8
     2454683.97           -1.6            3.8
    2454711.893            3.9            4.1
    2454713.873           -1.2            4.2
    2454715.882            1.2            4.6
    2454716.875           15.1            4.1
    2454753.885            4.7            3.6
     2454755.85           14.9            3.8
    2454777.733           -1.4            4.1
    2454806.796            5.3            5.5
     2454808.77           -3.2            4.3
    2454809.763            0.8            6.1
    2455026.973            3.1            5.7
    2455063.965           -7.6            5.0
    2455099.996           17.6            4.9
    2455116.856           12.3            6.8
    2455154.739           -0.8            7.6
    2455174.788            7.4            5.8
    2455364.972            8.8            5.0
    2455419.012            2.8            4.7
    2455446.847           -6.5            3.6
    2455446.856           -6.9            3.1
    2455463.833            4.6            5.2
    2455466.842           -0.0            4.8
    2455569.653            9.2            4.1
    2455571.713            7.1            4.6
    2455572.671           -5.1            4.8
    2455621.621           17.1            4.6
    2455757.974            0.7            5.0
    2455803.919            1.2            4.3
    2455806.936            1.9            4.3
    2455828.781            6.5            4.2
    2455831.849           12.9            5.1
    2455861.842            5.7            4.2
    2455864.796           -7.7            4.4
    2455892.745            8.8            4.9
