    2451745.994            5.9            4.3
    2451778.895           11.8            3.7
    2451808.867            3.7            3.6
    2451853.766            5.5            4.1
    2451856.801            3.3            4.6
    2451898.637            2.7            8.0
    2451932.609           11.1            3.9
    2452163.861            3.0            4.9
    2452175.851           -4.8            4.0
    2452307.598           10.9            4.5
    2452465.989            5.0            5.3
    2452483.985          -10.6            5.0
    2452494.987           -8.2            5.0
    2452517.936            9.3            5.2
     2452528.91           12.9            5.2
     2452530.91            7.3            4.5
    2452541.904           15.3            4.5
    2452543.883            2.5            5.0
    2452559.914           16.5            6.4
    2452561.795           16.9            8.4
    2452571.791           12.1            5.0
     2452589.81            3.4            5.7
    2452603.782            4.2            4.9
    2452605.724           -7.6            4.8
    2452616.772            1.5            5.9
    2452665.604           15.4            4.2
    2452668.611            7.4            5.3
    2452837.972           14.6            5.4
    2452861.963            8.3            4.1
    2452863.985           -2.4            5.2
    2452879.918            5.9            4.2
    2452880.947            6.0            5.0
    2452898.911            5.0            4.7
    2452900.928           -8.5            4.8
    2452932.839            4.6            4.3
    2452934.804           15.1            4.6
    2452963.753            0.3            5.2
    2452965.809            9.8            5.4
     2453022.63            2.0            5.6
     2453208.01            4.4            3.8
    2453209.978            2.6            3.7
    2453214.961           -2.9            4.2
    2453231.961           12.9            4.0
    2453233.909            4.9            3.9
     2453235.96           12.1            4.2
    2453265.899            4.0            3.8
    2453268.919            2.6            4.0
     2453269.81            0.8            3.5
    2453286.828           -0.1            3.8
    2453324.713           -2.3            5.5
    2453354.654           17.0            3.8
    2453400.642           -0.9            7.5
    2453550.983           11.2            4.4
    2453578.964           -1.4            4.6
    2453613.923            6.2            4.2
    2453654.771           14.2            4.1
    2453701.724           -4.3            4.6
    2453740.745           15.9            4.7
    2453911.993            9.3            3.6
    2453917.013            3.7            3.9
    2453934.974            7.3            3.9
    2453968.925           -0.5            3.2
    2453981.851           -0.3            3.8
    2453985.899            4.9            4.0
    2454055.755            9.5            3.9
    2454297.975            2.2            4.1
    2454300.974           11.3            4.0
    2454314.939            2.5            3.6
    2454318.981           16.1            4.2
    2454344.859           12.0            4.3
    2454348.917            5.5            4.0
    2454391.887            4.2            5.4
    2454394.775           -1.3            4.2
    2454418.777           10.6            4.5
    2454420.763            3.6            4.2
    2454440.653            6.0            3.4
    2454443.651            8.1            3.6
    2454481.638           -3.6            3.9
    2454503.651            4.1            4.3
    2454645.984            3.5            4.5
    2454646.968           -4.1            4.2
    2454668.009           -1.7            3.7
    2454681.904            5.3            3.8
     2454683.97           -1.8            3.8
    2454711.893           12.0            4.1
    2454713.873           11.2            4.2
    2454715.882            7.2            4.6
    2454716.875            8.6            4.1
    2454753.885            2.2            3.6
     2454755.85            6.7            3.8
    2454777.733            2.2            4.1
    2454806.796            1.6            5.5
     2454808.77           -3.4            4.3
    2454809.763            5.7            6.1
    2455026.973           16.2            5.7
    2455063.965            3.6            5.0
    2455099.996           21.0            4.9
    2455116.856            7.5            6.8
    2455154.739           13.9            7.6
    2455174.788            2.7            5.8
    2455364.972            2.1            5.0
    2455419.012           15.0            4.7
    2455446.847            2.0            3.6
    2455446.856            1.2            3.1
    2455463.833            4.9            5.2
    2455466.842           -2.5            4.8
    2455569.653            4.5            4.1
    2455571.713            0.8            4.6
    2455572.671            7.3            4.8
    2455621.621           11.0            4.6
    2455757.974            5.0            5.0
    2455803.919            4.6            4.3
    2455806.936           14.2            4.3
    2455828.781            8.8            4.2
    2455831.849           17.9            5.1
    2455861.842           -1.7            4.2
    2455864.796           -5.4            4.4
    2455892.745            7.6            4.9
