    2451745.994           13.6            4.3
    2451778.895           -0.2            3.7
    2451808.867            8.3            3.6
    2451853.766           -4.2            4.1
    2451856.801           -6.6            4.6
    2451898.637            1.0            8.0
    2451932.609           -0.3            3.9
    2452163.861           14.6            4.9
    2452175.851           -5.5            4.0
    2452307.598            9.8            4.5
    2452465.989           -0.7            5.3
    2452483.985           12.7            5.0
    2452494.987            0.8            5.0
    2452517.936           12.2            5.2
     2452528.91           -4.7            5.2
     2452530.91          -10.6            4.5
    2452541.904           18.0            4.5
    2452543.883           16.7            5.0
    2452559.914           13.6            6.4
    2452561.795           20.1            8.4
    2452571.791           -7.1            5.0
     2452589.81           -3.5            5.7
    2452603.782           17.2            4.9
    2452605.724            8.5            4.8
    2452616.772            3.1            5.9
    2452665.604           10.8            4.2
    2452668.611            2.3            5.3
    2452837.972           15.4            5.4
    2452861.963            9.1            4.1
    2452863.985            4.4            5.2
    2452879.918           10.9            4.2
    2452880.947           10.9            5.0
    2452898.911           15.8            4.7
    2452900.928           13.5            4.8
    2452932.839            1.7            4.3
    2452934.804           10.8            4.6
    2452963.753            3.6            5.2
    2452965.809            2.7            5.4
     2453022.63           11.2            5.6
     2453208.01           -4.8            3.8
    2453209.978            2.4            3.7
    2453214.961           16.4            4.2
    2453231.961            6.7            4.0
    2453233.909           13.1            3.9
     2453235.96           15.3            4.2
    2453265.899           -8.3            3.8
    2453268.919           -6.6            4.0
     2453269.81            0.9            3.5
    2453286.828           -7.4            3.8
    2453324.713           -5.9            5.5
    2453354.654           10.2            3.8
    2453400.642           15.6            7.5
    2453550.983           15.1            4.4
    2453578.964           -4.9            4.6
    2453613.923           15.5            4.2
    2453654.771           12.4            4.1
    2453701.724           -7.1            4.6
    2453740.745            3.4            4.7
    2453911.993            9.7            3.6
    2453917.013           -0.6            3.9
    2453934.974            5.4            3.9
    2453968.925           11.9            3.2
    2453981.851           -3.7            3.8
    2453985.899            4.2            4.0
    2454055.755            4.5            3.9
    2454297.975           -7.6            4.1
    2454300.974           -0.4            4.0
    2454314.939           -7.6            3.6
    2454318.981           -7.6            4.2
    2454344.859           12.3            4.3
    2454348.917           16.9            4.0
    2454391.887           17.1            5.4
    2454394.775           -1.7            4.2
    2454418.777           -6.8            4.5
    2454420.763           -6.0            4.2
    2454440.653           -3.6            3.4
    2454443.651            7.6            3.6
    2454481.638           -5.5            3.9
    2454503.651           -4.0            4.3
    2454645.984           10.7            4.5
    2454646.968            8.2            4.2
    2454668.009           10.6            3.7
    2454681.904           12.5            3.8
     2454683.97           12.5            3.8
    2454711.893           -4.2            4.1
    2454713.873           -5.8            4.2
    2454715.882           -5.4            4.6
    2454716.875           -3.3            4.1
    2454753.885           -5.4            3.6
     2454755.85           -6.6            3.8
    2454777.733           -1.9            4.1
    2454806.796           16.4            5.5
     2454808.77           11.1            4.3
    2454809.763           11.1            6.1
    2455026.973            5.9            5.7
    2455063.965           14.6            5.0
    2455099.996           -1.3            4.9
    2455116.856            2.2            6.8
    2455154.739           -1.5            7.6
    2455174.788           -3.6            5.8
    2455364.972           -2.8            5.0
    2455419.012           15.3            4.7
    2455446.847           -6.5            3.6
    2455446.856           -6.6            3.1
    2455463.833            8.5            5.2
    2455466.842           -2.7            4.8
    2455569.653           -8.7            4.1
    2455571.713           -9.1            4.6
    2455572.671           -9.7            4.8
    2455621.621           17.4            4.6
    2455757.974           12.9            5.0
    2455803.919            0.3            4.3
    2455806.936           -3.2            4.3
    2455828.781           -0.5            4.2
    2455831.849            4.0            5.1
    2455861.842            9.0            4.2
    2455864.796           -1.5            4.4
    2455892.745            4.4            4.9
