    2451745.994            9.7            4.3
    2451778.895            3.7            3.7
    2451808.867            3.7            3.6
    2451853.766            6.5            4.1
    2451856.801            3.8            4.6
    2451898.637            8.6            8.0
    2451932.609            2.0            3.9
    2452163.861            5.1            4.9
    2452175.851            3.5            4.0
    2452307.598            7.5            4.5
    2452465.989            2.3            5.3
    2452483.985            5.0            5.0
    2452494.987            2.6            5.0
    2452517.936            8.1            5.2
     2452528.91           -0.3            5.2
     2452530.91            3.9            4.5
    2452541.904            0.1            4.5
    2452543.883            3.1            5.0
    2452559.914            3.6            6.4
    2452561.795            8.2            8.4
    2452571.791            3.7            5.0
     2452589.81            4.7            5.7
    2452603.782            1.5            4.9
    2452605.724            1.5            4.8
    2452616.772            2.8            5.9
    2452665.604            4.9            4.2
    2452668.611            9.9            5.3
    2452837.972            9.3            5.4
    2452861.963            0.6            4.1
    2452863.985            4.1            5.2
    2452879.918            1.2            4.2
    2452880.947            5.7            5.0
    2452898.911            5.0            4.7
    2452900.928            8.1            4.8
    2452932.839            6.9            4.3
    2452934.804            8.1            4.6
    2452963.753            4.3            5.2
    2452965.809            4.4            5.4
     2453022.63           10.4            5.6
     2453208.01            4.1            3.8
    2453209.978           -1.5            3.7
    2453214.961            1.8            4.2
    2453231.961            5.7            4.0
    2453233.909            5.4            3.9
     2453235.96            4.9            4.2
    2453265.899            7.2            3.8
    2453268.919            5.8            4.0
     2453269.81            1.9            3.5
    2453286.828           -0.9            3.8
    2453324.713            6.8            5.5
    2453354.654            5.9            3.8
    2453400.642            8.5            7.5
    2453550.983            3.8            4.4
    2453578.964            4.0            4.6
    2453613.923            4.5            4.2
    2453654.771            0.6            4.1
    2453701.724            3.1            4.6
    2453740.745            4.4            4.7
    2453911.993            3.6            3.6
    2453917.013            5.7            3.9
    2453934.974            8.4            3.9
    2453968.925            3.2            3.2
    2453981.851            2.5            3.8
    2453985.899            1.7            4.0
    2454055.755            2.8            3.9
    2454297.975            2.4            4.1
    2454300.974            3.1            4.0
    2454314.939            3.8            3.6
    2454318.981            1.5            4.2
    2454344.859            7.0            4.3
    2454348.917            3.2            4.0
    2454391.887            6.5            5.4
    2454394.775            3.5            4.2
    2454418.777            6.8            4.5
    2454420.763            9.6            4.2
    2454440.653            6.1            3.4
    2454443.651            2.9            3.6
    2454481.638            5.4            3.9
    2454503.651            0.5            4.3
    2454645.984            2.5            4.5
    2454646.968            5.3            4.2
    2454668.009            2.9            3.7
    2454681.904            6.9            3.8
     2454683.97            7.6            3.8
    2454711.893            6.1            4.1
    2454713.873            5.0            4.2
    2454715.882           -0.2            4.6
    2454716.875            0.1            4.1
    2454753.885            5.8            3.6
     2454755.85            6.8            3.8
    2454777.733            3.2            4.1
    2454806.796            0.9            5.5
     2454808.77            2.2            4.3
    2454809.763            1.9            6.1
    2455026.973           10.0            5.7
    2455063.965            2.1            5.0
    2455099.996            3.4            4.9
    2455116.856            5.1            6.8
    2455154.739            6.9            7.6
    2455174.788            2.0            5.8
    2455364.972           11.4            5.0
    2455419.012            4.2            4.7
    2455446.847            2.8            3.6
    2455446.856            2.2            3.1
    2455463.833            0.5            5.2
    2455466.842            3.7            4.8
    2455569.653           -0.6            4.1
    2455571.713           -0.8            4.6
    2455572.671            1.7            4.8
    2455621.621            7.4            4.6
    2455757.974            6.1            5.0
    2455803.919            4.3            4.3
    2455806.936            5.0            4.3
    2455828.781           -1.4            4.2
    2455831.849            1.3            5.1
    2455861.842            3.0            4.2
    2455864.796            7.2            4.4
    2455892.745            3.9            4.9
