    2451745.994           -2.8            4.3
    2451778.895           19.6            3.7
    2451808.867           -1.1            3.6
    2451853.766           -6.1            4.1
    2451856.801            8.4            4.6
    2451898.637           -0.9            8.0
    2451932.609           -4.8            3.9
    2452163.861            8.9            4.9
    2452175.851           18.6            4.0
    2452307.598           10.5            4.5
    2452465.989           12.2            5.3
    2452483.985           -0.9            5.0
    2452494.987            9.6            5.0
    2452517.936            0.9            5.2
     2452528.91            2.8            5.2
     2452530.91            3.1            4.5
    2452541.904            7.2            4.5
    2452543.883            5.4            5.0
    2452559.914            8.9            6.4
    2452561.795           20.7            8.4
    2452571.791            4.2            5.0
     2452589.81           13.0            5.7
    2452603.782            2.6            4.9
    2452605.724           -3.8            4.8
    2452616.772           10.9            5.9
    2452665.604           -2.4            4.2
    2452668.611           17.9            5.3
    2452837.972           14.3            5.4
    2452861.963           10.1            4.1
    2452863.985           16.1            5.2
    2452879.918            7.6            4.2
    2452880.947           14.4            5.0
    2452898.911          -11.0            4.7
    2452900.928          -10.1            4.8
    2452932.839           16.5            4.3
    2452934.804           -1.1            4.6
    2452963.753           14.5            5.2
    2452965.809            7.1            5.4
     2453022.63           -1.2            5.6
     2453208.01           -3.6            3.8
    2453209.978            4.5            3.7
    2453214.961          -10.3            4.2
    2453231.961            1.3            4.0
    2453233.909           -6.5            3.9
     2453235.96           -0.1            4.2
    2453265.899            5.2            3.8
    2453268.919            4.3            4.0
     2453269.81          -10.6            3.5
    2453286.828           -6.1            3.8
    2453324.713            2.1            5.5
    2453354.654            3.9            3.8
    2453400.642           -7.2            7.5
    2453550.983           -9.8            4.4
    2453578.964           -0.9            4.6
    2453613.923           14.4            4.2
    2453654.771           -1.9            4.1
    2453701.724           15.6            4.6
    2453740.745            5.4            4.7
    2453911.993           -7.9            3.6
    2453917.013          -12.2            3.9
    2453934.974           15.0            3.9
    2453968.925            3.2            3.2
    2453981.851           -1.0            3.8
    2453985.899            0.4            4.0
    2454055.755            9.5            3.9
    2454297.975          -10.6            4.1
    2454300.974           11.1            4.0
    2454314.939           -3.5            3.6
    2454318.981            5.7            4.2
    2454344.859           10.8            4.3
    2454348.917           10.9            4.0
    2454391.887           21.8            5.4
    2454394.775            2.1            4.2
    2454418.777           -3.8            4.5
    2454420.763            6.9            4.2
    2454440.653           -9.1            3.4
    2454443.651            5.0            3.6
    2454481.638            2.4            3.9
    2454503.651           23.2            4.3
    2454645.984           10.5            4.5
    2454646.968           12.8            4.2
    2454668.009           15.0            3.7
    2454681.904           10.6            3.8
     2454683.97            3.8            3.8
    2454711.893           -3.6            4.1
    2454713.873           12.9            4.2
    2454715.882           17.9            4.6
    2454716.875           -4.9            4.1
    2454753.885            9.1            3.6
     2454755.85           13.8            3.8
    2454777.733           11.6            4.1
    2454806.796           -1.6            5.5
     2454808.77           11.1            4.3
    2454809.763            0.8            6.1
    2455026.973            3.4            5.7
    2455063.965           -5.2            5.0
    2455099.996           -2.2            4.9
    2455116.856           -2.7            6.8
    2455154.739            3.6            7.6
    2455174.788           18.2            5.8
    2455364.972           15.6            5.0
    2455419.012           -0.9            4.7
    2455446.847            9.3            3.6
    2455446.856            8.6            3.1
    2455463.833           -0.8            5.2
    2455466.842           -7.2            4.8
    2455569.653            8.3            4.1
    2455571.713           -0.3            4.6
    2455572.671           11.3            4.8
    2455621.621           -0.2            4.6
    2455757.974            6.1            5.0
    2455803.919           -0.2            4.3
    2455806.936           -8.3            4.3
    2455828.781            4.1            4.2
    2455831.849           14.8            5.1
    2455861.842           -6.7            4.2
    2455864.796           20.1            4.4
    2455892.745           -2.0            4.9
