    2451745.994           -8.9            4.3
    2451778.895           -5.9            3.7
    2451808.867           -7.4            3.6
    2451853.766           -5.5            4.1
    2451856.801           18.9            4.6
    2451898.637           -0.7            8.0
    2451932.609           -1.9            3.9
    2452163.861           11.6            4.9
    2452175.851           12.2            4.0
    2452307.598           13.6            4.5
    2452465.989           -1.0            5.3
    2452483.985           12.6            5.0
    2452494.987            3.4            5.0
    2452517.936            0.7            5.2
     2452528.91           16.5            5.2
     2452530.91           -0.5            4.5
    2452541.904           23.6            4.5
    2452543.883           12.8            5.0
    2452559.914            9.8            6.4
    2452561.795           30.3            8.4
    2452571.791           11.7            5.0
     2452589.81            3.5            5.7
    2452603.782            9.4            4.9
    2452605.724            5.7            4.8
    2452616.772           11.9            5.9
    2452665.604            2.8            4.2
    2452668.611           14.5            5.3
    2452837.972           15.4            5.4
    2452861.963            1.6            4.1
    2452863.985           -1.4            5.2
    2452879.918            3.7            4.2
    2452880.947           14.9            5.0
    2452898.911          -10.0            4.7
    2452900.928           14.2            4.8
    2452932.839           24.4            4.3
    2452934.804            8.6            4.6
    2452963.753           -0.4            5.2
    2452965.809           12.6            5.4
     2453022.63           23.8            5.6
     2453208.01            1.4            3.8
    2453209.978           -2.8            3.7
    2453214.961            2.4            4.2
    2453231.961           10.2            4.0
    2453233.909           22.9            3.9
     2453235.96            2.4            4.2
    2453265.899           15.2            3.8
    2453268.919           11.3            4.0
     2453269.81           -6.1            3.5
    2453286.828            4.9            3.8
    2453324.713           -1.1            5.5
    2453354.654            1.3            3.8
    2453400.642           25.2            7.5
    2453550.983            0.6            4.4
    2453578.964           -0.3            4.6
    2453613.923          -11.2            4.2
    2453654.771           19.4            4.1
    2453701.724           15.9            4.6
    2453740.745          -10.2            4.7
    2453911.993           14.2            3.6
    2453917.013            4.1            3.9
    2453934.974          -17.5            3.9
    2453968.925           17.7            3.2
    2453981.851            3.0            3.8
    2453985.899           10.3            4.0
    2454055.755            5.9            3.9
    2454297.975           -1.4            4.1
    2454300.974           -5.5            4.0
    2454314.939           21.4            3.6
    2454318.981           -2.7            4.2
    2454344.859            9.8            4.3
    2454348.917            4.1            4.0
    2454391.887           26.7            5.4
    2454394.775            9.3            4.2
    2454418.777            7.1            4.5
    2454420.763          -13.3            4.2
    2454440.653          -11.1            3.4
    2454443.651            9.7            3.6
    2454481.638           24.9            3.9
    2454503.651            4.5            4.3
    2454645.984           14.3            4.5
    2454646.968           -1.1            4.2
    2454668.009           17.2            3.7
    2454681.904           -7.9            3.8
     2454683.97           -4.3            3.8
    2454711.893            0.7            4.1
    2454713.873           -1.0            4.2
    2454715.882            6.4            4.6
    2454716.875          -11.2            4.1
    2454753.885           -7.4            3.6
     2454755.85           18.6            3.8
    2454777.733           11.2            4.1
    2454806.796           -5.1            5.5
     2454808.77           -3.0            4.3
    2454809.763            6.8            6.1
    2455026.973           22.0            5.7
    2455063.965           18.2            5.0
    2455099.996           -4.2            4.9
    2455116.856           18.0            6.8
    2455154.739            1.7            7.6
    2455174.788           -3.0            5.8
    2455364.972           10.8            5.0
    2455419.012          -13.3            4.7
    2455446.847            2.5            3.6
    2455446.856            2.3            3.1
    2455463.833          -12.4            5.2
    2455466.842            3.7            4.8
    2455569.653           23.8            4.1
    2455571.713            2.8            4.6
    2455572.671           -0.1            4.8
    2455621.621           14.8            4.6
    2455757.974          -11.2            5.0
    2455803.919           11.8            4.3
    2455806.936           12.6            4.3
    2455828.781            5.9            4.2
    2455831.849            8.8            5.1
    2455861.842           -6.2            4.2
    2455864.796           -0.6            4.4
    2455892.745           -4.5            4.9
