    2451745.994            7.3            4.3
    2451778.895            4.2            3.7
    2451808.867           10.0            3.6
    2451853.766           -1.3            4.1
    2451856.801            6.3            4.6
    2451898.637            1.1            8.0
    2451932.609            8.7            3.9
    2452163.861            9.1            4.9
    2452175.851            2.0            4.0
    2452307.598           13.7            4.5
    2452465.989           11.0            5.3
    2452483.985            3.0            5.0
    2452494.987           -2.1            5.0
    2452517.936            6.3            5.2
     2452528.91           10.0            5.2
     2452530.91           -1.3            4.5
    2452541.904           10.6            4.5
    2452543.883           -0.4            5.0
    2452559.914           15.4            6.4
    2452561.795            5.8            8.4
    2452571.791           11.0            5.0
     2452589.81            8.5            5.7
    2452603.782           13.2            4.9
    2452605.724            0.3            4.8
    2452616.772            8.9            5.9
    2452665.604            8.2            4.2
    2452668.611           -0.7            5.3
    2452837.972            2.8            5.4
    2452861.963            8.2            4.1
    2452863.985           -2.2            5.2
    2452879.918            8.7            4.2
    2452880.947            6.2            5.0
    2452898.911           13.5            4.7
    2452900.928            2.1            4.8
    2452932.839           -2.7            4.3
    2452934.804           11.2            4.6
    2452963.753           -1.7            5.2
    2452965.809            8.2            5.4
     2453022.63            7.4            5.6
     2453208.01           -1.5            3.8
    2453209.978           -1.4            3.7
    2453214.961           -5.9            4.2
    2453231.961            6.1            4.0
    2453233.909           -1.1            3.9
     2453235.96           10.2            4.2
    2453265.899           -0.7            3.8
    2453268.919            6.0            4.0
     2453269.81           -3.6            3.5
    2453286.828           12.2            3.8
    2453324.713            3.5            5.5
    2453354.654            7.5            3.8
    2453400.642            0.3            7.5
    2453550.983            7.6            4.4
    2453578.964            1.1            4.6
    2453613.923            2.9            4.2
    2453654.771            8.4            4.1
    2453701.724           -4.3            4.6
    2453740.745            1.7            4.7
    2453911.993            3.0            3.6
    2453917.013           -2.6            3.9
    2453934.974           -2.3            3.9
    2453968.925           10.7            3.2
    2453981.851           12.7            3.8
    2453985.899            1.0            4.0
    2454055.755            9.3            3.9
    2454297.975           -5.0            4.1
    2454300.974            7.1            4.0
    2454314.939            9.6            3.6
    2454318.981            5.8            4.2
    2454344.859            9.0            4.3
    2454348.917           -4.2            4.0
    2454391.887           -4.1            5.4
    2454394.775            9.1            4.2
    2454418.777           13.2            4.5
    2454420.763            7.8            4.2
    2454440.653           -6.3            3.4
    2454443.651            8.3            3.6
    2454481.638            8.7            3.9
    2454503.651           -2.8            4.3
    2454645.984            9.8            4.5
    2454646.968            7.6            4.2
    2454668.009           -1.9            3.7
    2454681.904            2.2            3.8
     2454683.97            7.9            3.8
    2454711.893           -0.1            4.1
    2454713.873           12.6            4.2
    2454715.882            7.7            4.6
    2454716.875            1.0            4.1
    2454753.885            4.1            3.6
     2454755.85            2.0            3.8
    2454777.733            3.3            4.1
    2454806.796           11.1            5.5
     2454808.77           10.9            4.3
    2454809.763            5.3            6.1
    2455026.973            4.8            5.7
    2455063.965            3.5            5.0
    2455099.996            1.0            4.9
    2455116.856            5.7            6.8
    2455154.739            4.1            7.6
    2455174.788           -2.7            5.8
    2455364.972            4.4            5.0
    2455419.012           -2.8            4.7
    2455446.847           12.5            3.6
    2455446.856           11.9            3.1
    2455463.833            0.8            5.2
    2455466.842            6.0            4.8
    2455569.653            1.9            4.1
    2455571.713            8.8            4.6
    2455572.671            3.6            4.8
    2455621.621            7.6            4.6
    2455757.974           -4.5            5.0
    2455803.919            8.3            4.3
    2455806.936           -3.1            4.3
    2455828.781           11.9            4.2
    2455831.849            0.7            5.1
    2455861.842            2.8            4.2
    2455864.796            2.3            4.4
    2455892.745            6.5            4.9
