    2451745.994            3.1            4.3
    2451778.895           11.8            3.7
    2451808.867            6.9            3.6
    2451853.766            1.6            4.1
    2451856.801          -11.1            4.6
    2451898.637           11.3            8.0
    2451932.609           -1.3            3.9
    2452163.861           -5.0            4.9
    2452175.851           -5.1            4.0
    2452307.598            9.2            4.5
    2452465.989           25.2            5.3
    2452483.985           12.7            5.0
    2452494.987            5.6            5.0
    2452517.936           17.2            5.2
     2452528.91           19.0            5.2
     2452530.91            9.7            4.5
    2452541.904           22.1            4.5
    2452543.883          -11.0            5.0
    2452559.914           -7.1            6.4
    2452561.795            6.3            8.4
    2452571.791           -1.9            5.0
     2452589.81           22.2            5.7
    2452603.782          -12.4            4.9
    2452605.724            5.3            4.8
    2452616.772          -12.7            5.9
    2452665.604            1.5            4.2
    2452668.611            8.4            5.3
    2452837.972            6.8            5.4
    2452861.963            1.6            4.1
    2452863.985          -12.5            5.2
    2452879.918          -13.7            4.2
    2452880.947           15.3            5.0
    2452898.911           -8.7            4.7
    2452900.928           -3.8            4.8
    2452932.839           -4.2            4.3
    2452934.804           10.9            4.6
    2452963.753           -7.4            5.2
    2452965.809           21.2            5.4
     2453022.63           11.9            5.6
     2453208.01           -5.4            3.8
    2453209.978           13.8            3.7
    2453214.961           -4.6            4.2
    2453231.961           -4.7            4.0
    2453233.909           27.0            3.9
     2453235.96            4.9            4.2
    2453265.899           17.6            3.8
    2453268.919           -3.1            4.0
     2453269.81            6.6            3.5
    2453286.828           14.9            3.8
    2453324.713          -10.2            5.5
    2453354.654           21.3            3.8
    2453400.642          -16.8            7.5
    2453550.983          -13.0            4.4
    2453578.964           -0.6            4.6
    2453613.923            0.5            4.2
    2453654.771           22.3            4.1
    2453701.724           17.8            4.6
    2453740.745           -5.2            4.7
    2453911.993           -2.8            3.6
    2453917.013           13.6            3.9
    2453934.974           -4.6            3.9
    2453968.925           -6.5            3.2
    2453981.851           10.0            3.8
    2453985.899           26.3            4.0
    2454055.755          -15.7            3.9
    2454297.975           11.4            4.1
    2454300.974           11.8            4.0
    2454314.939            2.5            3.6
    2454318.981          -17.9            4.2
    2454344.859           -4.8            4.3
    2454348.917           16.4            4.0
    2454391.887           -8.0            5.4
    2454394.775           11.8            4.2
    2454418.777            2.2            4.5
    2454420.763          -14.6            4.2
    2454440.653            4.1            3.4
    2454443.651           21.0            3.6
    2454481.638          -11.3            3.9
    2454503.651           11.1            4.3
    2454645.984           27.1            4.5
    2454646.968           -4.4            4.2
    2454668.009           -9.2            3.7
    2454681.904            9.3            3.8
     2454683.97          -12.3            3.8
    2454711.893            1.3            4.1
    2454713.873            9.7            4.2
    2454715.882          -18.1            4.6
    2454716.875            8.4            4.1
    2454753.885           25.7            3.6
     2454755.85          -10.3            3.8
    2454777.733           15.8            4.1
    2454806.796           24.7            5.5
     2454808.77           -2.6            4.3
    2454809.763           10.8            6.1
    2455026.973            2.5            5.7
    2455063.965            0.4            5.0
    2455099.996           -7.1            4.9
    2455116.856           12.6            6.8
    2455154.739            9.6            7.6
    2455174.788           19.3            5.8
    2455364.972            2.4            5.0
    2455419.012           -4.7            4.7
    2455446.847            1.5            3.6
    2455446.856            0.2            3.1
    2455463.833            2.5            5.2
    2455466.842           12.8            4.8
    2455569.653            5.4            4.1
    2455571.713            8.4            4.6
    2455572.671          -14.7            4.8
    2455621.621            1.4            4.6
    2455757.974           13.6            5.0
    2455803.919           -0.1            4.3
    2455806.936           -5.0            4.3
    2455828.781          -14.5            4.2
    2455831.849           -1.4            5.1
    2455861.842           18.2            4.2
    2455864.796          -11.7            4.4
    2455892.745            8.9            4.9
