    2451745.994           -1.8            4.3
    2451778.895            5.7            3.7
    2451808.867            3.4            3.6
    2451853.766           -5.0            4.1
    2451856.801            0.6            4.6
    2451898.637            9.3            8.0
    2451932.609           11.7            3.9
    2452163.861            9.9            4.9
    2452175.851            3.1            4.0
    2452307.598            7.2            4.5
    2452465.989            7.8            5.3
    2452483.985            6.7            5.0
    2452494.987            7.6            5.0
    2452517.936           11.1            5.2
     2452528.91           -3.4            5.2
     2452530.91            0.9            4.5
    2452541.904            1.3            4.5
    2452543.883            9.4            5.0
    2452559.914           -3.0            6.4
    2452561.795            2.7            8.4
    2452571.791            5.0            5.0
     2452589.81            4.1            5.7
    2452603.782            7.7            4.9
    2452605.724            8.8            4.8
    2452616.772            0.4            5.9
    2452665.604           12.2            4.2
    2452668.611            5.4            5.3
    2452837.972           12.9            5.4
    2452861.963            6.3            4.1
    2452863.985            4.9            5.2
    2452879.918            0.3            4.2
    2452880.947            3.1            5.0
    2452898.911            8.1            4.7
    2452900.928           10.7            4.8
    2452932.839           10.6            4.3
    2452934.804            3.0            4.6
    2452963.753           10.2            5.2
    2452965.809            3.8            5.4
     2453022.63            8.9            5.6
     2453208.01           -3.9            3.8
    2453209.978           -2.4            3.7
    2453214.961           -0.1            4.2
    2453231.961            2.1            4.0
    2453233.909           -5.2            3.9
     2453235.96           -1.6            4.2
    2453265.899           -4.5            3.8
    2453268.919            4.1            4.0
     2453269.81            3.9            3.5
    2453286.828            5.2            3.8
    2453324.713           -0.8            5.5
    2453354.654           -3.3            3.8
    2453400.642           10.8            7.5
    2453550.983            3.7            4.4
    2453578.964            4.2            4.6
    2453613.923            2.5            4.2
    2453654.771            0.6            4.1
    2453701.724            6.2            4.6
    2453740.745            8.2            4.7
    2453911.993            2.0            3.6
    2453917.013            4.5            3.9
    2453934.974            0.1            3.9
    2453968.925            2.6            3.2
    2453981.851           10.9            3.8
    2453985.899            5.8            4.0
    2454055.755           -0.3            3.9
    2454297.975            3.9            4.1
    2454300.974            7.4            4.0
    2454314.939           -0.3            3.6
    2454318.981            3.6            4.2
    2454344.859            3.1            4.3
    2454348.917           -2.6            4.0
    2454391.887            6.4            5.4
    2454394.775           13.7            4.2
    2454418.777            9.7            4.5
    2454420.763           14.5            4.2
    2454440.653            2.6            3.4
    2454443.651            0.8            3.6
    2454481.638            3.4            3.9
    2454503.651            5.0            4.3
    2454645.984           -1.8            4.5
    2454646.968           -0.6            4.2
    2454668.009            4.6            3.7
    2454681.904            6.2            3.8
     2454683.97            1.5            3.8
    2454711.893            5.5            4.1
    2454713.873            7.8            4.2
    2454715.882            3.3            4.6
    2454716.875            3.8            4.1
    2454753.885            2.6            3.6
     2454755.85            4.3            3.8
    2454777.733           12.5            4.1
    2454806.796            9.2            5.5
     2454808.77           10.1            4.3
    2454809.763            8.3            6.1
    2455026.973           -3.0            5.7
    2455063.965            6.5            5.0
    2455099.996           13.8            4.9
    2455116.856            2.8            6.8
    2455154.739            7.5            7.6
    2455174.788           -2.1            5.8
    2455364.972            4.2            5.0
    2455419.012           11.7            4.7
    2455446.847            6.4            3.6
    2455446.856            5.9            3.1
    2455463.833            6.4            5.2
    2455466.842           -0.8            4.8
    2455569.653            7.2            4.1
    2455571.713           11.2            4.6
    2455572.671            8.5            4.8
    2455621.621            8.5            4.6
    2455757.974           -2.9            5.0
    2455803.919            6.8            4.3
    2455806.936           12.1            4.3
    2455828.781            5.4            4.2
    2455831.849           13.5            5.1
    2455861.842            5.9            4.2
    2455864.796            9.8            4.4
    2455892.745            5.6            4.9
