    2451745.994           -3.6            4.3
    2451778.895           23.6            3.7
    2451808.867            8.4            3.6
    2451853.766            9.6            4.1
    2451856.801            9.3            4.6
    2451898.637            5.6            8.0
    2451932.609           11.6            3.9
    2452163.861           18.3            4.9
    2452175.851          -16.8            4.0
    2452307.598            7.6            4.5
    2452465.989           -4.5            5.3
    2452483.985            1.6            5.0
    2452494.987           14.5            5.0
    2452517.936            5.0            5.2
     2452528.91            7.6            5.2
     2452530.91            0.6            4.5
    2452541.904           16.7            4.5
    2452543.883           20.2            5.0
    2452559.914          -11.3            6.4
    2452561.795          -10.3            8.4
    2452571.791           17.0            5.0
     2452589.81           -2.5            5.7
    2452603.782            1.0            4.9
    2452605.724           -1.9            4.8
    2452616.772           -4.2            5.9
    2452665.604            0.3            4.2
    2452668.611           11.3            5.3
    2452837.972           12.2            5.4
    2452861.963           15.5            4.1
    2452863.985           12.3            5.2
    2452879.918           17.2            4.2
    2452880.947           20.6            5.0
    2452898.911           -1.2            4.7
    2452900.928            4.3            4.8
    2452932.839           13.6            4.3
    2452934.804           11.7            4.6
    2452963.753           13.2            5.2
    2452965.809            3.4            5.4
     2453022.63           -3.4            5.6
     2453208.01           -1.9            3.8
    2453209.978           -0.2            3.7
    2453214.961           15.9            4.2
    2453231.961           -9.3            4.0
    2453233.909          -10.6            3.9
     2453235.96           -2.1            4.2
    2453265.899            7.7            3.8
    2453268.919            7.2            4.0
     2453269.81            7.8            3.5
    2453286.828            4.9            3.8
    2453324.713            3.5            5.5
    2453354.654           -7.0            3.8
    2453400.642           10.4            7.5
    2453550.983           15.5            4.4
    2453578.964           17.8            4.6
    2453613.923          -12.8            4.2
    2453654.771           14.8            4.1
    2453701.724            7.1            4.6
    2453740.745           -8.6            4.7
    2453911.993           13.0            3.6
    2453917.013            9.9            3.9
    2453934.974            9.6            3.9
    2453968.925            6.3            3.2
    2453981.851           -1.4            3.8
    2453985.899           12.4            4.0
    2454055.755            2.3            3.9
    2454297.975           21.4            4.1
    2454300.974           19.4            4.0
    2454314.939            3.5            3.6
    2454318.981           11.7            4.2
    2454344.859           16.9            4.3
    2454348.917           15.4            4.0
    2454391.887           11.1            5.4
    2454394.775           13.3            4.2
    2454418.777            4.4            4.5
    2454420.763            8.8            4.2
    2454440.653            2.6            3.4
    2454443.651            7.9            3.6
    2454481.638            0.9            3.9
    2454503.651           -0.6            4.3
    2454645.984           -7.1            4.5
    2454646.968           -7.1            4.2
    2454668.009           -1.1            3.7
    2454681.904           16.3            3.8
     2454683.97           14.8            3.8
    2454711.893            4.0            4.1
    2454713.873            0.5            4.2
    2454715.882           -4.3            4.6
    2454716.875           -4.6            4.1
    2454753.885           13.6            3.6
     2454755.85           14.5            3.8
    2454777.733            8.0            4.1
    2454806.796           12.0            5.5
     2454808.77           12.0            4.3
    2454809.763           12.8            6.1
    2455026.973           -7.2            5.7
    2455063.965           19.5            5.0
    2455099.996           -2.5            4.9
    2455116.856           20.4            6.8
    2455154.739           -5.1            7.6
    2455174.788           -2.6            5.8
    2455364.972          -16.7            5.0
    2455419.012           -2.0            4.7
    2455446.847            2.4            3.6
    2455446.856            2.6            3.1
    2455463.833           -9.7            5.2
    2455466.842           -7.9            4.8
    2455569.653          -10.0            4.1
    2455571.713            2.8            4.6
    2455572.671            2.9            4.8
    2455621.621           12.4            4.6
    2455757.974            9.2            5.0
    2455803.919           -7.7            4.3
    2455806.936            5.9            4.3
    2455828.781           -3.4            4.2
    2455831.849            9.5            5.1
    2455861.842           20.7            4.2
    2455864.796           19.3            4.4
    2455892.745           -1.0            4.9
