    2451745.994           14.2            4.3
    2451778.895           -4.7            3.7
    2451808.867            0.9            3.6
    2451853.766            6.5            4.1
    2451856.801          -17.1            4.6
    2451898.637           15.4            8.0
    2451932.609            1.9            3.9
    2452163.861            9.2            4.9
    2452175.851           -8.5            4.0
    2452307.598           11.4            4.5
    2452465.989           -3.5            5.3
    2452483.985           24.3            5.0
    2452494.987          -19.0            5.0
    2452517.936           10.3            5.2
     2452528.91           23.4            5.2
     2452530.91            5.7            4.5
    2452541.904            1.2            4.5
    2452543.883           21.6            5.0
    2452559.914           21.0            6.4
    2452561.795           -0.3            8.4
    2452571.791           10.5            5.0
     2452589.81            0.1            5.7
    2452603.782           -4.2            4.9
    2452605.724           14.4            4.8
    2452616.772           -2.6            5.9
    2452665.604           16.1            4.2
    2452668.611           -5.8            5.3
    2452837.972           -7.0            5.4
    2452861.963            1.9            4.1
    2452863.985            3.6            5.2
    2452879.918           12.7            4.2
    2452880.947           11.1            5.0
    2452898.911           -7.6            4.7
    2452900.928           10.9            4.8
    2452932.839            3.4            4.3
    2452934.804            1.5            4.6
    2452963.753            3.1            5.2
    2452965.809           -3.9            5.4
     2453022.63            8.8            5.6
     2453208.01           12.1            3.8
    2453209.978            8.6            3.7
    2453214.961           19.8            4.2
    2453231.961            7.3            4.0
    2453233.909           16.1            3.9
     2453235.96           24.3            4.2
    2453265.899           -2.2            3.8
    2453268.919            7.4            4.0
     2453269.81           12.2            3.5
    2453286.828            2.3            3.8
    2453324.713            5.4            5.5
    2453354.654           -8.9            3.8
    2453400.642            3.4            7.5
    2453550.983           -4.5            4.4
    2453578.964           24.8            4.6
    2453613.923           -4.5            4.2
    2453654.771           16.1            4.1
    2453701.724           -6.9            4.6
    2453740.745           18.6            4.7
    2453911.993           12.9            3.6
    2453917.013           11.7            3.9
    2453934.974           -6.3            3.9
    2453968.925           15.3            3.2
    2453981.851           12.7            3.8
    2453985.899           14.2            4.0
    2454055.755          -13.6            3.9
    2454297.975            0.1            4.1
    2454300.974          -11.9            4.0
    2454314.939           -4.9            3.6
    2454318.981           17.7            4.2
    2454344.859           -1.6            4.3
    2454348.917           -7.9            4.0
    2454391.887           -2.0            5.4
    2454394.775            9.0            4.2
    2454418.777           13.9            4.5
    2454420.763           -4.8            4.2
    2454440.653           22.8            3.4
    2454443.651           -5.9            3.6
    2454481.638            0.6            3.9
    2454503.651          -23.9            4.3
    2454645.984            2.2            4.5
    2454646.968            2.0            4.2
    2454668.009           -4.2            3.7
    2454681.904           -0.4            3.8
     2454683.97            9.1            3.8
    2454711.893           15.4            4.1
    2454713.873           17.0            4.2
    2454715.882           -3.8            4.6
    2454716.875            4.1            4.1
    2454753.885           -8.0            3.6
     2454755.85          -15.7            3.8
    2454777.733           -3.0            4.1
    2454806.796           12.6            5.5
     2454808.77           -3.1            4.3
    2454809.763           11.2            6.1
    2455026.973            2.0            5.7
    2455063.965           18.7            5.0
    2455099.996            9.7            4.9
    2455116.856           14.9            6.8
    2455154.739           19.8            7.6
    2455174.788           -6.3            5.8
    2455364.972           -9.5            5.0
    2455419.012           10.0            4.7
    2455446.847            2.3            3.6
    2455446.856            2.0            3.1
    2455463.833            8.0            5.2
    2455466.842            6.2            4.8
    2455569.653          -12.6            4.1
    2455571.713            4.1            4.6
    2455572.671            8.0            4.8
    2455621.621           -3.7            4.6
    2455757.974           -7.3            5.0
    2455803.919            5.1            4.3
    2455806.936            4.2            4.3
    2455828.781           -2.6            4.2
    2455831.849            5.4            5.1
    2455861.842            7.2            4.2
    2455864.796          -14.6            4.4
    2455892.745           20.3            4.9
