    2451745.994            4.6            4.3
    2451778.895            7.4            3.7
    2451808.867            6.8            3.6
    2451853.766            4.2            4.1
    2451856.801            3.7            4.6
    2451898.637            6.4            8.0
    2451932.609            5.8            3.9
    2452163.861            0.9            4.9
    2452175.851            3.1            4.0
    2452307.598            1.3            4.5
    2452465.989            3.0            5.3
    2452483.985            3.8            5.0
    2452494.987            1.0            5.0
    2452517.936            6.7            5.2
     2452528.91            4.1            5.2
     2452530.91            3.2            4.5
    2452541.904            6.2            4.5
    2452543.883            7.6            5.0
    2452559.914            8.5            6.4
    2452561.795            9.7            8.4
    2452571.791            4.7            5.0
     2452589.81            8.3            5.7
    2452603.782            2.3            4.9
    2452605.724            1.8            4.8
    2452616.772            4.9            5.9
    2452665.604            5.3            4.2
    2452668.611            5.7            5.3
    2452837.972            6.9            5.4
    2452861.963            4.1            4.1
    2452863.985            5.0            5.2
    2452879.918            7.8            4.2
    2452880.947            8.7            5.0
    2452898.911            3.0            4.7
    2452900.928            2.7            4.8
    2452932.839            1.0            4.3
    2452934.804            0.7            4.6
    2452963.753            4.7            5.2
    2452965.809            4.3            5.4
     2453022.63            8.2            5.6
     2453208.01            4.9            3.8
    2453209.978            5.2            3.7
    2453214.961            5.9            4.2
    2453231.961            0.2            4.0
    2453233.909           -0.0            3.9
     2453235.96            0.4            4.2
    2453265.899            0.6            3.8
    2453268.919            0.5            4.0
     2453269.81            0.0            3.5
    2453286.828            6.0            3.8
    2453324.713            9.7            5.5
    2453354.654            5.1            3.8
    2453400.642            7.6            7.5
    2453550.983            4.0            4.4
    2453578.964            5.2            4.6
    2453613.923            6.8            4.2
    2453654.771            7.3            4.1
    2453701.724            3.2            4.6
    2453740.745            4.1            4.7
    2453911.993            6.5            3.6
    2453917.013            7.4            3.9
    2453934.974            3.8            3.9
    2453968.925            1.6            3.2
    2453981.851            4.0            3.8
    2453985.899            5.0            4.0
    2454055.755            5.0            3.9
    2454297.975            1.3            4.1
    2454300.974            0.4            4.0
    2454314.939            2.7            3.6
    2454318.981            4.3            4.2
    2454344.859            1.9            4.3
    2454348.917            3.3            4.0
    2454391.887            9.4            5.4
    2454394.775            8.4            4.2
    2454418.777            4.5            4.5
    2454420.763            4.7            4.2
    2454440.653            3.0            3.4
    2454443.651            1.9            3.6
    2454481.638            0.6            3.9
    2454503.651            5.8            4.3
    2454645.984            3.9            4.5
    2454646.968            4.0            4.2
    2454668.009            2.1            3.7
    2454681.904            5.6            3.8
     2454683.97            6.5            3.8
    2454711.893            4.2            4.1
    2454713.873            4.8            4.2
    2454715.882            5.8            4.6
    2454716.875            5.6            4.1
    2454753.885            2.4            3.6
     2454755.85            3.2            3.8
    2454777.733            0.4            4.1
    2454806.796            5.6            5.5
     2454808.77            3.9            4.3
    2454809.763            5.4            6.1
    2455026.973            8.6            5.7
    2455063.965            5.1            5.0
    2455099.996            4.8            4.9
    2455116.856            4.2            6.8
    2455154.739            7.8            7.6
    2455174.788            8.9            5.8
    2455364.972            3.3            5.0
    2455419.012            4.1            4.7
    2455446.847            2.7            3.6
    2455446.856            2.2            3.1
    2455463.833            9.4            5.2
    2455466.842            8.8            4.8
    2455569.653            4.4            4.1
    2455571.713            5.5            4.6
    2455572.671            6.0            4.8
    2455621.621            6.4            4.6
    2455757.974            8.7            5.0
    2455803.919            5.7            4.3
    2455806.936            4.3            4.3
    2455828.781            4.7            4.2
    2455831.849            5.9            5.1
    2455861.842            2.7            4.2
    2455864.796            4.1            4.4
    2455892.745            3.5            4.9
