    2451745.994           24.7            4.3
    2451778.895           -1.4            3.7
    2451808.867           20.0            3.6
    2451853.766           20.9            4.1
    2451856.801           -7.5            4.6
    2451898.637           -8.1            8.0
    2451932.609           31.2            3.9
    2452163.861            3.8            4.9
    2452175.851           10.8            4.0
    2452307.598           -4.5            4.5
    2452465.989            7.0            5.3
    2452483.985            9.4            5.0
    2452494.987           -3.1            5.0
    2452517.936          -19.3            5.2
     2452528.91            3.5            5.2
     2452530.91           12.2            4.5
    2452541.904            9.1            4.5
    2452543.883           34.9            5.0
    2452559.914            2.0            6.4
    2452561.795            4.7            8.4
    2452571.791           39.9            5.0
     2452589.81           -0.1            5.7
    2452603.782          -24.2            4.9
    2452605.724            7.1            4.8
    2452616.772           -1.7            5.9
    2452665.604           24.7            4.2
    2452668.611          -23.1            5.3
    2452837.972          -26.5            5.4
    2452861.963           10.9            4.1
    2452863.985           26.3            5.2
    2452879.918          -11.6            4.2
    2452880.947           -7.2            5.0
    2452898.911           32.9            4.7
    2452900.928           -7.2            4.8
    2452932.839            6.9            4.3
    2452934.804           33.3            4.6
    2452963.753           19.1            5.2
    2452965.809          -24.2            5.4
     2453022.63           -4.6            5.6
     2453208.01            3.6            3.8
    2453209.978            3.1            3.7
    2453214.961           -4.2            4.2
    2453231.961           39.4            4.0
    2453233.909           -9.2            3.9
     2453235.96           -5.9            4.2
    2453265.899           10.3            3.8
    2453268.919            8.0            4.0
     2453269.81          -10.6            3.5
    2453286.828          -19.4            3.8
    2453324.713           43.7            5.5
    2453354.654           31.9            3.8
    2453400.642           -2.5            7.5
    2453550.983           22.3            4.4
    2453578.964           -5.5            4.6
    2453613.923          -23.5            4.2
    2453654.771          -26.8            4.1
    2453701.724           15.9            4.6
    2453740.745          -13.9            4.7
    2453911.993            0.7            3.6
    2453917.013          -16.6            3.9
    2453934.974            6.5            3.9
    2453968.925          -30.1            3.2
    2453981.851          -14.7            3.8
    2453985.899            4.3            4.0
    2454055.755           -8.4            3.9
    2454297.975           28.1            4.1
    2454300.974          -29.8            4.0
    2454314.939            2.3            3.6
    2454318.981            3.9            4.2
    2454344.859            1.8            4.3
    2454348.917           18.2            4.0
    2454391.887           35.8            5.4
    2454394.775          -28.7            4.2
    2454418.777            5.4            4.5
    2454420.763           26.7            4.2
    2454440.653            8.5            3.4
    2454443.651            7.7            3.6
    2454481.638          -29.8            3.9
    2454503.651           -0.0            4.3
    2454645.984            9.7            4.5
    2454646.968           26.7            4.2
    2454668.009           12.0            3.7
    2454681.904           32.9            3.8
     2454683.97           17.4            3.8
    2454711.893           31.7            4.1
    2454713.873          -15.0            4.2
    2454715.882           -8.1            4.6
    2454716.875           21.3            4.1
    2454753.885           33.4            3.6
     2454755.85          -12.7            3.8
    2454777.733           -1.7            4.1
    2454806.796            1.7            5.5
     2454808.77          -12.9            4.3
    2454809.763            8.7            6.1
    2455026.973            6.4            5.7
    2455063.965          -17.9            5.0
    2455099.996          -27.7            4.9
    2455116.856           18.2            6.8
    2455154.739           13.2            7.6
    2455174.788           18.9            5.8
    2455364.972           32.3            5.0
    2455419.012          -21.5            4.7
    2455446.847           -8.7            3.6
    2455446.856           -9.3            3.1
    2455463.833           29.4            5.2
    2455466.842          -17.5            4.8
    2455569.653           -1.1            4.1
    2455571.713            7.3            4.6
    2455572.671            4.4            4.8
    2455621.621           31.7            4.6
    2455757.974          -21.9            5.0
    2455803.919            6.7            4.3
    2455806.936           27.7            4.3
    2455828.781          -13.7            4.2
    2455831.849           11.8            5.1
    2455861.842           18.3            4.2
    2455864.796            5.8            4.4
    2455892.745           11.3            4.9
