    2451745.994           -4.3            4.3
    2451778.895            1.2            3.7
    2451808.867            0.7            3.6
    2451853.766            6.0            4.1
    2451856.801           15.5            4.6
    2451898.637           11.4            8.0
    2451932.609            4.7            3.9
    2452163.861           -2.8            4.9
    2452175.851           11.1            4.0
    2452307.598            4.1            4.5
    2452465.989            1.9            5.3
    2452483.985            2.0            5.0
    2452494.987            1.3            5.0
    2452517.936           12.6            5.2
     2452528.91            5.2            5.2
     2452530.91           13.2            4.5
    2452541.904            0.8            4.5
    2452543.883            5.2            5.0
    2452559.914            6.3            6.4
    2452561.795            8.3            8.4
    2452571.791           -1.5            5.0
     2452589.81           11.6            5.7
    2452603.782           10.6            4.9
    2452605.724            4.7            4.8
    2452616.772           11.3            5.9
    2452665.604           -1.7            4.2
    2452668.611           12.3            5.3
    2452837.972            6.6            5.4
    2452861.963           -4.5            4.1
    2452863.985            2.0            5.2
    2452879.918            7.3            4.2
    2452880.947           12.1            5.0
    2452898.911           10.0            4.7
    2452900.928           17.1            4.8
    2452932.839           -3.7            4.3
    2452934.804           -3.8            4.6
    2452963.753            2.4            5.2
    2452965.809            7.6            5.4
     2453022.63            7.7            5.6
     2453208.01            4.4            3.8
    2453209.978           -1.0            3.7
    2453214.961            1.6            4.2
    2453231.961            0.2            4.0
    2453233.909            8.3            3.9
     2453235.96            9.3            4.2
    2453265.899            5.1            3.8
    2453268.919            8.0            4.0
     2453269.81            7.0            3.5
    2453286.828            7.0            3.8
    2453324.713           -6.6            5.5
    2453354.654            4.0            3.8
    2453400.642           14.7            7.5
    2453550.983            1.2            4.4
    2453578.964           -2.6            4.6
    2453613.923            0.3            4.2
    2453654.771            8.1            4.1
    2453701.724           -4.8            4.6
    2453740.745            2.7            4.7
    2453911.993           -1.0            3.6
    2453917.013           11.0            3.9
    2453934.974            1.7            3.9
    2453968.925            4.4            3.2
    2453981.851            6.9            3.8
    2453985.899           -1.5            4.0
    2454055.755            4.7            3.9
    2454297.975           -0.5            4.1
    2454300.974            3.4            4.0
    2454314.939            8.5            3.6
    2454318.981           -3.3            4.2
    2454344.859            5.0            4.3
    2454348.917            3.2            4.0
    2454391.887            0.4            5.4
    2454394.775            8.7            4.2
    2454418.777            0.9            4.5
    2454420.763            5.6            4.2
    2454440.653            3.1            3.4
    2454443.651            7.7            3.6
    2454481.638            5.1            3.9
    2454503.651            5.4            4.3
    2454645.984            0.2            4.5
    2454646.968           -0.0            4.2
    2454668.009           -3.9            3.7
    2454681.904            1.9            3.8
     2454683.97            9.1            3.8
    2454711.893            5.6            4.1
    2454713.873           10.9            4.2
    2454715.882            2.7            4.6
    2454716.875           -0.9            4.1
    2454753.885            2.6            3.6
     2454755.85           10.6            3.8
    2454777.733           15.4            4.1
    2454806.796           10.6            5.5
     2454808.77            9.5            4.3
    2454809.763            1.2            6.1
    2455026.973           15.9            5.7
    2455063.965            1.9            5.0
    2455099.996           16.9            4.9
    2455116.856            5.1            6.8
    2455154.739           12.5            7.6
    2455174.788            0.7            5.8
    2455364.972            2.3            5.0
    2455419.012            8.5            4.7
    2455446.847            5.1            3.6
    2455446.856            4.8            3.1
    2455463.833           -1.6            5.2
    2455466.842            7.4            4.8
    2455569.653            2.8            4.1
    2455571.713           -4.5            4.6
    2455572.671            4.5            4.8
    2455621.621           -4.7            4.6
    2455757.974            4.3            5.0
    2455803.919           -4.3            4.3
    2455806.936            4.8            4.3
    2455828.781            7.5            4.2
    2455831.849            0.4            5.1
    2455861.842            9.5            4.2
    2455864.796            7.1            4.4
    2455892.745            9.8            4.9
