    2451745.994           -4.5            4.3
    2451778.895            9.4            3.7
    2451808.867           10.1            3.6
    2451853.766            3.8            4.1
    2451856.801            5.2            4.6
    2451898.637            2.1            8.0
    2451932.609            6.1            3.9
    2452163.861           19.4            4.9
    2452175.851           -2.5            4.0
    2452307.598           -2.3            4.5
    2452465.989            1.3            5.3
    2452483.985           16.7            5.0
    2452494.987           -4.6            5.0
    2452517.936            4.2            5.2
     2452528.91            9.4            5.2
     2452530.91            4.1            4.5
    2452541.904            6.2            4.5
    2452543.883            5.4            5.0
    2452559.914           14.2            6.4
    2452561.795           16.4            8.4
    2452571.791            7.3            5.0
     2452589.81            1.0            5.7
    2452603.782           -0.8            4.9
    2452605.724            6.5            4.8
    2452616.772           10.3            5.9
    2452665.604            5.7            4.2
    2452668.611           14.2            5.3
    2452837.972           15.9            5.4
    2452861.963            1.1            4.1
    2452863.985            1.4            5.2
    2452879.918            0.4            4.2
    2452880.947           10.5            5.0
    2452898.911           11.4            4.7
    2452900.928            0.0            4.8
    2452932.839           -1.7            4.3
    2452934.804           -3.4            4.6
    2452963.753            7.5            5.2
    2452965.809            1.4            5.4
     2453022.63           17.3            5.6
     2453208.01            4.5            3.8
    2453209.978           -2.2            3.7
    2453214.961            9.2            4.2
    2453231.961           14.9            4.0
    2453233.909            6.5            3.9
     2453235.96            9.7            4.2
    2453265.899            6.2            3.8
    2453268.919           -8.2            4.0
     2453269.81          -13.7            3.5
    2453286.828            1.8            3.8
    2453324.713            8.4            5.5
    2453354.654            9.0            3.8
    2453400.642           12.9            7.5
    2453550.983            4.4            4.4
    2453578.964            7.5            4.6
    2453613.923            6.9            4.2
    2453654.771            1.1            4.1
    2453701.724           11.9            4.6
    2453740.745            0.1            4.7
    2453911.993            7.2            3.6
    2453917.013           12.4            3.9
    2453934.974            7.8            3.9
    2453968.925            1.8            3.2
    2453981.851            4.8            3.8
    2453985.899           10.9            4.0
    2454055.755            5.2            3.9
    2454297.975            8.8            4.1
    2454300.974            5.0            4.0
    2454314.939            3.9            3.6
    2454318.981           11.1            4.2
    2454344.859            9.1            4.3
    2454348.917            8.4            4.0
    2454391.887           17.4            5.4
    2454394.775           -0.0            4.2
    2454418.777            0.3            4.5
    2454420.763           12.4            4.2
    2454440.653           -6.7            3.4
    2454443.651            5.6            3.6
    2454481.638           15.2            3.9
    2454503.651            4.9            4.3
    2454645.984           -0.1            4.5
    2454646.968           -1.0            4.2
    2454668.009            1.9            3.7
    2454681.904           13.4            3.8
     2454683.97            1.4            3.8
    2454711.893           12.2            4.1
    2454713.873            0.0            4.2
    2454715.882            1.9            4.6
    2454716.875            6.4            4.1
    2454753.885            6.6            3.6
     2454755.85            8.1            3.8
    2454777.733           -2.8            4.1
    2454806.796            9.8            5.5
     2454808.77           -1.7            4.3
    2454809.763           -1.4            6.1
    2455026.973            9.0            5.7
    2455063.965            9.8            5.0
    2455099.996            1.5            4.9
    2455116.856            7.2            6.8
    2455154.739           15.3            7.6
    2455174.788            5.1            5.8
    2455364.972            1.0            5.0
    2455419.012           -1.2            4.7
    2455446.847           -9.2            3.6
    2455446.856           -9.7            3.1
    2455463.833            7.9            5.2
    2455466.842            3.7            4.8
    2455569.653            4.7            4.1
    2455571.713           -4.9            4.6
    2455572.671           -9.0            4.8
    2455621.621           13.3            4.6
    2455757.974            0.2            5.0
    2455803.919            9.3            4.3
    2455806.936           11.4            4.3
    2455828.781            7.7            4.2
    2455831.849           -4.8            5.1
    2455861.842           -5.5            4.2
    2455864.796            6.8            4.4
    2455892.745            2.1            4.9
