    2451745.994            4.4            4.3
    2451778.895            8.1            3.7
    2451808.867           -9.9            3.6
    2451853.766            0.7            4.1
    2451856.801           -8.2            4.6
    2451898.637           21.2            8.0
    2451932.609           10.7            3.9
    2452163.861            2.6            4.9
    2452175.851            6.0            4.0
    2452307.598            8.3            4.5
    2452465.989            7.1            5.3
    2452483.985            0.7            5.0
    2452494.987           10.6            5.0
    2452517.936           -2.0            5.2
     2452528.91            8.7            5.2
     2452530.91            9.4            4.5
    2452541.904            1.8            4.5
    2452543.883            9.5            5.0
    2452559.914            9.4            6.4
    2452561.795            2.8            8.4
    2452571.791            7.0            5.0
     2452589.81           -0.4            5.7
    2452603.782            5.0            4.9
    2452605.724           10.3            4.8
    2452616.772           -4.6            5.9
    2452665.604            8.4            4.2
    2452668.611           10.6            5.3
    2452837.972           -6.3            5.4
    2452861.963            7.5            4.1
    2452863.985           20.8            5.2
    2452879.918            3.8            4.2
    2452880.947            6.8            5.0
    2452898.911            3.9            4.7
    2452900.928            7.8            4.8
    2452932.839            2.6            4.3
    2452934.804            2.0            4.6
    2452963.753           10.6            5.2
    2452965.809           14.8            5.4
     2453022.63           -0.9            5.6
     2453208.01            6.1            3.8
    2453209.978           -8.3            3.7
    2453214.961           13.4            4.2
    2453231.961            3.0            4.0
    2453233.909           -6.4            3.9
     2453235.96           12.9            4.2
    2453265.899            5.9            3.8
    2453268.919            5.2            4.0
     2453269.81           18.7            3.5
    2453286.828            7.1            3.8
    2453324.713            2.8            5.5
    2453354.654            3.0            3.8
    2453400.642            6.4            7.5
    2453550.983           -2.5            4.4
    2453578.964           -6.0            4.6
    2453613.923            9.5            4.2
    2453654.771           16.9            4.1
    2453701.724            8.2            4.6
    2453740.745           10.1            4.7
    2453911.993           -3.9            3.6
    2453917.013            4.3            3.9
    2453934.974            3.0            3.9
    2453968.925           -1.2            3.2
    2453981.851            7.3            3.8
    2453985.899           19.2            4.0
    2454055.755            5.8            3.9
    2454297.975           -4.2            4.1
    2454300.974            1.2            4.0
    2454314.939           -3.6            3.6
    2454318.981            3.7            4.2
    2454344.859           -1.8            4.3
    2454348.917           -9.8            4.0
    2454391.887           11.2            5.4
    2454394.775            8.8            4.2
    2454418.777            6.3            4.5
    2454420.763           -5.3            4.2
    2454440.653            6.0            3.4
    2454443.651           -0.4            3.6
    2454481.638           -0.0            3.9
    2454503.651           13.5            4.3
    2454645.984           -6.5            4.5
    2454646.968            9.4            4.2
    2454668.009           16.1            3.7
    2454681.904            4.0            3.8
     2454683.97            2.7            3.8
    2454711.893           -1.1            4.1
    2454713.873          -11.1            4.2
    2454715.882            9.0            4.6
    2454716.875           -0.2            4.1
    2454753.885           10.2            3.6
     2454755.85           11.6            3.8
    2454777.733            2.8            4.1
    2454806.796           -4.3            5.5
     2454808.77           -4.8            4.3
    2454809.763            2.4            6.1
    2455026.973           -2.0            5.7
    2455063.965            6.4            5.0
    2455099.996           -0.5            4.9
    2455116.856            1.0            6.8
    2455154.739            8.7            7.6
    2455174.788           11.6            5.8
    2455364.972            2.9            5.0
    2455419.012           -5.9            4.7
    2455446.847           -4.0            3.6
    2455446.856           -4.6            3.1
    2455463.833           -4.3            5.2
    2455466.842            2.9            4.8
    2455569.653           -3.3            4.1
    2455571.713           15.2            4.6
    2455572.671           -0.8            4.8
    2455621.621            5.2            4.6
    2455757.974            9.8            5.0
    2455803.919           -0.6            4.3
    2455806.936           11.5            4.3
    2455828.781           -8.8            4.2
    2455831.849            2.9            5.1
    2455861.842           10.7            4.2
    2455864.796            0.7            4.4
    2455892.745            5.8            4.9
