    2451745.994          -14.3            4.3
    2451778.895          -12.2            3.7
    2451808.867          -23.8            3.6
    2451853.766           -3.3            4.1
    2451856.801          -13.9            4.6
    2451898.637           -1.8            8.0
    2451932.609           12.4            3.9
    2452163.861          -12.7            4.9
    2452175.851          -13.7            4.0
    2452307.598            7.6            4.5
    2452465.989           -6.0            5.3
    2452483.985          -20.9            5.0
    2452494.987           -9.0            5.0
    2452517.936          -10.2            5.2
     2452528.91          -12.5            5.2
     2452530.91          -16.6            4.5
    2452541.904           -4.7            4.5
    2452543.883           -2.1            5.0
    2452559.914          -18.6            6.4
    2452561.795          -15.2            8.4
    2452571.791          -15.4            5.0
     2452589.81           -9.5            5.7
    2452603.782          -12.4            4.9
    2452605.724           -1.8            4.8
    2452616.772           -1.2            5.9
    2452665.604           12.8            4.2
    2452668.611           11.6            5.3
    2452837.972          -10.4            5.4
    2452861.963          -12.2            4.1
    2452863.985          -20.9            5.2
    2452879.918          -17.4            4.2
    2452880.947          -15.9            5.0
    2452898.911          -11.6            4.7
    2452900.928          -13.9            4.8
    2452932.839          -10.6            4.3
    2452934.804           -7.6            4.6
    2452963.753           -0.1            5.2
    2452965.809           -8.7            5.4
     2453022.63           12.0            5.6
     2453208.01           -7.4            3.8
    2453209.978          -10.1            3.7
    2453214.961           -5.2            4.2
    2453231.961          -15.7            4.0
    2453233.909          -18.7            3.9
     2453235.96          -20.5            4.2
    2453265.899           -6.2            3.8
    2453268.919          -14.4            4.0
     2453269.81          -17.7            3.5
    2453286.828          -18.8            3.8
    2453324.713           -4.9            5.5
    2453354.654            9.7            3.8
    2453400.642           -4.1            7.5
    2453550.983          -12.3            4.4
    2453578.964          -18.5            4.6
    2453613.923          -15.0            4.2
    2453654.771          -10.9            4.1
    2453701.724           -6.2            4.6
    2453740.745           -6.7            4.7
    2453911.993          -10.2            3.6
    2453917.013           -4.2            3.9
    2453934.974          -21.6            3.9
    2453968.925          -17.4            3.2
    2453981.851          -17.5            3.8
    2453985.899          -24.2            4.0
    2454055.755           -3.6            3.9
    2454297.975           -0.5            4.1
    2454300.974          -16.1            4.0
    2454314.939          -20.7            3.6
    2454318.981          -13.9            4.2
    2454344.859          -13.9            4.3
    2454348.917          -13.8            4.0
    2454391.887          -24.9            5.4
    2454394.775          -11.8            4.2
    2454418.777           -7.6            4.5
    2454420.763           -6.2            4.2
    2454440.653           -4.1            3.4
    2454443.651           -2.2            3.6
    2454481.638           -6.8            3.9
    2454503.651            4.1            4.3
    2454645.984          -19.0            4.5
    2454646.968          -17.7            4.2
    2454668.009           -5.6            3.7
    2454681.904          -18.5            3.8
     2454683.97          -21.9            3.8
    2454711.893          -10.0            4.1
    2454713.873          -13.0            4.2
    2454715.882           -8.2            4.6
    2454716.875           -9.9            4.1
    2454753.885           -8.0            3.6
     2454755.85          -12.3            3.8
    2454777.733           -2.9            4.1
    2454806.796           -8.8            5.5
     2454808.77           -8.8            4.3
    2454809.763          -12.1            6.1
    2455026.973          -12.0            5.7
    2455063.965          -20.2            5.0
    2455099.996           -8.5            4.9
    2455116.856          -13.8            6.8
    2455154.739          -11.7            7.6
    2455174.788           -1.6            5.8
    2455364.972           -8.8            5.0
    2455419.012           -4.4            4.7
    2455446.847          -21.0            3.6
    2455446.856          -21.7            3.1
    2455463.833          -10.9            5.2
    2455466.842           -3.7            4.8
    2455569.653            5.0            4.1
    2455571.713            0.4            4.6
    2455572.671            2.8            4.8
    2455621.621           16.6            4.6
    2455757.974           -6.1            5.0
    2455803.919          -22.3            4.3
    2455806.936          -12.9            4.3
    2455828.781          -14.3            4.2
    2455831.849           -8.7            5.1
    2455861.842           -8.8            4.2
    2455864.796           -5.7            4.4
    2455892.745          -17.1            4.9
