    2451745.994           -9.7            4.3
    2451778.895            4.3            3.7
    2451808.867           -8.1            3.6
    2451853.766            8.8            4.1
    2451856.801           20.3            4.6
    2451898.637           15.0            8.0
    2451932.609            4.3            3.9
    2452163.861           14.2            4.9
    2452175.851            3.5            4.0
    2452307.598            5.3            4.5
    2452465.989           17.2            5.3
    2452483.985           -0.3            5.0
    2452494.987           20.8            5.0
    2452517.936            9.7            5.2
     2452528.91           10.2            5.2
     2452530.91           16.9            4.5
    2452541.904           -5.8            4.5
    2452543.883            1.4            5.0
    2452559.914           21.5            6.4
    2452561.795           20.0            8.4
    2452571.791            8.9            5.0
     2452589.81            6.2            5.7
    2452603.782           -0.5            4.9
    2452605.724           -8.4            4.8
    2452616.772           -1.9            5.9
    2452665.604           21.4            4.2
    2452668.611           12.7            5.3
    2452837.972           13.7            5.4
    2452861.963           11.3            4.1
    2452863.985           19.1            5.2
    2452879.918            0.9            4.2
    2452880.947           -2.3            5.0
    2452898.911            3.2            4.7
    2452900.928            9.1            4.8
    2452932.839           19.3            4.3
    2452934.804            9.6            4.6
    2452963.753            4.0            5.2
    2452965.809            5.6            5.4
     2453022.63           12.5            5.6
     2453208.01           10.8            3.8
    2453209.978           10.3            3.7
    2453214.961           -8.7            4.2
    2453231.961            9.6            4.0
    2453233.909           16.5            3.9
     2453235.96           19.2            4.2
    2453265.899            9.2            3.8
    2453268.919           -1.6            4.0
     2453269.81           -2.9            3.5
    2453286.828            1.8            3.8
    2453324.713            4.5            5.5
    2453354.654           11.6            3.8
    2453400.642            5.0            7.5
    2453550.983           -4.8            4.4
    2453578.964            3.4            4.6
    2453613.923           -9.9            4.2
    2453654.771           -7.7            4.1
    2453701.724           16.2            4.6
    2453740.745           15.6            4.7
    2453911.993           11.3            3.6
    2453917.013           -7.3            3.9
    2453934.974            9.8            3.9
    2453968.925            7.0            3.2
    2453981.851           -4.7            3.8
    2453985.899          -14.0            4.0
    2454055.755            4.9            3.9
    2454297.975           17.8            4.1
    2454300.974            8.9            4.0
    2454314.939           -5.7            3.6
    2454318.981           -5.5            4.2
    2454344.859           -1.9            4.3
    2454348.917            7.5            4.0
    2454391.887            4.4            5.4
    2454394.775           -4.7            4.2
    2454418.777           -0.9            4.5
    2454420.763           -9.0            4.2
    2454440.653           14.7            3.4
    2454443.651           14.9            3.6
    2454481.638            9.5            3.9
    2454503.651            3.7            4.3
    2454645.984           -1.5            4.5
    2454646.968           -6.4            4.2
    2454668.009           17.4            3.7
    2454681.904            6.7            3.8
     2454683.97           -0.9            3.8
    2454711.893            2.4            4.1
    2454713.873           -5.7            4.2
    2454715.882           -6.4            4.6
    2454716.875           -4.6            4.1
    2454753.885          -11.0            3.6
     2454755.85           -8.5            3.8
    2454777.733            5.1            4.1
    2454806.796            0.9            5.5
     2454808.77           -0.2            4.3
    2454809.763            4.0            6.1
    2455026.973           12.0            5.7
    2455063.965            9.7            5.0
    2455099.996           -2.0            4.9
    2455116.856            7.4            6.8
    2455154.739           -0.3            7.6
    2455174.788           16.5            5.8
    2455364.972           -6.0            5.0
    2455419.012           -4.8            4.7
    2455446.847            7.0            3.6
    2455446.856            6.6            3.1
    2455463.833           13.1            5.2
    2455466.842            7.9            4.8
    2455569.653           20.4            4.1
    2455571.713           19.0            4.6
    2455572.671           16.0            4.8
    2455621.621            4.9            4.6
    2455757.974           -0.0            5.0
    2455803.919            2.4            4.3
    2455806.936           17.2            4.3
    2455828.781           -9.7            4.2
    2455831.849            4.6            5.1
    2455861.842            9.2            4.2
    2455864.796            3.4            4.4
    2455892.745           -8.7            4.9
