    2451745.994            8.2            4.3
    2451778.895            1.9            3.7
    2451808.867          -14.7            3.6
    2451853.766           -0.6            4.1
    2451856.801           -5.2            4.6
    2451898.637            6.3            8.0
    2451932.609            2.2            3.9
    2452163.861            2.3            4.9
    2452175.851            6.7            4.0
    2452307.598           -2.0            4.5
    2452465.989           10.0            5.3
    2452483.985            7.6            5.0
    2452494.987           14.7            5.0
    2452517.936           12.5            5.2
     2452528.91           -0.8            5.2
     2452530.91            0.4            4.5
    2452541.904            9.7            4.5
    2452543.883           14.3            5.0
    2452559.914           -2.5            6.4
    2452561.795           -0.2            8.4
    2452571.791            6.8            5.0
     2452589.81           16.1            5.7
    2452603.782           -4.7            4.9
    2452605.724            1.4            4.8
    2452616.772            0.8            5.9
    2452665.604            2.0            4.2
    2452668.611           15.5            5.3
    2452837.972           16.8            5.4
    2452861.963            9.1            4.1
    2452863.985           -0.1            5.2
    2452879.918           -0.5            4.2
    2452880.947           12.6            5.0
    2452898.911            0.9            4.7
    2452900.928           -4.0            4.8
    2452932.839            3.6            4.3
    2452934.804            6.8            4.6
    2452963.753            6.3            5.2
    2452965.809            6.7            5.4
     2453022.63            7.5            5.6
     2453208.01           -4.2            3.8
    2453209.978            2.4            3.7
    2453214.961           15.7            4.2
    2453231.961          -14.8            4.0
    2453233.909            2.4            3.9
     2453235.96            3.7            4.2
    2453265.899           12.5            3.8
    2453268.919           -0.9            4.0
     2453269.81            4.6            3.5
    2453286.828            2.4            3.8
    2453324.713           -0.2            5.5
    2453354.654           -7.8            3.8
    2453400.642           12.7            7.5
    2453550.983            0.5            4.4
    2453578.964           -4.5            4.6
    2453613.923            3.6            4.2
    2453654.771           19.5            4.1
    2453701.724           11.3            4.6
    2453740.745           -8.3            4.7
    2453911.993            1.2            3.6
    2453917.013           13.5            3.9
    2453934.974            0.6            3.9
    2453968.925           -1.0            3.2
    2453981.851           -7.8            3.8
    2453985.899           10.7            4.0
    2454055.755          -10.2            3.9
    2454297.975           -5.1            4.1
    2454300.974           -1.9            4.0
    2454314.939           17.0            3.6
    2454318.981           -7.6            4.2
    2454344.859            0.4            4.3
    2454348.917           -1.5            4.0
    2454391.887            5.3            5.4
    2454394.775            2.1            4.2
    2454418.777           -9.9            4.5
    2454420.763            7.0            4.2
    2454440.653           -2.3            3.4
    2454443.651           -2.6            3.6
    2454481.638           18.8            3.9
    2454503.651            4.2            4.3
    2454645.984           19.2            4.5
    2454646.968            5.8            4.2
    2454668.009            2.0            3.7
    2454681.904           -3.8            3.8
     2454683.97           -4.3            3.8
    2454711.893           10.4            4.1
    2454713.873            5.4            4.2
    2454715.882           -0.0            4.6
    2454716.875            6.0            4.1
    2454753.885            1.0            3.6
     2454755.85           -5.2            3.8
    2454777.733           -8.4            4.1
    2454806.796           -1.5            5.5
     2454808.77           -5.0            4.3
    2454809.763           10.8            6.1
    2455026.973            3.0            5.7
    2455063.965            9.7            5.0
    2455099.996           -6.7            4.9
    2455116.856           -0.4            6.8
    2455154.739           17.3            7.6
    2455174.788           -2.7            5.8
    2455364.972            2.8            5.0
    2455419.012            4.4            4.7
    2455446.847            9.9            3.6
    2455446.856            9.2            3.1
    2455463.833            8.9            5.2
    2455466.842            2.6            4.8
    2455569.653           11.3            4.1
    2455571.713            2.6            4.6
    2455572.671            0.7            4.8
    2455621.621            3.3            4.6
    2455757.974            5.0            5.0
    2455803.919           18.8            4.3
    2455806.936           13.8            4.3
    2455828.781            0.2            4.2
    2455831.849            7.5            5.1
    2455861.842           14.2            4.2
    2455864.796            2.2            4.4
    2455892.745           -0.4            4.9
