    2451745.994           -2.6            4.3
    2451778.895           -3.6            3.7
    2451808.867            8.2            3.6
    2451853.766           11.4            4.1
    2451856.801           -3.3            4.6
    2451898.637            3.8            8.0
    2451932.609           -2.8            3.9
    2452163.861           10.0            4.9
    2452175.851            2.7            4.0
    2452307.598           -6.0            4.5
    2452465.989           13.6            5.3
    2452483.985           11.9            5.0
    2452494.987           15.7            5.0
    2452517.936           -5.1            5.2
     2452528.91           -4.2            5.2
     2452530.91            6.7            4.5
    2452541.904            9.7            4.5
    2452543.883           21.2            5.0
    2452559.914           15.0            6.4
    2452561.795           18.1            8.4
    2452571.791            4.5            5.0
     2452589.81            9.8            5.7
    2452603.782           11.0            4.9
    2452605.724           10.0            4.8
    2452616.772           19.1            5.9
    2452665.604           11.5            4.2
    2452668.611            3.9            5.3
    2452837.972           -5.3            5.4
    2452861.963            0.6            4.1
    2452863.985            2.7            5.2
    2452879.918            3.9            4.2
    2452880.947            7.7            5.0
    2452898.911           14.0            4.7
    2452900.928            7.1            4.8
    2452932.839            7.0            4.3
    2452934.804           14.2            4.6
    2452963.753           10.6            5.2
    2452965.809            6.6            5.4
     2453022.63           -2.8            5.6
     2453208.01            2.5            3.8
    2453209.978            4.6            3.7
    2453214.961            5.6            4.2
    2453231.961           13.8            4.0
    2453233.909           16.5            3.9
     2453235.96            4.9            4.2
    2453265.899           -4.0            3.8
    2453268.919            0.5            4.0
     2453269.81           12.5            3.5
    2453286.828            4.1            3.8
    2453324.713            9.8            5.5
    2453354.654            6.6            3.8
    2453400.642           23.7            7.5
    2453550.983            6.0            4.4
    2453578.964           10.7            4.6
    2453613.923           15.0            4.2
    2453654.771           -1.0            4.1
    2453701.724           -6.2            4.6
    2453740.745            6.7            4.7
    2453911.993            0.4            3.6
    2453917.013           -2.5            3.9
    2453934.974           -1.0            3.9
    2453968.925           10.1            3.2
    2453981.851            5.9            3.8
    2453985.899           -3.3            4.0
    2454055.755           13.8            3.9
    2454297.975            8.5            4.1
    2454300.974           -8.0            4.0
    2454314.939            5.5            3.6
    2454318.981          -10.0            4.2
    2454344.859            0.7            4.3
    2454348.917            4.2            4.0
    2454391.887           -2.9            5.4
    2454394.775            8.0            4.2
    2454418.777            6.4            4.5
    2454420.763           -8.0            4.2
    2454440.653           -9.5            3.4
    2454443.651            6.0            3.6
    2454481.638            8.5            3.9
    2454503.651            9.9            4.3
    2454645.984            4.3            4.5
    2454646.968          -12.8            4.2
    2454668.009            7.0            3.7
    2454681.904            8.3            3.8
     2454683.97            5.6            3.8
    2454711.893           -9.2            4.1
    2454713.873            0.1            4.2
    2454715.882           -2.8            4.6
    2454716.875           16.4            4.1
    2454753.885            2.9            3.6
     2454755.85           -3.1            3.8
    2454777.733            3.1            4.1
    2454806.796            0.4            5.5
     2454808.77            1.5            4.3
    2454809.763            6.9            6.1
    2455026.973           -6.2            5.7
    2455063.965            6.8            5.0
    2455099.996           -0.4            4.9
    2455116.856           17.1            6.8
    2455154.739           15.8            7.6
    2455174.788           16.3            5.8
    2455364.972            6.0            5.0
    2455419.012            5.1            4.7
    2455446.847           -2.3            3.6
    2455446.856           -2.6            3.1
    2455463.833            5.6            5.2
    2455466.842           -4.9            4.8
    2455569.653           11.9            4.1
    2455571.713           10.3            4.6
    2455572.671           -0.4            4.8
    2455621.621            1.0            4.6
    2455757.974            5.0            5.0
    2455803.919           -4.5            4.3
    2455806.936            8.8            4.3
    2455828.781            3.6            4.2
    2455831.849            4.8            5.1
    2455861.842           -1.0            4.2
    2455864.796           20.8            4.4
    2455892.745            4.7            4.9
