    2451745.994            6.8            4.3
    2451778.895           -5.9            3.7
    2451808.867           -1.9            3.6
    2451853.766           -4.0            4.1
    2451856.801           -4.6            4.6
    2451898.637            2.7            8.0
    2451932.609            2.8            3.9
    2452163.861           -1.9            4.9
    2452175.851            2.3            4.0
    2452307.598           -1.0            4.5
    2452465.989            9.1            5.3
    2452483.985            3.1            5.0
    2452494.987            1.9            5.0
    2452517.936            2.6            5.2
     2452528.91            1.3            5.2
     2452530.91           -1.4            4.5
    2452541.904            4.3            4.5
    2452543.883            2.5            5.0
    2452559.914            5.3            6.4
    2452561.795            1.6            8.4
    2452571.791           -4.4            5.0
     2452589.81           -1.6            5.7
    2452603.782           -1.7            4.9
    2452605.724           -4.8            4.8
    2452616.772           -3.7            5.9
    2452665.604            0.6            4.2
    2452668.611            1.7            5.3
    2452837.972            4.0            5.4
    2452861.963           -4.1            4.1
    2452863.985            0.9            5.2
    2452879.918            0.7            4.2
    2452880.947            5.5            5.0
    2452898.911            1.9            4.7
    2452900.928            2.4            4.8
    2452932.839           -0.3            4.3
    2452934.804           -2.2            4.6
    2452963.753           -0.8            5.2
    2452965.809           -0.7            5.4
     2453022.63           -1.1            5.6
     2453208.01            1.1            3.8
    2453209.978            1.6            3.7
    2453214.961            1.6            4.2
    2453231.961           -3.5            4.0
    2453233.909           -4.3            3.9
     2453235.96           -1.9            4.2
    2453265.899            1.7            3.8
    2453268.919            2.9            4.0
     2453269.81            0.2            3.5
    2453286.828           -3.7            3.8
    2453324.713           -5.0            5.5
    2453354.654           -0.2            3.8
    2453400.642           -1.0            7.5
    2453550.983            8.7            4.4
    2453578.964            1.6            4.6
    2453613.923           -0.1            4.2
    2453654.771           -5.5            4.1
    2453701.724           -0.9            4.6
    2453740.745           -4.0            4.7
    2453911.993            3.8            3.6
    2453917.013            7.3            3.9
    2453934.974            1.1            3.9
    2453968.925            4.6            3.2
    2453981.851           -0.5            3.8
    2453985.899            2.0            4.0
    2454055.755           -3.0            3.9
    2454297.975            1.3            4.1
    2454300.974            3.1            4.0
    2454314.939           -4.1            3.6
    2454318.981           -2.2            4.2
    2454344.859            4.0            4.3
    2454348.917            4.4            4.0
    2454391.887           -1.2            5.4
    2454394.775           -7.9            4.2
    2454418.777           -1.9            4.5
    2454420.763           -0.2            4.2
    2454440.653            2.3            3.4
    2454443.651            0.8            3.6
    2454481.638           -4.3            3.9
    2454503.651           -1.3            4.3
    2454645.984            2.6            4.5
    2454646.968           -1.5            4.2
    2454668.009            1.4            3.7
    2454681.904           -2.4            3.8
     2454683.97            2.6            3.8
    2454711.893            2.4            4.1
    2454713.873            5.0            4.2
    2454715.882            3.8            4.6
    2454716.875            5.0            4.1
    2454753.885           -3.7            3.6
     2454755.85           -2.1            3.8
    2454777.733           -5.4            4.1
    2454806.796            4.7            5.5
     2454808.77           -0.5            4.3
    2454809.763            2.8            6.1
    2455026.973           -1.5            5.7
    2455063.965            4.3            5.0
    2455099.996            3.4            4.9
    2455116.856           -3.5            6.8
    2455154.739            2.2            7.6
    2455174.788            1.3            5.8
    2455364.972            1.9            5.0
    2455419.012           10.0            4.7
    2455446.847           -1.6            3.6
    2455446.856           -1.9            3.1
    2455463.833           -0.6            5.2
    2455466.842           -0.4            4.8
    2455569.653           -5.3            4.1
    2455571.713           -7.4            4.6
    2455572.671           -4.8            4.8
    2455621.621            0.6            4.6
    2455757.974            3.7            5.0
    2455803.919            3.7            4.3
    2455806.936            2.0            4.3
    2455828.781           -3.6            4.2
    2455831.849           -2.2            5.1
    2455861.842           -2.8            4.2
    2455864.796           -3.6            4.4
    2455892.745           -0.4            4.9
