    2451745.994           16.0            4.3
    2451778.895           11.0            3.7
    2451808.867            4.7            3.6
    2451853.766            8.0            4.1
    2451856.801           32.7            4.6
    2451898.637           13.3            8.0
    2451932.609            8.8            3.9
    2452163.861           15.7            4.9
    2452175.851            9.5            4.0
    2452307.598           15.1            4.5
    2452465.989            4.5            5.3
    2452483.985            1.9            5.0
    2452494.987           33.2            5.0
    2452517.936            0.9            5.2
     2452528.91           -4.3            5.2
     2452530.91            3.3            4.5
    2452541.904          -12.5            4.5
    2452543.883           -1.9            5.0
    2452559.914           26.2            6.4
    2452561.795           25.0            8.4
    2452571.791          -10.1            5.0
     2452589.81           22.4            5.7
    2452603.782           26.6            4.9
    2452605.724           35.6            4.8
    2452616.772           11.0            5.9
    2452665.604           -4.9            4.2
    2452668.611           10.2            5.3
    2452837.972           -7.7            5.4
    2452861.963            3.2            4.1
    2452863.985           19.6            5.2
    2452879.918          -11.8            4.2
    2452880.947            4.6            5.0
    2452898.911            0.9            4.7
    2452900.928          -10.5            4.8
    2452932.839           16.5            4.3
    2452934.804           -4.6            4.6
    2452963.753           -4.7            5.2
    2452965.809           21.6            5.4
     2453022.63            1.1            5.6
     2453208.01           -0.6            3.8
    2453209.978          -17.8            3.7
    2453214.961           -0.1            4.2
    2453231.961            6.1            4.0
    2453233.909           30.1            3.9
     2453235.96            9.9            4.2
    2453265.899          -13.0            3.8
    2453268.919            7.4            4.0
     2453269.81            3.9            3.5
    2453286.828            8.4            3.8
    2453324.713           16.9            5.5
    2453354.654           27.3            3.8
    2453400.642            7.2            7.5
    2453550.983           31.1            4.4
    2453578.964          -14.1            4.6
    2453613.923           -9.9            4.2
    2453654.771            5.1            4.1
    2453701.724           22.4            4.6
    2453740.745           23.7            4.7
    2453911.993           17.8            3.6
    2453917.013           15.7            3.9
    2453934.974          -14.2            3.9
    2453968.925           13.1            3.2
    2453981.851           11.8            3.8
    2453985.899           -1.7            4.0
    2454055.755           -1.7            3.9
    2454297.975           -4.3            4.1
    2454300.974           -9.8            4.0
    2454314.939           15.1            3.6
    2454318.981           16.2            4.2
    2454344.859            9.9            4.3
    2454348.917           -1.9            4.0
    2454391.887           16.0            5.4
    2454394.775            8.2            4.2
    2454418.777           -1.3            4.5
    2454420.763           16.4            4.2
    2454440.653           13.7            3.4
    2454443.651           11.2            3.6
    2454481.638            6.9            3.9
    2454503.651           -2.2            4.3
    2454645.984           29.5            4.5
    2454646.968           12.6            4.2
    2454668.009          -11.1            3.7
    2454681.904            8.9            3.8
     2454683.97          -11.7            3.8
    2454711.893            6.1            4.1
    2454713.873            8.7            4.2
    2454715.882            6.7            4.6
    2454716.875           -5.2            4.1
    2454753.885           13.7            3.6
     2454755.85            1.5            3.8
    2454777.733           -1.6            4.1
    2454806.796           10.9            5.5
     2454808.77           16.1            4.3
    2454809.763           49.5            6.1
    2455026.973           -4.1            5.7
    2455063.965           29.6            5.0
    2455099.996           -1.1            4.9
    2455116.856           22.2            6.8
    2455154.739          -22.4            7.6
    2455174.788           16.7            5.8
    2455364.972           -0.9            5.0
    2455419.012           -0.7            4.7
    2455446.847           -2.0            3.6
    2455446.856           -2.4            3.1
    2455463.833            2.7            5.2
    2455466.842           31.3            4.8
    2455569.653            7.3            4.1
    2455571.713           29.2            4.6
    2455572.671           -1.4            4.8
    2455621.621           -4.7            4.6
    2455757.974           16.9            5.0
    2455803.919           11.2            4.3
    2455806.936           15.2            4.3
    2455828.781           -8.2            4.2
    2455831.849           -4.2            5.1
    2455861.842            0.1            4.2
    2455864.796           11.4            4.4
    2455892.745           26.0            4.9
