    2451745.994           -3.6            4.3
    2451778.895           19.1            3.7
    2451808.867           -5.2            3.6
    2451853.766          -12.1            4.1
    2451856.801           21.6            4.6
    2451898.637           16.8            8.0
    2451932.609           -8.3            3.9
    2452163.861           21.5            4.9
    2452175.851           27.6            4.0
    2452307.598          -10.6            4.5
    2452465.989           18.2            5.3
    2452483.985           -6.3            5.0
    2452494.987           17.5            5.0
    2452517.936            7.3            5.2
     2452528.91          -14.1            5.2
     2452530.91            5.7            4.5
    2452541.904          -13.7            4.5
    2452543.883           -0.8            5.0
    2452559.914           25.7            6.4
    2452561.795           32.4            8.4
    2452571.791           -0.7            5.0
     2452589.81           26.4            5.7
    2452603.782           18.7            4.9
    2452605.724           14.1            4.8
    2452616.772           22.9            5.9
    2452665.604          -14.0            4.2
    2452668.611           13.4            5.3
    2452837.972           18.7            5.4
    2452861.963            9.3            4.1
    2452863.985           30.4            5.2
    2452879.918           27.0            4.2
    2452880.947           21.1            5.0
    2452898.911          -14.2            4.7
    2452900.928          -12.8            4.8
    2452932.839           18.7            4.3
    2452934.804           26.1            4.6
    2452963.753           13.6            5.2
    2452965.809           -8.2            5.4
     2453022.63           -8.1            5.6
     2453208.01            9.2            3.8
    2453209.978           18.9            3.7
    2453214.961           -1.7            4.2
    2453231.961          -22.2            4.0
    2453233.909          -13.5            3.9
     2453235.96           12.7            4.2
    2453265.899           29.3            3.8
    2453268.919            0.2            4.0
     2453269.81            3.4            3.5
    2453286.828          -19.4            3.8
    2453324.713            6.4            5.5
    2453354.654          -16.7            3.8
    2453400.642           22.8            7.5
    2453550.983          -14.1            4.4
    2453578.964            2.9            4.6
    2453613.923            7.9            4.2
    2453654.771           17.3            4.1
    2453701.724           -3.8            4.6
    2453740.745           -2.1            4.7
    2453911.993           10.0            3.6
    2453917.013           13.5            3.9
    2453934.974          -12.4            3.9
    2453968.925           22.1            3.2
    2453981.851           21.9            3.8
    2453985.899            6.2            4.0
    2454055.755            1.1            3.9
    2454297.975           12.6            4.1
    2454300.974           24.1            4.0
    2454314.939           23.2            3.6
    2454318.981          -18.5            4.2
    2454344.859           17.8            4.3
    2454348.917          -12.0            4.0
    2454391.887            7.8            5.4
    2454394.775           15.5            4.2
    2454418.777           -2.6            4.5
    2454420.763           11.8            4.2
    2454440.653           -2.1            3.4
    2454443.651          -21.5            3.6
    2454481.638           -4.7            3.9
    2454503.651           35.3            4.3
    2454645.984           23.3            4.5
    2454646.968           20.9            4.2
    2454668.009            4.9            3.7
    2454681.904          -11.6            3.8
     2454683.97           17.4            3.8
    2454711.893           18.1            4.1
    2454713.873           25.9            4.2
    2454715.882           15.2            4.6
    2454716.875            4.8            4.1
    2454753.885           19.5            3.6
     2454755.85           14.7            3.8
    2454777.733           -1.8            4.1
    2454806.796           27.3            5.5
     2454808.77           25.5            4.3
    2454809.763           22.0            6.1
    2455026.973           -2.8            5.7
    2455063.965          -14.2            5.0
    2455099.996           20.4            4.9
    2455116.856            5.2            6.8
    2455154.739           22.3            7.6
    2455174.788          -15.5            5.8
    2455364.972           14.0            5.0
    2455419.012           16.9            4.7
    2455446.847           15.6            3.6
    2455446.856           14.0            3.1
    2455463.833          -10.4            5.2
    2455466.842          -10.6            4.8
    2455569.653           12.3            4.1
    2455571.713          -15.3            4.6
    2455572.671          -17.9            4.8
    2455621.621           19.5            4.6
    2455757.974           -4.6            5.0
    2455803.919           20.5            4.3
    2455806.936           -7.9            4.3
    2455828.781           16.6            4.2
    2455831.849           26.8            5.1
    2455861.842           -4.5            4.2
    2455864.796           -4.8            4.4
    2455892.745          -13.8            4.9
