    2451745.994            3.6            4.3
    2451778.895           27.5            3.7
    2451808.867            3.3            3.6
    2451853.766          -10.4            4.1
    2451856.801            0.7            4.6
    2451898.637            8.1            8.0
    2451932.609            4.1            3.9
    2452163.861           11.5            4.9
    2452175.851            5.0            4.0
    2452307.598           10.6            4.5
    2452465.989           10.0            5.3
    2452483.985            2.6            5.0
    2452494.987            5.9            5.0
    2452517.936            2.6            5.2
     2452528.91           -1.6            5.2
     2452530.91            1.5            4.5
    2452541.904           10.0            4.5
    2452543.883           -1.1            5.0
    2452559.914           13.3            6.4
    2452561.795            8.8            8.4
    2452571.791            8.9            5.0
     2452589.81           -6.9            5.7
    2452603.782           16.4            4.9
    2452605.724           -1.3            4.8
    2452616.772            7.8            5.9
    2452665.604           17.4            4.2
    2452668.611           17.7            5.3
    2452837.972           11.3            5.4
    2452861.963            8.8            4.1
    2452863.985            8.0            5.2
    2452879.918            3.3            4.2
    2452880.947           -1.0            5.0
    2452898.911            1.2            4.7
    2452900.928            0.9            4.8
    2452932.839            3.3            4.3
    2452934.804           10.6            4.6
    2452963.753           -6.2            5.2
    2452965.809            3.2            5.4
     2453022.63           -1.2            5.6
     2453208.01           -7.9            3.8
    2453209.978           15.7            3.7
    2453214.961            7.7            4.2
    2453231.961            1.7            4.0
    2453233.909           21.4            3.9
     2453235.96            5.4            4.2
    2453265.899           -0.5            3.8
    2453268.919           10.5            4.0
     2453269.81            6.9            3.5
    2453286.828            6.1            3.8
    2453324.713            5.9            5.5
    2453354.654           21.4            3.8
    2453400.642           13.8            7.5
    2453550.983            7.7            4.4
    2453578.964           -6.0            4.6
    2453613.923            9.4            4.2
    2453654.771           17.0            4.1
    2453701.724           14.8            4.6
    2453740.745           12.5            4.7
    2453911.993            6.4            3.6
    2453917.013            2.5            3.9
    2453934.974            7.5            3.9
    2453968.925            6.0            3.2
    2453981.851           10.4            3.8
    2453985.899            8.3            4.0
    2454055.755            8.0            3.9
    2454297.975           16.9            4.1
    2454300.974            0.4            4.0
    2454314.939            1.5            3.6
    2454318.981            9.0            4.2
    2454344.859            6.0            4.3
    2454348.917          -12.2            4.0
    2454391.887           -1.2            5.4
    2454394.775           -3.4            4.2
    2454418.777           -5.5            4.5
    2454420.763           -3.6            4.2
    2454440.653           -4.9            3.4
    2454443.651          -10.1            3.6
    2454481.638           -3.3            3.9
    2454503.651            7.0            4.3
    2454645.984           21.2            4.5
    2454646.968           20.3            4.2
    2454668.009            6.6            3.7
    2454681.904           14.4            3.8
     2454683.97           16.3            3.8
    2454711.893            8.2            4.1
    2454713.873           12.3            4.2
    2454715.882            3.1            4.6
    2454716.875           16.8            4.1
    2454753.885           11.6            3.6
     2454755.85           -6.0            3.8
    2454777.733            4.1            4.1
    2454806.796           11.6            5.5
     2454808.77           13.6            4.3
    2454809.763           24.8            6.1
    2455026.973            6.3            5.7
    2455063.965            9.2            5.0
    2455099.996            5.0            4.9
    2455116.856            0.7            6.8
    2455154.739           -7.6            7.6
    2455174.788           13.3            5.8
    2455364.972          -15.9            5.0
    2455419.012            8.1            4.7
    2455446.847            8.6            3.6
    2455446.856            8.1            3.1
    2455463.833            6.4            5.2
    2455466.842          -11.5            4.8
    2455569.653           12.8            4.1
    2455571.713            7.7            4.6
    2455572.671           10.1            4.8
    2455621.621           -9.2            4.6
    2455757.974           13.7            5.0
    2455803.919           -9.6            4.3
    2455806.936           -9.1            4.3
    2455828.781           -4.4            4.2
    2455831.849           -5.9            5.1
    2455861.842            0.4            4.2
    2455864.796           -8.7            4.4
    2455892.745            0.5            4.9
