    2451745.994           13.3            4.3
    2451778.895            9.0            3.7
    2451808.867            1.0            3.6
    2451853.766           -2.3            4.1
    2451856.801           -0.5            4.6
    2451898.637            5.5            8.0
    2451932.609            4.4            3.9
    2452163.861           -2.1            4.9
    2452175.851            5.3            4.0
    2452307.598           14.0            4.5
    2452465.989           15.0            5.3
    2452483.985           10.1            5.0
    2452494.987            7.4            5.0
    2452517.936            7.8            5.2
     2452528.91            6.8            5.2
     2452530.91           -1.6            4.5
    2452541.904           -5.1            4.5
    2452543.883            2.4            5.0
    2452559.914            1.6            6.4
    2452561.795           10.9            8.4
    2452571.791            9.3            5.0
     2452589.81            8.5            5.7
    2452603.782            2.7            4.9
    2452605.724           10.4            4.8
    2452616.772           15.0            5.9
    2452665.604            3.9            4.2
    2452668.611           14.7            5.3
    2452837.972            6.8            5.4
    2452861.963           11.2            4.1
    2452863.985           10.6            5.2
    2452879.918            8.7            4.2
    2452880.947            8.7            5.0
    2452898.911            4.2            4.7
    2452900.928           -3.2            4.8
    2452932.839            7.3            4.3
    2452934.804            3.2            4.6
    2452963.753            2.3            5.2
    2452965.809            7.7            5.4
     2453022.63           12.7            5.6
     2453208.01            3.1            3.8
    2453209.978           -3.0            3.7
    2453214.961           10.9            4.2
    2453231.961           10.8            4.0
    2453233.909            5.9            3.9
     2453235.96           -2.2            4.2
    2453265.899            5.4            3.8
    2453268.919            6.5            4.0
     2453269.81            2.4            3.5
    2453286.828            4.2            3.8
    2453324.713            3.5            5.5
    2453354.654            8.7            3.8
    2453400.642            8.8            7.5
    2453550.983            5.4            4.4
    2453578.964            1.7            4.6
    2453613.923           -4.7            4.2
    2453654.771            7.6            4.1
    2453701.724            2.1            4.6
    2453740.745            9.1            4.7
    2453911.993            2.1            3.6
    2453917.013            4.6            3.9
    2453934.974            8.6            3.9
    2453968.925           -3.6            3.2
    2453981.851            3.9            3.8
    2453985.899           -0.5            4.0
    2454055.755            1.5            3.9
    2454297.975            9.8            4.1
    2454300.974           -0.9            4.0
    2454314.939            6.5            3.6
    2454318.981           -6.5            4.2
    2454344.859           -1.1            4.3
    2454348.917            9.9            4.0
    2454391.887            8.9            5.4
    2454394.775           12.1            4.2
    2454418.777            9.3            4.5
    2454420.763           10.9            4.2
    2454440.653            2.3            3.4
    2454443.651            2.9            3.6
    2454481.638            5.7            3.9
    2454503.651           -2.2            4.3
    2454645.984           -0.2            4.5
    2454646.968            3.8            4.2
    2454668.009            5.2            3.7
    2454681.904           -1.9            3.8
     2454683.97            4.5            3.8
    2454711.893            9.0            4.1
    2454713.873            1.2            4.2
    2454715.882            0.7            4.6
    2454716.875            3.5            4.1
    2454753.885           13.1            3.6
     2454755.85           12.9            3.8
    2454777.733            0.5            4.1
    2454806.796           13.4            5.5
     2454808.77           10.2            4.3
    2454809.763            8.0            6.1
    2455026.973            9.2            5.7
    2455063.965            9.4            5.0
    2455099.996            5.1            4.9
    2455116.856           15.3            6.8
    2455154.739            1.4            7.6
    2455174.788            7.4            5.8
    2455364.972           -0.4            5.0
    2455419.012           -0.7            4.7
    2455446.847           -0.5            3.6
    2455446.856           -1.0            3.1
    2455463.833            2.3            5.2
    2455466.842           13.7            4.8
    2455569.653           -2.2            4.1
    2455571.713            6.7            4.6
    2455572.671            9.5            4.8
    2455621.621            0.6            4.6
    2455757.974            5.7            5.0
    2455803.919            5.0            4.3
    2455806.936           -1.3            4.3
    2455828.781           14.0            4.2
    2455831.849            4.8            5.1
    2455861.842            5.0            4.2
    2455864.796            6.1            4.4
    2455892.745            1.9            4.9
