    2451745.994           -0.0            4.3
    2451778.895           21.0            3.7
    2451808.867           12.6            3.6
    2451853.766           12.6            4.1
    2451856.801           -0.9            4.6
    2451898.637            9.8            8.0
    2451932.609           -5.3            3.9
    2452163.861           17.5            4.9
    2452175.851           14.9            4.0
    2452307.598           11.9            4.5
    2452465.989           11.8            5.3
    2452483.985           10.8            5.0
    2452494.987            3.8            5.0
    2452517.936           -9.5            5.2
     2452528.91            8.9            5.2
     2452530.91            5.4            4.5
    2452541.904           -2.8            4.5
    2452543.883            3.9            5.0
    2452559.914           -2.0            6.4
    2452561.795            3.7            8.4
    2452571.791            3.5            5.0
     2452589.81            4.2            5.7
    2452603.782          -13.1            4.9
    2452605.724            6.3            4.8
    2452616.772            6.3            5.9
    2452665.604            9.2            4.2
    2452668.611           -5.3            5.3
    2452837.972            0.7            5.4
    2452861.963            1.4            4.1
    2452863.985            2.8            5.2
    2452879.918            2.1            4.2
    2452880.947           13.4            5.0
    2452898.911           -0.5            4.7
    2452900.928           -0.3            4.8
    2452932.839            6.4            4.3
    2452934.804            3.5            4.6
    2452963.753           -9.8            5.2
    2452965.809            2.7            5.4
     2453022.63           25.9            5.6
     2453208.01           13.2            3.8
    2453209.978            4.4            3.7
    2453214.961           18.5            4.2
    2453231.961            2.9            4.0
    2453233.909            1.8            3.9
     2453235.96           20.7            4.2
    2453265.899           10.3            3.8
    2453268.919           11.1            4.0
     2453269.81          -12.3            3.5
    2453286.828            0.1            3.8
    2453324.713            2.1            5.5
    2453354.654           17.3            3.8
    2453400.642            3.7            7.5
    2453550.983            8.9            4.4
    2453578.964           13.5            4.6
    2453613.923            2.2            4.2
    2453654.771          -14.5            4.1
    2453701.724           14.6            4.6
    2453740.745          -12.8            4.7
    2453911.993          -12.9            3.6
    2453917.013          -10.7            3.9
    2453934.974           11.5            3.9
    2453968.925            5.4            3.2
    2453981.851          -13.4            3.8
    2453985.899           -1.2            4.0
    2454055.755           -6.9            3.9
    2454297.975            4.7            4.1
    2454300.974           14.1            4.0
    2454314.939           18.6            3.6
    2454318.981           17.0            4.2
    2454344.859           14.1            4.3
    2454348.917            0.8            4.0
    2454391.887            9.3            5.4
    2454394.775           -4.4            4.2
    2454418.777            3.4            4.5
    2454420.763            2.6            4.2
    2454440.653           -2.9            3.4
    2454443.651          -16.9            3.6
    2454481.638            4.6            3.9
    2454503.651            3.8            4.3
    2454645.984           15.9            4.5
    2454646.968           23.7            4.2
    2454668.009            4.9            3.7
    2454681.904            0.0            3.8
     2454683.97           19.5            3.8
    2454711.893           20.7            4.1
    2454713.873            6.4            4.2
    2454715.882           12.9            4.6
    2454716.875            0.1            4.1
    2454753.885            1.4            3.6
     2454755.85            7.2            3.8
    2454777.733            3.1            4.1
    2454806.796           22.4            5.5
     2454808.77            5.4            4.3
    2454809.763            4.7            6.1
    2455026.973           20.9            5.7
    2455063.965           19.1            5.0
    2455099.996           -3.3            4.9
    2455116.856           10.6            6.8
    2455154.739           17.5            7.6
    2455174.788            4.6            5.8
    2455364.972           -4.8            5.0
    2455419.012           20.1            4.7
    2455446.847            7.9            3.6
    2455446.856            7.6            3.1
    2455463.833            3.7            5.2
    2455466.842          -13.1            4.8
    2455569.653            5.4            4.1
    2455571.713            7.1            4.6
    2455572.671            0.4            4.8
    2455621.621           -3.3            4.6
    2455757.974           14.7            5.0
    2455803.919           20.7            4.3
    2455806.936            5.9            4.3
    2455828.781           -1.0            4.2
    2455831.849           13.7            5.1
    2455861.842           17.7            4.2
    2455864.796           16.4            4.4
    2455892.745            4.5            4.9
