    2451745.994            8.9            4.3
    2451778.895            7.0            3.7
    2451808.867           -6.9            3.6
    2451853.766           -5.7            4.1
    2451856.801           -9.0            4.6
    2451898.637           16.1            8.0
    2451932.609            0.8            3.9
    2452163.861           -5.5            4.9
    2452175.851            7.9            4.0
    2452307.598           19.3            4.5
    2452465.989           -6.0            5.3
    2452483.985           -1.3            5.0
    2452494.987           -3.0            5.0
    2452517.936           -0.9            5.2
     2452528.91           -6.4            5.2
     2452530.91            7.3            4.5
    2452541.904            6.8            4.5
    2452543.883           -0.7            5.0
    2452559.914           10.9            6.4
    2452561.795            0.7            8.4
    2452571.791           -5.4            5.0
     2452589.81           -0.4            5.7
    2452603.782            8.6            4.9
    2452605.724           -3.6            4.8
    2452616.772            0.2            5.9
    2452665.604           10.0            4.2
    2452668.611           13.7            5.3
    2452837.972            3.8            5.4
    2452861.963            9.0            4.1
    2452863.985           -7.8            5.2
    2452879.918            3.3            4.2
    2452880.947           12.0            5.0
    2452898.911           15.1            4.7
    2452900.928           -1.8            4.8
    2452932.839            4.8            4.3
    2452934.804           11.7            4.6
    2452963.753            8.7            5.2
    2452965.809            3.6            5.4
     2453022.63           16.9            5.6
     2453208.01            1.9            3.8
    2453209.978            8.1            3.7
    2453214.961           -8.6            4.2
    2453231.961            1.3            4.0
    2453233.909            4.2            3.9
     2453235.96            0.0            4.2
    2453265.899           -6.6            3.8
    2453268.919            1.6            4.0
     2453269.81           -0.3            3.5
    2453286.828            4.0            3.8
    2453324.713           -3.9            5.5
    2453354.654            7.3            3.8
    2453400.642           -7.1            7.5
    2453550.983           -5.2            4.4
    2453578.964            1.8            4.6
    2453613.923            8.6            4.2
    2453654.771           14.4            4.1
    2453701.724           15.0            4.6
    2453740.745           -1.1            4.7
    2453911.993           -2.8            3.6
    2453917.013           10.1            3.9
    2453934.974            7.1            3.9
    2453968.925           10.5            3.2
    2453981.851           -3.2            3.8
    2453985.899            8.8            4.0
    2454055.755           11.1            3.9
    2454297.975            0.5            4.1
    2454300.974            9.2            4.0
    2454314.939           11.1            3.6
    2454318.981           10.9            4.2
    2454344.859            9.9            4.3
    2454348.917            0.2            4.0
    2454391.887           12.5            5.4
    2454394.775            5.3            4.2
    2454418.777           -2.3            4.5
    2454420.763           13.5            4.2
    2454440.653           -8.2            3.4
    2454443.651            8.2            3.6
    2454481.638           -5.5            3.9
    2454503.651           -3.9            4.3
    2454645.984            1.4            4.5
    2454646.968           17.0            4.2
    2454668.009           -4.9            3.7
    2454681.904           -9.1            3.8
     2454683.97           11.3            3.8
    2454711.893           -1.0            4.1
    2454713.873            0.7            4.2
    2454715.882            3.3            4.6
    2454716.875           11.6            4.1
    2454753.885           10.3            3.6
     2454755.85            3.9            3.8
    2454777.733            0.6            4.1
    2454806.796           -1.7            5.5
     2454808.77            3.6            4.3
    2454809.763           -3.9            6.1
    2455026.973           18.6            5.7
    2455063.965            8.5            5.0
    2455099.996           15.1            4.9
    2455116.856            1.7            6.8
    2455154.739           16.5            7.6
    2455174.788           -8.3            5.8
    2455364.972            0.7            5.0
    2455419.012           -7.7            4.7
    2455446.847           11.8            3.6
    2455446.856           11.2            3.1
    2455463.833           -2.2            5.2
    2455466.842           -6.7            4.8
    2455569.653           -2.8            4.1
    2455571.713           -0.1            4.6
    2455572.671           -8.1            4.8
    2455621.621           15.5            4.6
    2455757.974            3.3            5.0
    2455803.919           11.9            4.3
    2455806.936            5.9            4.3
    2455828.781           -1.5            4.2
    2455831.849           -9.0            5.1
    2455861.842           -0.1            4.2
    2455864.796           -5.5            4.4
    2455892.745            4.2            4.9
