    2451745.994          -15.4            4.3
    2451778.895            2.3            3.7
    2451808.867          -35.8            3.6
    2451853.766          -35.2            4.1
    2451856.801          -32.3            4.6
    2451898.637           15.1            8.0
    2451932.609          -20.3            3.9
    2452163.861           -5.6            4.9
    2452175.851           26.9            4.0
    2452307.598           15.3            4.5
    2452465.989          -14.5            5.3
    2452483.985           31.2            5.0
    2452494.987          -21.2            5.0
    2452517.936           28.2            5.2
     2452528.91            1.5            5.2
     2452530.91           31.8            4.5
    2452541.904          -16.1            4.5
    2452543.883          -19.1            5.0
    2452559.914           24.6            6.4
    2452561.795            4.2            8.4
    2452571.791           -6.5            5.0
     2452589.81          -26.6            5.7
    2452603.782           23.3            4.9
    2452605.724            1.3            4.8
    2452616.772            6.5            5.9
    2452665.604            5.2            4.2
    2452668.611            0.9            5.3
    2452837.972           -5.7            5.4
    2452861.963           36.9            4.1
    2452863.985            7.9            5.2
    2452879.918           30.8            4.2
    2452880.947           28.1            5.0
    2452898.911           36.7            4.7
    2452900.928           -0.0            4.8
    2452932.839            3.8            4.3
    2452934.804          -14.0            4.6
    2452963.753            2.1            5.2
    2452965.809          -24.3            5.4
     2453022.63           35.1            5.6
     2453208.01           16.0            3.8
    2453209.978           29.9            3.7
    2453214.961            1.4            4.2
    2453231.961          -41.9            4.0
    2453233.909          -30.6            3.9
     2453235.96           10.3            4.2
    2453265.899          -17.9            3.8
    2453268.919           -2.1            4.0
     2453269.81           11.0            3.5
    2453286.828           15.6            3.8
    2453324.713           23.0            5.5
    2453354.654           12.6            3.8
    2453400.642           28.6            7.5
    2453550.983           33.5            4.4
    2453578.964          -27.1            4.6
    2453613.923           24.7            4.2
    2453654.771          -13.8            4.1
    2453701.724           16.2            4.6
    2453740.745           14.8            4.7
    2453911.993           20.2            3.6
    2453917.013           10.8            3.9
    2453934.974           23.6            3.9
    2453968.925          -18.0            3.2
    2453981.851           12.3            3.8
    2453985.899          -20.1            4.0
    2454055.755           31.5            3.9
    2454297.975          -12.1            4.1
    2454300.974           11.1            4.0
    2454314.939          -15.2            3.6
    2454318.981           31.4            4.2
    2454344.859          -17.0            4.3
    2454348.917           10.7            4.0
    2454391.887          -12.8            5.4
    2454394.775            4.9            4.2
    2454418.777           26.6            4.5
    2454420.763          -12.3            4.2
    2454440.653            1.1            3.4
    2454443.651          -10.5            3.6
    2454481.638           26.9            3.9
    2454503.651            3.0            4.3
    2454645.984            0.7            4.5
    2454646.968           -7.7            4.2
    2454668.009            0.6            3.7
    2454681.904           23.2            3.8
     2454683.97          -16.0            3.8
    2454711.893           11.1            4.1
    2454713.873           24.4            4.2
    2454715.882           18.8            4.6
    2454716.875           17.0            4.1
    2454753.885          -14.2            3.6
     2454755.85           11.6            3.8
    2454777.733           17.6            4.1
    2454806.796            2.4            5.5
     2454808.77           31.8            4.3
    2454809.763           15.6            6.1
    2455026.973           13.1            5.7
    2455063.965          -13.6            5.0
    2455099.996           -3.1            4.9
    2455116.856           -2.5            6.8
    2455154.739           22.2            7.6
    2455174.788          -19.2            5.8
    2455364.972          -27.3            5.0
    2455419.012           13.9            4.7
    2455446.847           -0.9            3.6
    2455446.856           -0.2            3.1
    2455463.833           27.9            5.2
    2455466.842            4.5            4.8
    2455569.653          -21.7            4.1
    2455571.713           -6.1            4.6
    2455572.671          -14.8            4.8
    2455621.621            4.7            4.6
    2455757.974           12.7            5.0
    2455803.919          -13.7            4.3
    2455806.936            3.1            4.3
    2455828.781           18.4            4.2
    2455831.849           -3.9            5.1
    2455861.842          -15.3            4.2
    2455864.796          -21.9            4.4
    2455892.745            2.4            4.9
