    2451745.994            3.2            4.3
    2451778.895           -2.3            3.7
    2451808.867            4.5            3.6
    2451853.766            1.3            4.1
    2451856.801            7.5            4.6
    2451898.637           10.7            8.0
    2451932.609           -3.9            3.9
    2452163.861           10.8            4.9
    2452175.851            2.1            4.0
    2452307.598           -7.5            4.5
    2452465.989            0.9            5.3
    2452483.985           -1.2            5.0
    2452494.987            8.5            5.0
    2452517.936            1.4            5.2
     2452528.91            3.7            5.2
     2452530.91            6.1            4.5
    2452541.904            1.3            4.5
    2452543.883            7.6            5.0
    2452559.914            5.1            6.4
    2452561.795            5.7            8.4
    2452571.791           -2.4            5.0
     2452589.81           16.6            5.7
    2452603.782           11.5            4.9
    2452605.724           11.1            4.8
    2452616.772            5.4            5.9
    2452665.604           14.8            4.2
    2452668.611           -1.5            5.3
    2452837.972           18.0            5.4
    2452861.963            6.1            4.1
    2452863.985            2.9            5.2
    2452879.918           -1.7            4.2
    2452880.947           10.8            5.0
    2452898.911            3.8            4.7
    2452900.928           -0.6            4.8
    2452932.839            3.0            4.3
    2452934.804            4.1            4.6
    2452963.753            6.1            5.2
    2452965.809            2.0            5.4
     2453022.63            8.9            5.6
     2453208.01           -2.8            3.8
    2453209.978            0.8            3.7
    2453214.961            9.9            4.2
    2453231.961           -1.1            4.0
    2453233.909            3.5            3.9
     2453235.96           -1.6            4.2
    2453265.899            7.1            3.8
    2453268.919           -1.0            4.0
     2453269.81            3.7            3.5
    2453286.828           10.0            3.8
    2453324.713            2.8            5.5
    2453354.654            5.8            3.8
    2453400.642            1.0            7.5
    2453550.983            9.0            4.4
    2453578.964            5.6            4.6
    2453613.923           -1.8            4.2
    2453654.771           -1.5            4.1
    2453701.724           -6.8            4.6
    2453740.745            2.1            4.7
    2453911.993           -2.5            3.6
    2453917.013           -0.8            3.9
    2453934.974            1.9            3.9
    2453968.925            9.1            3.2
    2453981.851           12.3            3.8
    2453985.899            6.5            4.0
    2454055.755            8.9            3.9
    2454297.975            6.3            4.1
    2454300.974           -1.6            4.0
    2454314.939           -2.8            3.6
    2454318.981            6.6            4.2
    2454344.859           -0.9            4.3
    2454348.917           14.1            4.0
    2454391.887           10.9            5.4
    2454394.775            4.2            4.2
    2454418.777           -3.2            4.5
    2454420.763           -5.8            4.2
    2454440.653           12.3            3.4
    2454443.651           -0.3            3.6
    2454481.638           15.2            3.9
    2454503.651            2.0            4.3
    2454645.984            2.4            4.5
    2454646.968           -1.6            4.2
    2454668.009           -1.3            3.7
    2454681.904           -7.8            3.8
     2454683.97           -3.4            3.8
    2454711.893           -4.7            4.1
    2454713.873            3.6            4.2
    2454715.882           11.9            4.6
    2454716.875            6.2            4.1
    2454753.885            6.7            3.6
     2454755.85           -0.7            3.8
    2454777.733            1.9            4.1
    2454806.796           -0.5            5.5
     2454808.77           -6.8            4.3
    2454809.763            6.2            6.1
    2455026.973            7.6            5.7
    2455063.965            0.9            5.0
    2455099.996           -9.5            4.9
    2455116.856            9.7            6.8
    2455154.739            4.2            7.6
    2455174.788            3.7            5.8
    2455364.972            3.9            5.0
    2455419.012           15.4            4.7
    2455446.847            0.9            3.6
    2455446.856            0.8            3.1
    2455463.833           14.9            5.2
    2455466.842           -6.1            4.8
    2455569.653            1.1            4.1
    2455571.713           -5.5            4.6
    2455572.671            0.8            4.8
    2455621.621            8.3            4.6
    2455757.974            5.0            5.0
    2455803.919            3.9            4.3
    2455806.936            0.5            4.3
    2455828.781            2.1            4.2
    2455831.849            4.0            5.1
    2455861.842            5.6            4.2
    2455864.796           -2.9            4.4
    2455892.745            1.2            4.9
