    2451745.994          -21.8            4.3
    2451778.895           -4.6            3.7
    2451808.867            8.4            3.6
    2451853.766           22.0            4.1
    2451856.801           -4.2            4.6
    2451898.637            3.8            8.0
    2451932.609           -0.0            3.9
    2452163.861           -7.1            4.9
    2452175.851            9.7            4.0
    2452307.598            4.9            4.5
    2452465.989            4.5            5.3
    2452483.985            4.2            5.0
    2452494.987          -23.9            5.0
    2452517.936           11.2            5.2
     2452528.91           30.8            5.2
     2452530.91           -2.3            4.5
    2452541.904           -6.8            4.5
    2452543.883           27.4            5.0
    2452559.914          -10.3            6.4
    2452561.795           43.5            8.4
    2452571.791          -10.1            5.0
     2452589.81          -16.8            5.7
    2452603.782           -4.5            4.9
    2452605.724           32.8            4.8
    2452616.772           20.6            5.9
    2452665.604           10.5            4.2
    2452668.611           14.6            5.3
    2452837.972          -13.2            5.4
    2452861.963           20.2            4.1
    2452863.985           -8.7            5.2
    2452879.918            8.4            4.2
    2452880.947           -7.1            5.0
    2452898.911            4.6            4.7
    2452900.928            2.4            4.8
    2452932.839            9.2            4.3
    2452934.804          -18.0            4.6
    2452963.753          -28.3            5.2
    2452965.809           19.4            5.4
     2453022.63           -0.4            5.6
     2453208.01           17.1            3.8
    2453209.978           32.5            3.7
    2453214.961          -23.5            4.2
    2453231.961           12.0            4.0
    2453233.909            8.1            3.9
     2453235.96           -2.3            4.2
    2453265.899            7.8            3.8
    2453268.919           11.1            4.0
     2453269.81           15.1            3.5
    2453286.828           12.5            3.8
    2453324.713           18.2            5.5
    2453354.654           28.5            3.8
    2453400.642          -21.0            7.5
    2453550.983           -3.8            4.4
    2453578.964           -2.9            4.6
    2453613.923           25.8            4.2
    2453654.771           -7.5            4.1
    2453701.724            0.2            4.6
    2453740.745            9.0            4.7
    2453911.993          -10.4            3.6
    2453917.013           -4.2            3.9
    2453934.974          -23.1            3.9
    2453968.925           24.8            3.2
    2453981.851          -10.9            3.8
    2453985.899           -6.4            4.0
    2454055.755          -12.5            3.9
    2454297.975          -15.3            4.1
    2454300.974          -19.4            4.0
    2454314.939           -3.4            3.6
    2454318.981           -7.8            4.2
    2454344.859          -12.0            4.3
    2454348.917            2.4            4.0
    2454391.887          -11.1            5.4
    2454394.775           -6.8            4.2
    2454418.777           -3.5            4.5
    2454420.763           15.0            4.2
    2454440.653           23.7            3.4
    2454443.651            9.2            3.6
    2454481.638           19.4            3.9
    2454503.651          -12.8            4.3
    2454645.984           -2.9            4.5
    2454646.968           40.7            4.2
    2454668.009           18.4            3.7
    2454681.904            2.6            3.8
     2454683.97          -14.8            3.8
    2454711.893           16.2            4.1
    2454713.873           -1.1            4.2
    2454715.882          -16.9            4.6
    2454716.875           -2.3            4.1
    2454753.885           25.9            3.6
     2454755.85            5.2            3.8
    2454777.733          -14.3            4.1
    2454806.796           14.6            5.5
     2454808.77            7.8            4.3
    2454809.763            6.9            6.1
    2455026.973           -0.2            5.7
    2455063.965           -3.8            5.0
    2455099.996          -17.0            4.9
    2455116.856           21.2            6.8
    2455154.739            4.7            7.6
    2455174.788            2.8            5.8
    2455364.972            3.4            5.0
    2455419.012            0.6            4.7
    2455446.847           15.7            3.6
    2455446.856           15.3            3.1
    2455463.833           19.9            5.2
    2455466.842            2.9            4.8
    2455569.653           -6.5            4.1
    2455571.713           -6.6            4.6
    2455572.671            1.0            4.8
    2455621.621          -13.7            4.6
    2455757.974           -6.0            5.0
    2455803.919           10.1            4.3
    2455806.936           21.7            4.3
    2455828.781           -5.1            4.2
    2455831.849           -4.0            5.1
    2455861.842            5.7            4.2
    2455864.796            7.6            4.4
    2455892.745           -8.2            4.9
