    2451745.994            4.4            4.3
    2451778.895            6.5            3.7
    2451808.867            5.4            3.6
    2451853.766           18.4            4.1
    2451856.801            8.5            4.6
    2451898.637           13.5            8.0
    2451932.609           -8.4            3.9
    2452163.861           -2.3            4.9
    2452175.851           13.3            4.0
    2452307.598           -8.3            4.5
    2452465.989           12.9            5.3
    2452483.985           14.6            5.0
    2452494.987            2.2            5.0
    2452517.936            5.7            5.2
     2452528.91            6.7            5.2
     2452530.91           -3.2            4.5
    2452541.904            3.7            4.5
    2452543.883           10.8            5.0
    2452559.914           -2.6            6.4
    2452561.795           -5.7            8.4
    2452571.791           12.1            5.0
     2452589.81            2.7            5.7
    2452603.782           10.5            4.9
    2452605.724           -1.1            4.8
    2452616.772            3.5            5.9
    2452665.604           -0.2            4.2
    2452668.611            9.3            5.3
    2452837.972           -2.6            5.4
    2452861.963            2.0            4.1
    2452863.985           11.7            5.2
    2452879.918           19.6            4.2
    2452880.947            8.9            5.0
    2452898.911          -13.9            4.7
    2452900.928            2.5            4.8
    2452932.839            9.8            4.3
    2452934.804           -0.4            4.6
    2452963.753           11.7            5.2
    2452965.809           -2.1            5.4
     2453022.63           13.4            5.6
     2453208.01            1.4            3.8
    2453209.978            5.0            3.7
    2453214.961           -0.1            4.2
    2453231.961           11.8            4.0
    2453233.909            1.9            3.9
     2453235.96          -10.9            4.2
    2453265.899           -3.5            3.8
    2453268.919            9.9            4.0
     2453269.81           16.6            3.5
    2453286.828           -6.2            3.8
    2453324.713            7.5            5.5
    2453354.654            3.1            3.8
    2453400.642           -7.1            7.5
    2453550.983            2.7            4.4
    2453578.964           11.4            4.6
    2453613.923           10.3            4.2
    2453654.771           -8.5            4.1
    2453701.724           -0.7            4.6
    2453740.745           19.7            4.7
    2453911.993            7.0            3.6
    2453917.013           -4.7            3.9
    2453934.974            6.9            3.9
    2453968.925            3.4            3.2
    2453981.851            7.9            3.8
    2453985.899           -9.3            4.0
    2454055.755           10.2            3.9
    2454297.975            6.5            4.1
    2454300.974           10.3            4.0
    2454314.939          -14.5            3.6
    2454318.981           11.5            4.2
    2454344.859           -3.4            4.3
    2454348.917            5.8            4.0
    2454391.887            7.2            5.4
    2454394.775           -1.3            4.2
    2454418.777            1.8            4.5
    2454420.763           -2.7            4.2
    2454440.653           -0.4            3.4
    2454443.651            1.5            3.6
    2454481.638            0.1            3.9
    2454503.651            7.2            4.3
    2454645.984            0.7            4.5
    2454646.968            2.0            4.2
    2454668.009            5.2            3.7
    2454681.904           -4.5            3.8
     2454683.97           13.9            3.8
    2454711.893            2.4            4.1
    2454713.873            8.9            4.2
    2454715.882           11.2            4.6
    2454716.875           13.2            4.1
    2454753.885            7.5            3.6
     2454755.85           -0.8            3.8
    2454777.733           -4.2            4.1
    2454806.796            9.5            5.5
     2454808.77           -9.2            4.3
    2454809.763            4.0            6.1
    2455026.973           -0.0            5.7
    2455063.965           -1.9            5.0
    2455099.996            1.1            4.9
    2455116.856           -7.1            6.8
    2455154.739            4.5            7.6
    2455174.788            3.2            5.8
    2455364.972           11.9            5.0
    2455419.012           18.3            4.7
    2455446.847            5.1            3.6
    2455446.856            4.7            3.1
    2455463.833            9.1            5.2
    2455466.842            0.3            4.8
    2455569.653            3.3            4.1
    2455571.713           -9.0            4.6
    2455572.671           -3.2            4.8
    2455621.621           12.1            4.6
    2455757.974            6.8            5.0
    2455803.919            6.4            4.3
    2455806.936           14.6            4.3
    2455828.781            0.7            4.2
    2455831.849           15.0            5.1
    2455861.842           11.1            4.2
    2455864.796           -8.5            4.4
    2455892.745            2.1            4.9
