    2451745.994            2.2            4.3
    2451778.895           -3.1            3.7
    2451808.867           -5.5            3.6
    2451853.766           10.5            4.1
    2451856.801            7.2            4.6
    2451898.637           15.3            8.0
    2451932.609            5.4            3.9
    2452163.861            8.2            4.9
    2452175.851           -0.8            4.0
    2452307.598            6.3            4.5
    2452465.989            1.0            5.3
    2452483.985            2.7            5.0
    2452494.987            6.6            5.0
    2452517.936           -7.6            5.2
     2452528.91           -2.4            5.2
     2452530.91            7.4            4.5
    2452541.904           -7.2            4.5
    2452543.883            6.1            5.0
    2452559.914          -11.3            6.4
    2452561.795            5.4            8.4
    2452571.791            6.3            5.0
     2452589.81           10.4            5.7
    2452603.782           12.4            4.9
    2452605.724            7.1            4.8
    2452616.772            0.2            5.9
    2452665.604           11.2            4.2
    2452668.611           16.6            5.3
    2452837.972            2.9            5.4
    2452861.963           12.1            4.1
    2452863.985            8.1            5.2
    2452879.918           14.5            4.2
    2452880.947           17.0            5.0
    2452898.911           10.5            4.7
    2452900.928            1.0            4.8
    2452932.839            3.8            4.3
    2452934.804            7.0            4.6
    2452963.753           11.0            5.2
    2452965.809           -6.1            5.4
     2453022.63           12.6            5.6
     2453208.01           -1.7            3.8
    2453209.978            4.8            3.7
    2453214.961           -8.7            4.2
    2453231.961            2.3            4.0
    2453233.909            2.3            3.9
     2453235.96           -0.3            4.2
    2453265.899            7.7            3.8
    2453268.919            5.2            4.0
     2453269.81           13.3            3.5
    2453286.828            3.2            3.8
    2453324.713           15.5            5.5
    2453354.654            3.3            3.8
    2453400.642           21.4            7.5
    2453550.983          -13.8            4.4
    2453578.964           10.4            4.6
    2453613.923            9.1            4.2
    2453654.771           12.2            4.1
    2453701.724            7.7            4.6
    2453740.745           -3.5            4.7
    2453911.993          -12.3            3.6
    2453917.013          -13.1            3.9
    2453934.974          -12.8            3.9
    2453968.925            8.4            3.2
    2453981.851            3.8            3.8
    2453985.899           14.8            4.0
    2454055.755            8.3            3.9
    2454297.975            3.8            4.1
    2454300.974           -9.9            4.0
    2454314.939            6.2            3.6
    2454318.981           -1.8            4.2
    2454344.859           -1.9            4.3
    2454348.917           -3.7            4.0
    2454391.887            2.3            5.4
    2454394.775           11.2            4.2
    2454418.777           -0.8            4.5
    2454420.763           -8.2            4.2
    2454440.653            9.4            3.4
    2454443.651            4.5            3.6
    2454481.638            8.0            3.9
    2454503.651            4.1            4.3
    2454645.984            0.9            4.5
    2454646.968            4.1            4.2
    2454668.009           -6.4            3.7
    2454681.904            7.1            3.8
     2454683.97           11.7            3.8
    2454711.893           -2.0            4.1
    2454713.873            1.2            4.2
    2454715.882           -4.2            4.6
    2454716.875           -0.5            4.1
    2454753.885           -0.6            3.6
     2454755.85           -2.4            3.8
    2454777.733           15.0            4.1
    2454806.796            9.3            5.5
     2454808.77            1.9            4.3
    2454809.763           -0.7            6.1
    2455026.973            1.0            5.7
    2455063.965           -3.5            5.0
    2455099.996          -16.1            4.9
    2455116.856           -7.9            6.8
    2455154.739            8.8            7.6
    2455174.788            6.8            5.8
    2455364.972           -6.0            5.0
    2455419.012            3.2            4.7
    2455446.847           -0.4            3.6
    2455446.856           -1.4            3.1
    2455463.833            8.5            5.2
    2455466.842          -10.8            4.8
    2455569.653           18.7            4.1
    2455571.713           13.8            4.6
    2455572.671           12.8            4.8
    2455621.621            5.0            4.6
    2455757.974           -4.1            5.0
    2455803.919            0.8            4.3
    2455806.936           11.3            4.3
    2455828.781           16.4            4.2
    2455831.849            2.9            5.1
    2455861.842           -1.6            4.2
    2455864.796           11.3            4.4
    2455892.745           -2.9            4.9
