    2451745.994           10.0            4.3
    2451778.895           22.3            3.7
    2451808.867           -6.5            3.6
    2451853.766           15.4            4.1
    2451856.801           21.3            4.6
    2451898.637            5.7            8.0
    2451932.609          -12.9            3.9
    2452163.861            4.8            4.9
    2452175.851           21.2            4.0
    2452307.598           19.1            4.5
    2452465.989            8.3            5.3
    2452483.985            8.8            5.0
    2452494.987            6.3            5.0
    2452517.936           24.0            5.2
     2452528.91           -6.1            5.2
     2452530.91            2.9            4.5
    2452541.904           -3.2            4.5
    2452543.883           14.6            5.0
    2452559.914           23.0            6.4
    2452561.795           13.6            8.4
    2452571.791           12.9            5.0
     2452589.81           11.3            5.7
    2452603.782          -13.4            4.9
    2452605.724          -18.0            4.8
    2452616.772            9.2            5.9
    2452665.604            6.9            4.2
    2452668.611           -5.6            5.3
    2452837.972           11.9            5.4
    2452861.963           10.6            4.1
    2452863.985           16.1            5.2
    2452879.918           16.7            4.2
    2452880.947           12.4            5.0
    2452898.911          -17.8            4.7
    2452900.928           -8.1            4.8
    2452932.839            0.1            4.3
    2452934.804          -14.5            4.6
    2452963.753          -12.6            5.2
    2452965.809          -10.2            5.4
     2453022.63           29.0            5.6
     2453208.01            4.5            3.8
    2453209.978            9.0            3.7
    2453214.961           -6.0            4.2
    2453231.961           -4.5            4.0
    2453233.909            4.5            3.9
     2453235.96            7.9            4.2
    2453265.899           -1.8            3.8
    2453268.919          -17.3            4.0
     2453269.81          -17.1            3.5
    2453286.828           25.9            3.8
    2453324.713            7.9            5.5
    2453354.654           26.9            3.8
    2453400.642          -10.6            7.5
    2453550.983           17.8            4.4
    2453578.964           11.8            4.6
    2453613.923          -13.7            4.2
    2453654.771            4.7            4.1
    2453701.724            8.1            4.6
    2453740.745            2.9            4.7
    2453911.993            9.2            3.6
    2453917.013           -4.7            3.9
    2453934.974           -2.0            3.9
    2453968.925           -4.6            3.2
    2453981.851            3.3            3.8
    2453985.899            0.2            4.0
    2454055.755           21.4            3.9
    2454297.975           16.5            4.1
    2454300.974           -8.3            4.0
    2454314.939          -15.2            3.6
    2454318.981            0.4            4.2
    2454344.859          -14.4            4.3
    2454348.917           15.3            4.0
    2454391.887           25.2            5.4
    2454394.775            4.9            4.2
    2454418.777            9.1            4.5
    2454420.763            0.3            4.2
    2454440.653           -1.2            3.4
    2454443.651            0.8            3.6
    2454481.638           12.3            3.9
    2454503.651           -8.5            4.3
    2454645.984          -11.1            4.5
    2454646.968          -14.3            4.2
    2454668.009           22.1            3.7
    2454681.904           11.9            3.8
     2454683.97            5.5            3.8
    2454711.893          -16.4            4.1
    2454713.873          -21.7            4.2
    2454715.882          -14.2            4.6
    2454716.875           -7.2            4.1
    2454753.885           -8.1            3.6
     2454755.85            1.2            3.8
    2454777.733           -8.9            4.1
    2454806.796          -14.5            5.5
     2454808.77          -13.4            4.3
    2454809.763           -6.2            6.1
    2455026.973           27.3            5.7
    2455063.965           28.9            5.0
    2455099.996            1.3            4.9
    2455116.856            8.3            6.8
    2455154.739            4.4            7.6
    2455174.788           -2.2            5.8
    2455364.972            6.2            5.0
    2455419.012          -12.0            4.7
    2455446.847           -9.1            3.6
    2455446.856           -9.6            3.1
    2455463.833           32.1            5.2
    2455466.842           14.3            4.8
    2455569.653           20.2            4.1
    2455571.713            9.0            4.6
    2455572.671            1.0            4.8
    2455621.621           19.7            4.6
    2455757.974           14.8            5.0
    2455803.919            3.2            4.3
    2455806.936           14.9            4.3
    2455828.781           -2.2            4.2
    2455831.849           16.6            5.1
    2455861.842           25.7            4.2
    2455864.796           12.4            4.4
    2455892.745            2.6            4.9
