    2451745.994            4.9            4.3
    2451778.895            2.6            3.7
    2451808.867           -1.7            3.6
    2451853.766            4.1            4.1
    2451856.801            0.0            4.6
    2451898.637            1.9            8.0
    2451932.609            4.4            3.9
    2452163.861           10.0            4.9
    2452175.851           -3.0            4.0
    2452307.598            6.7            4.5
    2452465.989            4.9            5.3
    2452483.985            2.1            5.0
    2452494.987            9.7            5.0
    2452517.936           12.3            5.2
     2452528.91            1.0            5.2
     2452530.91            5.0            4.5
    2452541.904            4.0            4.5
    2452543.883            9.1            5.0
    2452559.914            7.6            6.4
    2452561.795            6.5            8.4
    2452571.791            6.5            5.0
     2452589.81            5.5            5.7
    2452603.782           -0.6            4.9
    2452605.724            6.5            4.8
    2452616.772            2.0            5.9
    2452665.604           -1.2            4.2
    2452668.611            5.0            5.3
    2452837.972            2.2            5.4
    2452861.963            6.1            4.1
    2452863.985            6.8            5.2
    2452879.918           -3.3            4.2
    2452880.947           -0.6            5.0
    2452898.911            3.6            4.7
    2452900.928           -1.2            4.8
    2452932.839            4.6            4.3
    2452934.804            1.6            4.6
    2452963.753            7.1            5.2
    2452965.809           11.6            5.4
     2453022.63            5.8            5.6
     2453208.01            5.3            3.8
    2453209.978            1.3            3.7
    2453214.961           10.5            4.2
    2453231.961           -3.8            4.0
    2453233.909            0.4            3.9
     2453235.96            5.9            4.2
    2453265.899            5.1            3.8
    2453268.919            8.6            4.0
     2453269.81            9.5            3.5
    2453286.828            2.8            3.8
    2453324.713            5.0            5.5
    2453354.654            5.3            3.8
    2453400.642           11.2            7.5
    2453550.983            3.5            4.4
    2453578.964            1.8            4.6
    2453613.923            5.0            4.2
    2453654.771           -1.0            4.1
    2453701.724           -0.9            4.6
    2453740.745            6.9            4.7
    2453911.993            4.0            3.6
    2453917.013            2.7            3.9
    2453934.974            1.4            3.9
    2453968.925           10.1            3.2
    2453981.851            3.3            3.8
    2453985.899           -0.6            4.0
    2454055.755            1.3            3.9
    2454297.975            6.7            4.1
    2454300.974            6.1            4.0
    2454314.939            6.0            3.6
    2454318.981            8.3            4.2
    2454344.859            3.9            4.3
    2454348.917            6.3            4.0
    2454391.887            6.9            5.4
    2454394.775            5.1            4.2
    2454418.777            5.1            4.5
    2454420.763           -1.7            4.2
    2454440.653            2.2            3.4
    2454443.651            4.0            3.6
    2454481.638            6.0            3.9
    2454503.651            2.7            4.3
    2454645.984           12.7            4.5
    2454646.968            9.7            4.2
    2454668.009            6.0            3.7
    2454681.904           -2.0            3.8
     2454683.97           -3.5            3.8
    2454711.893            2.7            4.1
    2454713.873           10.2            4.2
    2454715.882            9.2            4.6
    2454716.875            5.7            4.1
    2454753.885           -1.5            3.6
     2454755.85            4.7            3.8
    2454777.733            4.0            4.1
    2454806.796            4.5            5.5
     2454808.77            5.2            4.3
    2454809.763           10.6            6.1
    2455026.973            7.5            5.7
    2455063.965            2.3            5.0
    2455099.996            3.4            4.9
    2455116.856            9.0            6.8
    2455154.739            7.3            7.6
    2455174.788           -0.3            5.8
    2455364.972            5.7            5.0
    2455419.012           11.6            4.7
    2455446.847            7.9            3.6
    2455446.856            7.4            3.1
    2455463.833            5.2            5.2
    2455466.842           11.7            4.8
    2455569.653            1.0            4.1
    2455571.713            4.3            4.6
    2455572.671            2.4            4.8
    2455621.621           -0.0            4.6
    2455757.974            4.7            5.0
    2455803.919           -2.5            4.3
    2455806.936            2.3            4.3
    2455828.781           -0.2            4.2
    2455831.849            2.0            5.1
    2455861.842           10.7            4.2
    2455864.796            3.8            4.4
    2455892.745            2.5            4.9
