    2451745.994           -1.0            4.3
    2451778.895           13.5            3.7
    2451808.867            1.6            3.6
    2451853.766           -7.3            4.1
    2451856.801           -4.9            4.6
    2451898.637           12.3            8.0
    2451932.609            2.1            3.9
    2452163.861            0.6            4.9
    2452175.851            1.5            4.0
    2452307.598            8.2            4.5
    2452465.989            2.0            5.3
    2452483.985           17.6            5.0
    2452494.987           -5.4            5.0
    2452517.936            0.5            5.2
     2452528.91           13.1            5.2
     2452530.91           -2.4            4.5
    2452541.904           16.7            4.5
    2452543.883            0.5            5.0
    2452559.914            6.6            6.4
    2452561.795           -0.5            8.4
    2452571.791           -1.2            5.0
     2452589.81            9.9            5.7
    2452603.782            5.3            4.9
    2452605.724            1.3            4.8
    2452616.772           10.4            5.9
    2452665.604           15.0            4.2
    2452668.611            0.1            5.3
    2452837.972           11.4            5.4
    2452861.963            0.5            4.1
    2452863.985            8.7            5.2
    2452879.918           10.7            4.2
    2452880.947            2.0            5.0
    2452898.911            9.7            4.7
    2452900.928            9.4            4.8
    2452932.839           -3.1            4.3
    2452934.804           -2.5            4.6
    2452963.753            0.7            5.2
    2452965.809            4.3            5.4
     2453022.63            9.1            5.6
     2453208.01           -0.5            3.8
    2453209.978           -3.5            3.7
    2453214.961           13.4            4.2
    2453231.961            3.7            4.0
    2453233.909           10.9            3.9
     2453235.96            5.3            4.2
    2453265.899            9.0            3.8
    2453268.919           16.4            4.0
     2453269.81            2.1            3.5
    2453286.828            3.8            3.8
    2453324.713           -2.5            5.5
    2453354.654           -1.3            3.8
    2453400.642           17.8            7.5
    2453550.983           -1.6            4.4
    2453578.964            3.7            4.6
    2453613.923           16.3            4.2
    2453654.771            8.7            4.1
    2453701.724            3.2            4.6
    2453740.745            7.1            4.7
    2453911.993           -2.9            3.6
    2453917.013           -5.9            3.9
    2453934.974           -4.0            3.9
    2453968.925            4.7            3.2
    2453981.851            9.3            3.8
    2453985.899            8.4            4.0
    2454055.755           -3.2            3.9
    2454297.975           -8.1            4.1
    2454300.974           -0.1            4.0
    2454314.939            3.1            3.6
    2454318.981            9.5            4.2
    2454344.859           11.7            4.3
    2454348.917           12.0            4.0
    2454391.887            6.8            5.4
    2454394.775            1.3            4.2
    2454418.777           -2.5            4.5
    2454420.763           11.0            4.2
    2454440.653            1.3            3.4
    2454443.651            3.2            3.6
    2454481.638           18.7            3.9
    2454503.651           15.6            4.3
    2454645.984           11.6            4.5
    2454646.968           12.3            4.2
    2454668.009            0.5            3.7
    2454681.904            9.4            3.8
     2454683.97           -5.4            3.8
    2454711.893            7.3            4.1
    2454713.873            8.7            4.2
    2454715.882            8.7            4.6
    2454716.875           21.1            4.1
    2454753.885           -3.8            3.6
     2454755.85           12.5            3.8
    2454777.733           10.8            4.1
    2454806.796            5.0            5.5
     2454808.77            4.2            4.3
    2454809.763           18.2            6.1
    2455026.973           11.9            5.7
    2455063.965            0.8            5.0
    2455099.996            1.8            4.9
    2455116.856            9.5            6.8
    2455154.739           16.2            7.6
    2455174.788           -5.4            5.8
    2455364.972            7.2            5.0
    2455419.012            1.0            4.7
    2455446.847           -0.0            3.6
    2455446.856           -0.4            3.1
    2455463.833           12.1            5.2
    2455466.842            8.3            4.8
    2455569.653           -1.3            4.1
    2455571.713           13.6            4.6
    2455572.671           10.8            4.8
    2455621.621           -3.0            4.6
    2455757.974           12.3            5.0
    2455803.919           -4.2            4.3
    2455806.936            5.4            4.3
    2455828.781           11.6            4.2
    2455831.849            5.7            5.1
    2455861.842            4.6            4.2
    2455864.796            8.1            4.4
    2455892.745           -4.8            4.9
