    2451745.994           -4.2            4.3
    2451778.895           19.5            3.7
    2451808.867           16.0            3.6
    2451853.766            1.7            4.1
    2451856.801           10.3            4.6
    2451898.637           16.5            8.0
    2451932.609            8.5            3.9
    2452163.861            3.3            4.9
    2452175.851           -8.9            4.0
    2452307.598            1.3            4.5
    2452465.989            4.1            5.3
    2452483.985            1.0            5.0
    2452494.987            7.3            5.0
    2452517.936           -4.1            5.2
     2452528.91           18.2            5.2
     2452530.91            8.2            4.5
    2452541.904            3.3            4.5
    2452543.883           -0.9            5.0
    2452559.914            0.7            6.4
    2452561.795            2.2            8.4
    2452571.791            8.9            5.0
     2452589.81           -5.2            5.7
    2452603.782           -1.3            4.9
    2452605.724           -7.1            4.8
    2452616.772            9.0            5.9
    2452665.604           -1.9            4.2
    2452668.611            7.3            5.3
    2452837.972           -1.1            5.4
    2452861.963            1.1            4.1
    2452863.985            2.5            5.2
    2452879.918            3.8            4.2
    2452880.947           14.4            5.0
    2452898.911           14.3            4.7
    2452900.928            8.0            4.8
    2452932.839           -8.4            4.3
    2452934.804           -8.9            4.6
    2452963.753            5.8            5.2
    2452965.809            9.2            5.4
     2453022.63            5.8            5.6
     2453208.01            3.7            3.8
    2453209.978            8.9            3.7
    2453214.961           -0.6            4.2
    2453231.961           -1.5            4.0
    2453233.909           -0.6            3.9
     2453235.96            2.5            4.2
    2453265.899           -3.2            3.8
    2453268.919            8.0            4.0
     2453269.81           14.4            3.5
    2453286.828           -1.0            3.8
    2453324.713            5.8            5.5
    2453354.654            4.8            3.8
    2453400.642           11.2            7.5
    2453550.983           -0.2            4.4
    2453578.964           -3.6            4.6
    2453613.923            9.4            4.2
    2453654.771           -2.6            4.1
    2453701.724           20.0            4.6
    2453740.745            2.5            4.7
    2453911.993            9.9            3.6
    2453917.013           -5.5            3.9
    2453934.974           -2.3            3.9
    2453968.925           10.5            3.2
    2453981.851            2.4            3.8
    2453985.899            4.3            4.0
    2454055.755            8.8            3.9
    2454297.975           16.0            4.1
    2454300.974           -2.6            4.0
    2454314.939           -5.3            3.6
    2454318.981           -1.3            4.2
    2454344.859           -2.2            4.3
    2454348.917            0.2            4.0
    2454391.887           12.4            5.4
    2454394.775           -3.7            4.2
    2454418.777            0.6            4.5
    2454420.763           -1.6            4.2
    2454440.653            1.8            3.4
    2454443.651            2.9            3.6
    2454481.638           12.3            3.9
    2454503.651           -2.2            4.3
    2454645.984           -2.9            4.5
    2454646.968           11.1            4.2
    2454668.009           11.5            3.7
    2454681.904           10.9            3.8
     2454683.97           19.8            3.8
    2454711.893            9.3            4.1
    2454713.873           15.3            4.2
    2454715.882           10.5            4.6
    2454716.875            2.2            4.1
    2454753.885           -7.6            3.6
     2454755.85            6.4            3.8
    2454777.733            7.9            4.1
    2454806.796            5.4            5.5
     2454808.77            4.1            4.3
    2454809.763           -0.7            6.1
    2455026.973           13.7            5.7
    2455063.965            0.6            5.0
    2455099.996            9.6            4.9
    2455116.856           11.3            6.8
    2455154.739            2.4            7.6
    2455174.788           -3.7            5.8
    2455364.972            8.0            5.0
    2455419.012           -0.0            4.7
    2455446.847            4.7            3.6
    2455446.856            4.4            3.1
    2455463.833           17.5            5.2
    2455466.842           -2.8            4.8
    2455569.653           10.4            4.1
    2455571.713           14.9            4.6
    2455572.671            1.6            4.8
    2455621.621            2.6            4.6
    2455757.974           12.8            5.0
    2455803.919           15.9            4.3
    2455806.936            2.2            4.3
    2455828.781            3.4            4.2
    2455831.849           13.6            5.1
    2455861.842           15.5            4.2
    2455864.796            1.5            4.4
    2455892.745            8.5            4.9
