    2451745.994            6.0            4.3
    2451778.895            1.5            3.7
    2451808.867            4.9            3.6
    2451853.766            5.0            4.1
    2451856.801            6.0            4.6
    2451898.637            4.9            8.0
    2451932.609           -1.0            3.9
    2452163.861            4.0            4.9
    2452175.851            8.8            4.0
    2452307.598            3.4            4.5
    2452465.989           10.5            5.3
    2452483.985            0.3            5.0
    2452494.987            9.0            5.0
    2452517.936            1.5            5.2
     2452528.91           10.1            5.2
     2452530.91            7.1            4.5
    2452541.904            3.5            4.5
    2452543.883            6.2            5.0
    2452559.914            6.8            6.4
    2452561.795            7.7            8.4
    2452571.791            7.5            5.0
     2452589.81            4.0            5.7
    2452603.782            1.2            4.9
    2452605.724            4.8            4.8
    2452616.772            3.0            5.9
    2452665.604            3.7            4.2
    2452668.611            3.9            5.3
    2452837.972            2.8            5.4
    2452861.963            5.7            4.1
    2452863.985            1.2            5.2
    2452879.918            3.8            4.2
    2452880.947            7.6            5.0
    2452898.911            1.0            4.7
    2452900.928            0.6            4.8
    2452932.839            4.3            4.3
    2452934.804            0.1            4.6
    2452963.753            0.0            5.2
    2452965.809            4.8            5.4
     2453022.63            6.8            5.6
     2453208.01            7.8            3.8
    2453209.978            2.3            3.7
    2453214.961            6.1            4.2
    2453231.961            1.8            4.0
    2453233.909            6.2            3.9
     2453235.96            8.9            4.2
    2453265.899            3.9            3.8
    2453268.919            5.9            4.0
     2453269.81            7.7            3.5
    2453286.828            1.2            3.8
    2453324.713            3.2            5.5
    2453354.654            5.1            3.8
    2453400.642            6.6            7.5
    2453550.983            3.5            4.4
    2453578.964            1.5            4.6
    2453613.923            1.3            4.2
    2453654.771            3.4            4.1
    2453701.724            5.8            4.6
    2453740.745            0.7            4.7
    2453911.993            7.2            3.6
    2453917.013            2.1            3.9
    2453934.974            5.9            3.9
    2453968.925            5.8            3.2
    2453981.851            4.6            3.8
    2453985.899            2.6            4.0
    2454055.755            3.0            3.9
    2454297.975            2.9            4.1
    2454300.974            8.7            4.0
    2454314.939            4.3            3.6
    2454318.981           -0.3            4.2
    2454344.859            4.4            4.3
    2454348.917            1.6            4.0
    2454391.887            8.2            5.4
    2454394.775            6.8            4.2
    2454418.777            2.0            4.5
    2454420.763            7.4            4.2
    2454440.653            1.0            3.4
    2454443.651            3.7            3.6
    2454481.638           -0.0            3.9
    2454503.651            0.9            4.3
    2454645.984            6.1            4.5
    2454646.968            8.2            4.2
    2454668.009            4.5            3.7
    2454681.904            8.0            3.8
     2454683.97            7.1            3.8
    2454711.893            7.4            4.1
    2454713.873            3.1            4.2
    2454715.882            5.6            4.6
    2454716.875            7.8            4.1
    2454753.885            7.5            3.6
     2454755.85            2.1            3.8
    2454777.733            2.6            4.1
    2454806.796            3.3            5.5
     2454808.77            7.6            4.3
    2454809.763           10.9            6.1
    2455026.973            4.8            5.7
    2455063.965            8.8            5.0
    2455099.996            9.1            4.9
    2455116.856            1.7            6.8
    2455154.739            8.2            7.6
    2455174.788            4.9            5.8
    2455364.972            4.0            5.0
    2455419.012            4.9            4.7
    2455446.847            3.3            3.6
    2455446.856            2.8            3.1
    2455463.833            3.4            5.2
    2455466.842            6.8            4.8
    2455569.653           -0.0            4.1
    2455571.713            5.8            4.6
    2455572.671            6.3            4.8
    2455621.621            9.1            4.6
    2455757.974            2.5            5.0
    2455803.919            6.2            4.3
    2455806.936            6.1            4.3
    2455828.781            0.8            4.2
    2455831.849            4.6            5.1
    2455861.842            5.8            4.2
    2455864.796            0.8            4.4
    2455892.745            0.6            4.9
