    2451745.994            4.9            4.3
    2451778.895            7.2            3.7
    2451808.867           -0.1            3.6
    2451853.766            4.3            4.1
    2451856.801           -3.0            4.6
    2451898.637           11.6            8.0
    2451932.609            4.8            3.9
    2452163.861           -1.2            4.9
    2452175.851            4.7            4.0
    2452307.598            7.9            4.5
    2452465.989           -2.6            5.3
    2452483.985            4.2            5.0
    2452494.987            5.0            5.0
    2452517.936            6.4            5.2
     2452528.91           10.9            5.2
     2452530.91            4.5            4.5
    2452541.904            8.0            4.5
    2452543.883            4.8            5.0
    2452559.914            4.7            6.4
    2452561.795           14.1            8.4
    2452571.791           -2.4            5.0
     2452589.81            9.6            5.7
    2452603.782            6.9            4.9
    2452605.724           -0.4            4.8
    2452616.772            9.0            5.9
    2452665.604           -2.0            4.2
    2452668.611            7.0            5.3
    2452837.972            7.8            5.4
    2452861.963            6.3            4.1
    2452863.985           10.1            5.2
    2452879.918           -4.8            4.2
    2452880.947           -2.8            5.0
    2452898.911            4.2            4.7
    2452900.928            1.6            4.8
    2452932.839            5.6            4.3
    2452934.804            6.3            4.6
    2452963.753           11.6            5.2
    2452965.809            4.8            5.4
     2453022.63            7.2            5.6
     2453208.01           -2.9            3.8
    2453209.978            2.8            3.7
    2453214.961           -2.8            4.2
    2453231.961            8.2            4.0
    2453233.909            1.6            3.9
     2453235.96            4.5            4.2
    2453265.899            6.1            3.8
    2453268.919           -0.2            4.0
     2453269.81            3.9            3.5
    2453286.828            1.7            3.8
    2453324.713           10.4            5.5
    2453354.654            3.6            3.8
    2453400.642            3.3            7.5
    2453550.983           10.1            4.4
    2453578.964           12.0            4.6
    2453613.923            5.1            4.2
    2453654.771            3.3            4.1
    2453701.724            4.1            4.6
    2453740.745           10.9            4.7
    2453911.993            1.4            3.6
    2453917.013           -0.7            3.9
    2453934.974            6.2            3.9
    2453968.925            5.8            3.2
    2453981.851            6.9            3.8
    2453985.899            3.8            4.0
    2454055.755            2.4            3.9
    2454297.975            2.6            4.1
    2454300.974           11.7            4.0
    2454314.939           11.8            3.6
    2454318.981            1.5            4.2
    2454344.859           -0.3            4.3
    2454348.917            9.4            4.0
    2454391.887            2.8            5.4
    2454394.775           10.7            4.2
    2454418.777            0.3            4.5
    2454420.763            5.9            4.2
    2454440.653            1.1            3.4
    2454443.651            2.5            3.6
    2454481.638            6.2            3.9
    2454503.651           10.9            4.3
    2454645.984            0.4            4.5
    2454646.968            0.4            4.2
    2454668.009            2.5            3.7
    2454681.904            8.4            3.8
     2454683.97            9.4            3.8
    2454711.893            4.6            4.1
    2454713.873            2.8            4.2
    2454715.882           10.6            4.6
    2454716.875           11.5            4.1
    2454753.885           -4.9            3.6
     2454755.85            4.5            3.8
    2454777.733            5.7            4.1
    2454806.796            4.6            5.5
     2454808.77            9.2            4.3
    2454809.763           14.7            6.1
    2455026.973            5.0            5.7
    2455063.965           10.7            5.0
    2455099.996            3.7            4.9
    2455116.856           11.6            6.8
    2455154.739            1.0            7.6
    2455174.788           -1.3            5.8
    2455364.972            8.2            5.0
    2455419.012           12.3            4.7
    2455446.847           11.3            3.6
    2455446.856           10.8            3.1
    2455463.833            5.0            5.2
    2455466.842            5.6            4.8
    2455569.653           -0.3            4.1
    2455571.713            7.7            4.6
    2455572.671           10.8            4.8
    2455621.621            3.9            4.6
    2455757.974            4.9            5.0
    2455803.919           -3.1            4.3
    2455806.936            7.1            4.3
    2455828.781            7.6            4.2
    2455831.849            8.1            5.1
    2455861.842            8.6            4.2
    2455864.796            3.3            4.4
    2455892.745            4.8            4.9
