    2451745.994            4.8            4.3
    2451778.895            5.1            3.7
    2451808.867           10.2            3.6
    2451853.766           10.2            4.1
    2451856.801            6.2            4.6
    2451898.637           23.5            8.0
    2451932.609            3.0            3.9
    2452163.861            4.1            4.9
    2452175.851           -8.3            4.0
    2452307.598            3.9            4.5
    2452465.989            2.3            5.3
    2452483.985            3.6            5.0
    2452494.987           17.1            5.0
    2452517.936            2.7            5.2
     2452528.91           -4.5            5.2
     2452530.91           -2.5            4.5
    2452541.904           14.0            4.5
    2452543.883           12.5            5.0
    2452559.914            3.3            6.4
    2452561.795            6.7            8.4
    2452571.791           -3.1            5.0
     2452589.81           21.3            5.7
    2452603.782            7.7            4.9
    2452605.724            9.0            4.8
    2452616.772            4.8            5.9
    2452665.604           -8.9            4.2
    2452668.611          -11.9            5.3
    2452837.972            5.8            5.4
    2452861.963           -8.6            4.1
    2452863.985           -6.0            5.2
    2452879.918            2.0            4.2
    2452880.947            2.2            5.0
    2452898.911           10.4            4.7
    2452900.928            6.2            4.8
    2452932.839            6.1            4.3
    2452934.804            9.5            4.6
    2452963.753            5.9            5.2
    2452965.809            7.9            5.4
     2453022.63           -6.3            5.6
     2453208.01            1.3            3.8
    2453209.978           -2.6            3.7
    2453214.961           -8.1            4.2
    2453231.961           11.6            4.0
    2453233.909            9.2            3.9
     2453235.96            6.9            4.2
    2453265.899           -5.9            3.8
    2453268.919            0.5            4.0
     2453269.81            2.2            3.5
    2453286.828            7.5            3.8
    2453324.713           11.5            5.5
    2453354.654           -9.5            3.8
    2453400.642            5.4            7.5
    2453550.983           -1.4            4.4
    2453578.964           13.0            4.6
    2453613.923           -2.4            4.2
    2453654.771            6.0            4.1
    2453701.724            1.8            4.6
    2453740.745            5.6            4.7
    2453911.993            4.8            3.6
    2453917.013            9.4            3.9
    2453934.974           14.3            3.9
    2453968.925            2.5            3.2
    2453981.851           13.9            3.8
    2453985.899           16.8            4.0
    2454055.755           -0.8            3.9
    2454297.975            1.9            4.1
    2454300.974           -4.4            4.0
    2454314.939            5.7            3.6
    2454318.981           11.5            4.2
    2454344.859            5.3            4.3
    2454348.917           -3.8            4.0
    2454391.887            6.5            5.4
    2454394.775           -1.2            4.2
    2454418.777            6.2            4.5
    2454420.763            4.6            4.2
    2454440.653            8.9            3.4
    2454443.651            2.3            3.6
    2454481.638           17.6            3.9
    2454503.651           -1.8            4.3
    2454645.984            0.8            4.5
    2454646.968            1.1            4.2
    2454668.009            6.0            3.7
    2454681.904            3.9            3.8
     2454683.97            0.7            3.8
    2454711.893           -1.8            4.1
    2454713.873            2.7            4.2
    2454715.882            8.0            4.6
    2454716.875            9.7            4.1
    2454753.885           -8.5            3.6
     2454755.85           -8.5            3.8
    2454777.733            7.1            4.1
    2454806.796            0.6            5.5
     2454808.77            3.5            4.3
    2454809.763            7.6            6.1
    2455026.973           15.3            5.7
    2455063.965            2.3            5.0
    2455099.996            4.3            4.9
    2455116.856           10.8            6.8
    2455154.739            4.1            7.6
    2455174.788           16.6            5.8
    2455364.972            9.3            5.0
    2455419.012            7.3            4.7
    2455446.847           -6.8            3.6
    2455446.856           -7.3            3.1
    2455463.833            6.8            5.2
    2455466.842            5.4            4.8
    2455569.653            9.5            4.1
    2455571.713           12.5            4.6
    2455572.671           13.2            4.8
    2455621.621           22.6            4.6
    2455757.974           10.7            5.0
    2455803.919            1.3            4.3
    2455806.936            8.6            4.3
    2455828.781            4.9            4.2
    2455831.849            7.8            5.1
    2455861.842           13.5            4.2
    2455864.796           10.2            4.4
    2455892.745          -10.3            4.9
