    2451745.994           -0.6            4.3
    2451778.895            0.2            3.7
    2451808.867            1.9            3.6
    2451853.766            5.2            4.1
    2451856.801            3.5            4.6
    2451898.637            5.7            8.0
    2451932.609           -6.7            3.9
    2452163.861            2.3            4.9
    2452175.851            1.3            4.0
    2452307.598            3.2            4.5
    2452465.989           -9.1            5.3
    2452483.985            1.1            5.0
    2452494.987           -1.7            5.0
    2452517.936            4.0            5.2
     2452528.91            6.7            5.2
     2452530.91            9.3            4.5
    2452541.904            8.8            4.5
    2452543.883            5.2            5.0
    2452559.914            6.9            6.4
    2452561.795            4.8            8.4
    2452571.791           19.7            5.0
     2452589.81           12.5            5.7
    2452603.782            9.3            4.9
    2452605.724           16.7            4.8
    2452616.772           17.7            5.9
    2452665.604            1.0            4.2
    2452668.611            5.5            5.3
    2452837.972           13.6            5.4
    2452861.963           11.0            4.1
    2452863.985           -6.2            5.2
    2452879.918           -2.6            4.2
    2452880.947            3.4            5.0
    2452898.911           -3.8            4.7
    2452900.928            5.3            4.8
    2452932.839           -2.0            4.3
    2452934.804           14.3            4.6
    2452963.753           17.4            5.2
    2452965.809           -1.2            5.4
     2453022.63            3.4            5.6
     2453208.01            4.3            3.8
    2453209.978            0.9            3.7
    2453214.961           11.3            4.2
    2453231.961            1.2            4.0
    2453233.909            2.7            3.9
     2453235.96           10.4            4.2
    2453265.899           13.5            3.8
    2453268.919            6.6            4.0
     2453269.81            1.4            3.5
    2453286.828           11.3            3.8
    2453324.713            8.5            5.5
    2453354.654            4.4            3.8
    2453400.642            8.7            7.5
    2453550.983           -1.4            4.4
    2453578.964           -4.3            4.6
    2453613.923           -7.1            4.2
    2453654.771           -1.1            4.1
    2453701.724           12.5            4.6
    2453740.745           10.4            4.7
    2453911.993           13.3            3.6
    2453917.013           15.0            3.9
    2453934.974            5.2            3.9
    2453968.925            6.6            3.2
    2453981.851            3.6            3.8
    2453985.899            9.6            4.0
    2454055.755            3.8            3.9
    2454297.975            3.1            4.1
    2454300.974           -2.6            4.0
    2454314.939           13.6            3.6
    2454318.981           -4.2            4.2
    2454344.859           11.5            4.3
    2454348.917            5.0            4.0
    2454391.887           -2.2            5.4
    2454394.775           17.6            4.2
    2454418.777            9.3            4.5
    2454420.763           -4.5            4.2
    2454440.653           13.8            3.4
    2454443.651            0.5            3.6
    2454481.638            0.4            3.9
    2454503.651            1.0            4.3
    2454645.984            9.4            4.5
    2454646.968           -6.1            4.2
    2454668.009           13.2            3.7
    2454681.904           -9.6            3.8
     2454683.97           13.7            3.8
    2454711.893            3.9            4.1
    2454713.873            2.0            4.2
    2454715.882           -0.4            4.6
    2454716.875           -6.5            4.1
    2454753.885            4.4            3.6
     2454755.85            5.6            3.8
    2454777.733           -3.2            4.1
    2454806.796            4.4            5.5
     2454808.77           12.3            4.3
    2454809.763            7.7            6.1
    2455026.973           -0.4            5.7
    2455063.965            2.1            5.0
    2455099.996           13.6            4.9
    2455116.856            8.0            6.8
    2455154.739            3.3            7.6
    2455174.788           11.0            5.8
    2455364.972            7.7            5.0
    2455419.012           -7.4            4.7
    2455446.847           12.4            3.6
    2455446.856           11.9            3.1
    2455463.833            9.5            5.2
    2455466.842            1.7            4.8
    2455569.653           12.0            4.1
    2455571.713           -1.4            4.6
    2455572.671            2.4            4.8
    2455621.621            6.7            4.6
    2455757.974            6.7            5.0
    2455803.919            4.4            4.3
    2455806.936            3.0            4.3
    2455828.781           -0.3            4.2
    2455831.849           18.1            5.1
    2455861.842           -0.7            4.2
    2455864.796            0.8            4.4
    2455892.745           11.3            4.9
