    2451745.994            4.2            4.3
    2451778.895           12.6            3.7
    2451808.867            5.9            3.6
    2451853.766            8.3            4.1
    2451856.801           -0.5            4.6
    2451898.637            8.9            8.0
    2451932.609           -2.2            3.9
    2452163.861           -0.5            4.9
    2452175.851            8.3            4.0
    2452307.598            8.5            4.5
    2452465.989            7.1            5.3
    2452483.985            7.5            5.0
    2452494.987            6.3            5.0
    2452517.936            1.4            5.2
     2452528.91            5.3            5.2
     2452530.91            3.0            4.5
    2452541.904           -2.4            4.5
    2452543.883            1.9            5.0
    2452559.914            8.1            6.4
    2452561.795            4.0            8.4
    2452571.791           10.9            5.0
     2452589.81            8.6            5.7
    2452603.782            6.5            4.9
    2452605.724           -0.3            4.8
    2452616.772            6.6            5.9
    2452665.604           11.1            4.2
    2452668.611           -0.7            5.3
    2452837.972            2.5            5.4
    2452861.963            2.1            4.1
    2452863.985           -0.2            5.2
    2452879.918           10.4            4.2
    2452880.947            7.1            5.0
    2452898.911            6.6            4.7
    2452900.928           -2.1            4.8
    2452932.839            4.3            4.3
    2452934.804           11.7            4.6
    2452963.753           -4.5            5.2
    2452965.809            3.9            5.4
     2453022.63           10.0            5.6
     2453208.01            1.6            3.8
    2453209.978           -1.7            3.7
    2453214.961            1.6            4.2
    2453231.961            4.5            4.0
    2453233.909           -3.9            3.9
     2453235.96            0.9            4.2
    2453265.899            2.4            3.8
    2453268.919           11.7            4.0
     2453269.81            8.7            3.5
    2453286.828            7.2            3.8
    2453324.713            6.3            5.5
    2453354.654            2.7            3.8
    2453400.642           13.8            7.5
    2453550.983            6.7            4.4
    2453578.964            5.2            4.6
    2453613.923            5.1            4.2
    2453654.771           -1.2            4.1
    2453701.724            3.1            4.6
    2453740.745            5.2            4.7
    2453911.993            7.1            3.6
    2453917.013            7.8            3.9
    2453934.974            4.7            3.9
    2453968.925            2.7            3.2
    2453981.851           -1.9            3.8
    2453985.899            5.0            4.0
    2454055.755           11.0            3.9
    2454297.975           -4.7            4.1
    2454300.974            5.8            4.0
    2454314.939           -0.9            3.6
    2454318.981            7.0            4.2
    2454344.859            7.3            4.3
    2454348.917            0.1            4.0
    2454391.887            0.1            5.4
    2454394.775           11.5            4.2
    2454418.777           11.9            4.5
    2454420.763           15.3            4.2
    2454440.653            3.7            3.4
    2454443.651            2.7            3.6
    2454481.638            5.0            3.9
    2454503.651            3.6            4.3
    2454645.984           11.0            4.5
    2454646.968           10.9            4.2
    2454668.009           -2.3            3.7
    2454681.904           -1.7            3.8
     2454683.97            9.2            3.8
    2454711.893           -0.6            4.1
    2454713.873           -1.3            4.2
    2454715.882            5.1            4.6
    2454716.875            1.3            4.1
    2454753.885           12.1            3.6
     2454755.85            2.5            3.8
    2454777.733            7.1            4.1
    2454806.796           -2.2            5.5
     2454808.77            3.5            4.3
    2454809.763            9.3            6.1
    2455026.973           -0.2            5.7
    2455063.965            3.2            5.0
    2455099.996            6.8            4.9
    2455116.856            6.9            6.8
    2455154.739           10.6            7.6
    2455174.788           15.5            5.8
    2455364.972            4.9            5.0
    2455419.012            5.5            4.7
    2455446.847            5.3            3.6
    2455446.856            4.8            3.1
    2455463.833            9.2            5.2
    2455466.842           -3.2            4.8
    2455569.653            5.2            4.1
    2455571.713           12.8            4.6
    2455572.671            9.5            4.8
    2455621.621           10.8            4.6
    2455757.974            1.7            5.0
    2455803.919            6.3            4.3
    2455806.936           -4.0            4.3
    2455828.781            5.2            4.2
    2455831.849           -3.7            5.1
    2455861.842           11.0            4.2
    2455864.796            5.1            4.4
    2455892.745            5.8            4.9
