    2451745.994            4.7            4.3
    2451778.895           -2.4            3.7
    2451808.867            4.6            3.6
    2451853.766            0.3            4.1
    2451856.801            8.4            4.6
    2451898.637            1.8            8.0
    2451932.609            8.5            3.9
    2452163.861            1.7            4.9
    2452175.851           -1.5            4.0
    2452307.598           -1.8            4.5
    2452465.989            3.3            5.3
    2452483.985           -0.9            5.0
    2452494.987            2.5            5.0
    2452517.936           10.8            5.2
     2452528.91            3.2            5.2
     2452530.91           10.3            4.5
    2452541.904            5.1            4.5
    2452543.883           10.2            5.0
    2452559.914            2.3            6.4
    2452561.795           14.0            8.4
    2452571.791           -0.9            5.0
     2452589.81            1.4            5.7
    2452603.782            0.4            4.9
    2452605.724           10.3            4.8
    2452616.772            3.2            5.9
    2452665.604           -1.5            4.2
    2452668.611           10.3            5.3
    2452837.972            8.6            5.4
    2452861.963            0.4            4.1
    2452863.985           11.0            5.2
    2452879.918           -2.2            4.2
    2452880.947            1.8            5.0
    2452898.911           -1.6            4.7
    2452900.928            8.0            4.8
    2452932.839            9.6            4.3
    2452934.804            5.3            4.6
    2452963.753            8.5            5.2
    2452965.809            8.9            5.4
     2453022.63            7.7            5.6
     2453208.01            0.9            3.8
    2453209.978            9.8            3.7
    2453214.961            5.1            4.2
    2453231.961           -2.1            4.0
    2453233.909            5.1            3.9
     2453235.96            8.7            4.2
    2453265.899            7.7            3.8
    2453268.919            0.1            4.0
     2453269.81           -2.9            3.5
    2453286.828            5.5            3.8
    2453324.713            6.7            5.5
    2453354.654           10.1            3.8
    2453400.642            6.0            7.5
    2453550.983            6.8            4.4
    2453578.964            1.0            4.6
    2453613.923            6.0            4.2
    2453654.771            1.7            4.1
    2453701.724            8.0            4.6
    2453740.745            1.0            4.7
    2453911.993           -1.4            3.6
    2453917.013           -0.4            3.9
    2453934.974            4.5            3.9
    2453968.925           -0.6            3.2
    2453981.851            1.7            3.8
    2453985.899            0.8            4.0
    2454055.755           -2.0            3.9
    2454297.975           10.2            4.1
    2454300.974           -1.2            4.0
    2454314.939            0.3            3.6
    2454318.981            2.9            4.2
    2454344.859           -0.6            4.3
    2454348.917            9.9            4.0
    2454391.887            9.7            5.4
    2454394.775            0.6            4.2
    2454418.777            7.6            4.5
    2454420.763           -2.1            4.2
    2454440.653           -0.8            3.4
    2454443.651            8.1            3.6
    2454481.638            7.7            3.9
    2454503.651            1.0            4.3
    2454645.984            3.4            4.5
    2454646.968           -1.4            4.2
    2454668.009            5.1            3.7
    2454681.904           10.2            3.8
     2454683.97            1.5            3.8
    2454711.893            4.6            4.1
    2454713.873            9.9            4.2
    2454715.882            0.1            4.6
    2454716.875           -1.5            4.1
    2454753.885           -2.1            3.6
     2454755.85            3.5            3.8
    2454777.733            4.8            4.1
    2454806.796            8.7            5.5
     2454808.77            7.3            4.3
    2454809.763            3.4            6.1
    2455026.973            9.3            5.7
    2455063.965            4.6            5.0
    2455099.996           -0.8            4.9
    2455116.856           10.7            6.8
    2455154.739           10.5            7.6
    2455174.788            1.9            5.8
    2455364.972           -0.5            5.0
    2455419.012            7.5            4.7
    2455446.847           -1.0            3.6
    2455446.856           -1.4            3.1
    2455463.833            3.5            5.2
    2455466.842            6.3            4.8
    2455569.653            8.1            4.1
    2455571.713           -1.5            4.6
    2455572.671           -0.2            4.8
    2455621.621            0.1            4.6
    2455757.974           10.3            5.0
    2455803.919            0.3            4.3
    2455806.936            8.1            4.3
    2455828.781            1.8            4.2
    2455831.849            7.7            5.1
    2455861.842           -1.0            4.2
    2455864.796           10.4            4.4
    2455892.745           -1.3            4.9
