    2451745.994           11.3            4.3
    2451778.895          -17.2            3.7
    2451808.867           21.4            3.6
    2451853.766           -0.6            4.1
    2451856.801           20.7            4.6
    2451898.637           20.4            8.0
    2451932.609            0.7            3.9
    2452163.861           22.8            4.9
    2452175.851           -0.3            4.0
    2452307.598          -13.4            4.5
    2452465.989            0.4            5.3
    2452483.985            2.9            5.0
    2452494.987            3.4            5.0
    2452517.936          -10.8            5.2
     2452528.91           13.8            5.2
     2452530.91          -11.8            4.5
    2452541.904           -4.9            4.5
    2452543.883           10.3            5.0
    2452559.914           -7.1            6.4
    2452561.795           18.1            8.4
    2452571.791           19.1            5.0
     2452589.81           12.3            5.7
    2452603.782           10.6            4.9
    2452605.724          -23.7            4.8
    2452616.772           -4.4            5.9
    2452665.604           17.8            4.2
    2452668.611           15.4            5.3
    2452837.972           19.7            5.4
    2452861.963           -8.9            4.1
    2452863.985            8.8            5.2
    2452879.918           18.4            4.2
    2452880.947            3.2            5.0
    2452898.911            0.6            4.7
    2452900.928            4.4            4.8
    2452932.839          -22.5            4.3
    2452934.804           -6.3            4.6
    2452963.753           25.5            5.2
    2452965.809            6.6            5.4
     2453022.63           -1.1            5.6
     2453208.01            2.9            3.8
    2453209.978           22.0            3.7
    2453214.961            3.8            4.2
    2453231.961          -10.6            4.0
    2453233.909            5.7            3.9
     2453235.96           -3.2            4.2
    2453265.899            0.9            3.8
    2453268.919          -16.6            4.0
     2453269.81          -23.9            3.5
    2453286.828            7.8            3.8
    2453324.713           -3.5            5.5
    2453354.654           -0.0            3.8
    2453400.642           -9.4            7.5
    2453550.983           -5.1            4.4
    2453578.964            3.4            4.6
    2453613.923           10.6            4.2
    2453654.771           20.3            4.1
    2453701.724           29.8            4.6
    2453740.745            8.5            4.7
    2453911.993           16.2            3.6
    2453917.013           -6.5            3.9
    2453934.974            8.8            3.9
    2453968.925           -6.7            3.2
    2453981.851           18.1            3.8
    2453985.899           22.2            4.0
    2454055.755            9.1            3.9
    2454297.975           -9.6            4.1
    2454300.974          -11.4            4.0
    2454314.939          -10.6            3.6
    2454318.981            8.4            4.2
    2454344.859            3.2            4.3
    2454348.917            3.0            4.0
    2454391.887            8.9            5.4
    2454394.775            2.4            4.2
    2454418.777          -10.2            4.5
    2454420.763           12.3            4.2
    2454440.653           19.9            3.4
    2454443.651           17.3            3.6
    2454481.638            1.6            3.9
    2454503.651           11.8            4.3
    2454645.984            1.1            4.5
    2454646.968            4.1            4.2
    2454668.009           16.7            3.7
    2454681.904           17.5            3.8
     2454683.97            9.3            3.8
    2454711.893           -4.7            4.1
    2454713.873            8.0            4.2
    2454715.882           -6.7            4.6
    2454716.875          -25.6            4.1
    2454753.885          -18.8            3.6
     2454755.85            4.0            3.8
    2454777.733            1.1            4.1
    2454806.796            3.8            5.5
     2454808.77            7.6            4.3
    2454809.763           -9.3            6.1
    2455026.973            5.7            5.7
    2455063.965            0.7            5.0
    2455099.996           -4.7            4.9
    2455116.856            7.0            6.8
    2455154.739            0.1            7.6
    2455174.788           -5.5            5.8
    2455364.972            8.9            5.0
    2455419.012           -1.4            4.7
    2455446.847           -1.7            3.6
    2455446.856           -2.4            3.1
    2455463.833          -14.0            5.2
    2455466.842           17.7            4.8
    2455569.653           23.6            4.1
    2455571.713           -2.9            4.6
    2455572.671           -4.1            4.8
    2455621.621           -2.2            4.6
    2455757.974           12.5            5.0
    2455803.919           16.2            4.3
    2455806.936           20.8            4.3
    2455828.781           -4.4            4.2
    2455831.849           23.2            5.1
    2455861.842          -11.9            4.2
    2455864.796          -16.7            4.4
    2455892.745            5.8            4.9
