    2451745.994           -9.2            4.3
    2451778.895            1.2            3.7
    2451808.867           -4.8            3.6
    2451853.766           12.9            4.1
    2451856.801           12.3            4.6
    2451898.637           -0.4            8.0
    2451932.609            1.1            3.9
    2452163.861            0.9            4.9
    2452175.851           15.0            4.0
    2452307.598            5.1            4.5
    2452465.989           13.2            5.3
    2452483.985           -1.5            5.0
    2452494.987            6.3            5.0
    2452517.936           11.5            5.2
     2452528.91            6.1            5.2
     2452530.91           11.8            4.5
    2452541.904           16.3            4.5
    2452543.883            8.1            5.0
    2452559.914           -1.3            6.4
    2452561.795            6.6            8.4
    2452571.791           11.2            5.0
     2452589.81            6.2            5.7
    2452603.782            8.5            4.9
    2452605.724            1.9            4.8
    2452616.772            5.6            5.9
    2452665.604           -0.9            4.2
    2452668.611            0.1            5.3
    2452837.972           -0.6            5.4
    2452861.963            4.7            4.1
    2452863.985           17.6            5.2
    2452879.918           17.6            4.2
    2452880.947           15.7            5.0
    2452898.911           -0.4            4.7
    2452900.928           -5.0            4.8
    2452932.839            5.0            4.3
    2452934.804            7.1            4.6
    2452963.753           -1.0            5.2
    2452965.809            5.9            5.4
     2453022.63            7.3            5.6
     2453208.01           11.6            3.8
    2453209.978           -0.5            3.7
    2453214.961           -8.2            4.2
    2453231.961            5.1            4.0
    2453233.909           -6.6            3.9
     2453235.96           -1.2            4.2
    2453265.899            6.4            3.8
    2453268.919            2.0            4.0
     2453269.81            0.2            3.5
    2453286.828            3.5            3.8
    2453324.713            1.9            5.5
    2453354.654            6.1            3.8
    2453400.642           -6.2            7.5
    2453550.983           -7.4            4.4
    2453578.964            7.5            4.6
    2453613.923           -0.5            4.2
    2453654.771            2.0            4.1
    2453701.724            4.5            4.6
    2453740.745            6.0            4.7
    2453911.993           13.9            3.6
    2453917.013            6.8            3.9
    2453934.974            5.6            3.9
    2453968.925            5.2            3.2
    2453981.851           -1.1            3.8
    2453985.899            9.7            4.0
    2454055.755           -4.6            3.9
    2454297.975            5.9            4.1
    2454300.974           -1.6            4.0
    2454314.939           -8.5            3.6
    2454318.981            5.8            4.2
    2454344.859           -1.1            4.3
    2454348.917           11.0            4.0
    2454391.887            1.0            5.4
    2454394.775            6.4            4.2
    2454418.777           -6.5            4.5
    2454420.763            4.5            4.2
    2454440.653           -9.6            3.4
    2454443.651           -6.9            3.6
    2454481.638           -3.0            3.9
    2454503.651           -3.6            4.3
    2454645.984           14.0            4.5
    2454646.968           20.7            4.2
    2454668.009            6.9            3.7
    2454681.904            8.7            3.8
     2454683.97            4.5            3.8
    2454711.893            9.5            4.1
    2454713.873           -4.7            4.2
    2454715.882           -7.1            4.6
    2454716.875           -6.6            4.1
    2454753.885            2.4            3.6
     2454755.85            9.5            3.8
    2454777.733           10.1            4.1
    2454806.796            5.4            5.5
     2454808.77            6.9            4.3
    2454809.763           12.9            6.1
    2455026.973            0.5            5.7
    2455063.965            7.4            5.0
    2455099.996           18.6            4.9
    2455116.856            8.3            6.8
    2455154.739            9.2            7.6
    2455174.788            0.7            5.8
    2455364.972           10.7            5.0
    2455419.012            7.7            4.7
    2455446.847            6.2            3.6
    2455446.856            5.5            3.1
    2455463.833            3.5            5.2
    2455466.842           -4.8            4.8
    2455569.653           11.0            4.1
    2455571.713            8.7            4.6
    2455572.671            9.6            4.8
    2455621.621            8.0            4.6
    2455757.974            7.1            5.0
    2455803.919           12.0            4.3
    2455806.936            5.3            4.3
    2455828.781           16.1            4.2
    2455831.849            9.7            5.1
    2455861.842           14.4            4.2
    2455864.796           12.7            4.4
    2455892.745           -4.6            4.9
