    2451745.994            3.1            4.3
    2451778.895            4.9            3.7
    2451808.867            6.0            3.6
    2451853.766            4.2            4.1
    2451856.801            0.0            4.6
    2451898.637            8.7            8.0
    2451932.609            4.7            3.9
    2452163.861            3.3            4.9
    2452175.851            3.7            4.0
    2452307.598            2.8            4.5
    2452465.989            5.3            5.3
    2452483.985            2.0            5.0
    2452494.987            3.4            5.0
    2452517.936            6.5            5.2
     2452528.91            5.4            5.2
     2452530.91            6.3            4.5
    2452541.904            8.2            4.5
    2452543.883            7.9            5.0
    2452559.914            7.8            6.4
    2452561.795           11.5            8.4
    2452571.791            6.3            5.0
     2452589.81            2.8            5.7
    2452603.782            4.0            4.9
    2452605.724            3.3            4.8
    2452616.772            8.2            5.9
    2452665.604            6.0            4.2
    2452668.611            3.2            5.3
    2452837.972            9.0            5.4
    2452861.963            4.3            4.1
    2452863.985            4.4            5.2
    2452879.918            3.3            4.2
    2452880.947            5.4            5.0
    2452898.911            6.4            4.7
    2452900.928            7.0            4.8
    2452932.839            3.6            4.3
    2452934.804            4.1            4.6
    2452963.753            1.1            5.2
    2452965.809            2.8            5.4
     2453022.63            9.6            5.6
     2453208.01            6.6            3.8
    2453209.978            1.8            3.7
    2453214.961            4.5            4.2
    2453231.961            5.0            4.0
    2453233.909            1.6            3.9
     2453235.96            1.2            4.2
    2453265.899            0.6            3.8
    2453268.919            6.5            4.0
     2453269.81            5.2            3.5
    2453286.828            7.4            3.8
    2453324.713            7.2            5.5
    2453354.654            5.9            3.8
    2453400.642            8.6            7.5
    2453550.983            6.5            4.4
    2453578.964            3.6            4.6
    2453613.923            3.9            4.2
    2453654.771            5.3            4.1
    2453701.724            3.4            4.6
    2453740.745            4.4            4.7
    2453911.993            1.4            3.6
    2453917.013            4.1            3.9
    2453934.974            6.6            3.9
    2453968.925            1.2            3.2
    2453981.851            3.2            3.8
    2453985.899           -0.1            4.0
    2454055.755            3.6            3.9
    2454297.975            6.1            4.1
    2454300.974            5.3            4.0
    2454314.939            6.0            3.6
    2454318.981            3.0            4.2
    2454344.859            2.2            4.3
    2454348.917            1.4            4.0
    2454391.887            6.7            5.4
    2454394.775            7.3            4.2
    2454418.777            2.6            4.5
    2454420.763            6.0            4.2
    2454440.653            1.8            3.4
    2454443.651            1.5            3.6
    2454481.638            6.6            3.9
    2454503.651            4.6            4.3
    2454645.984            3.2            4.5
    2454646.968            4.8            4.2
    2454668.009            5.7            3.7
    2454681.904            3.7            3.8
     2454683.97            5.6            3.8
    2454711.893            0.9            4.1
    2454713.873            1.5            4.2
    2454715.882            5.8            4.6
    2454716.875            4.4            4.1
    2454753.885            7.7            3.6
     2454755.85            3.6            3.8
    2454777.733            6.5            4.1
    2454806.796            2.3            5.5
     2454808.77            5.4            4.3
    2454809.763            6.8            6.1
    2455026.973            4.2            5.7
    2455063.965            2.7            5.0
    2455099.996            3.8            4.9
    2455116.856            9.2            6.8
    2455154.739            7.6            7.6
    2455174.788            2.1            5.8
    2455364.972            0.4            5.0
    2455419.012            7.3            4.7
    2455446.847            1.7            3.6
    2455446.856            1.1            3.1
    2455463.833            2.3            5.2
    2455466.842            5.3            4.8
    2455569.653            1.1            4.1
    2455571.713            5.7            4.6
    2455572.671            7.7            4.8
    2455621.621            5.3            4.6
    2455757.974            5.2            5.0
    2455803.919            3.5            4.3
    2455806.936            4.1            4.3
    2455828.781            3.0            4.2
    2455831.849            4.6            5.1
    2455861.842            8.2            4.2
    2455864.796            3.9            4.4
    2455892.745            7.2            4.9
