    2451745.994           -2.2            4.3
    2451778.895          -12.1            3.7
    2451808.867           -0.8            3.6
    2451853.766           11.5            4.1
    2451856.801            1.6            4.6
    2451898.637           25.7            8.0
    2451932.609           -1.0            3.9
    2452163.861           14.3            4.9
    2452175.851           14.6            4.0
    2452307.598          -10.9            4.5
    2452465.989          -12.1            5.3
    2452483.985            2.0            5.0
    2452494.987           26.1            5.0
    2452517.936           18.8            5.2
     2452528.91            1.0            5.2
     2452530.91           -8.1            4.5
    2452541.904            7.3            4.5
    2452543.883            9.6            5.0
    2452559.914           15.4            6.4
    2452561.795            9.4            8.4
    2452571.791           24.4            5.0
     2452589.81            0.7            5.7
    2452603.782           -5.4            4.9
    2452605.724           -6.3            4.8
    2452616.772           -4.1            5.9
    2452665.604           12.0            4.2
    2452668.611           -4.2            5.3
    2452837.972            8.5            5.4
    2452861.963           -3.6            4.1
    2452863.985           -9.7            5.2
    2452879.918            7.4            4.2
    2452880.947            8.2            5.0
    2452898.911           -8.7            4.7
    2452900.928           -1.4            4.8
    2452932.839            9.3            4.3
    2452934.804           -2.8            4.6
    2452963.753           15.6            5.2
    2452965.809           21.1            5.4
     2453022.63            0.4            5.6
     2453208.01           10.4            3.8
    2453209.978            4.1            3.7
    2453214.961           19.3            4.2
    2453231.961          -13.2            4.0
    2453233.909            3.6            3.9
     2453235.96           14.9            4.2
    2453265.899            9.7            3.8
    2453268.919           11.8            4.0
     2453269.81            0.8            3.5
    2453286.828            8.8            3.8
    2453324.713            8.7            5.5
    2453354.654           21.8            3.8
    2453400.642            6.5            7.5
    2453550.983            3.0            4.4
    2453578.964            9.5            4.6
    2453613.923            3.0            4.2
    2453654.771            4.2            4.1
    2453701.724            8.5            4.6
    2453740.745            6.8            4.7
    2453911.993            8.9            3.6
    2453917.013           -7.9            3.9
    2453934.974           18.6            3.9
    2453968.925           -0.4            3.2
    2453981.851           13.4            3.8
    2453985.899            4.8            4.0
    2454055.755            2.0            3.9
    2454297.975            2.3            4.1
    2454300.974           10.6            4.0
    2454314.939           18.1            3.6
    2454318.981            9.9            4.2
    2454344.859           12.2            4.3
    2454348.917            9.9            4.0
    2454391.887           15.1            5.4
    2454394.775            1.6            4.2
    2454418.777            9.9            4.5
    2454420.763           -6.4            4.2
    2454440.653           17.0            3.4
    2454443.651          -12.5            3.6
    2454481.638            0.2            3.9
    2454503.651            8.4            4.3
    2454645.984           17.0            4.5
    2454646.968            3.8            4.2
    2454668.009           -2.6            3.7
    2454681.904           -3.6            3.8
     2454683.97          -13.7            3.8
    2454711.893           -5.9            4.1
    2454713.873            8.2            4.2
    2454715.882           19.0            4.6
    2454716.875            3.9            4.1
    2454753.885          -18.9            3.6
     2454755.85          -12.7            3.8
    2454777.733            3.0            4.1
    2454806.796           15.6            5.5
     2454808.77           15.8            4.3
    2454809.763           -8.9            6.1
    2455026.973            7.2            5.7
    2455063.965          -15.7            5.0
    2455099.996           12.9            4.9
    2455116.856            8.9            6.8
    2455154.739           -7.7            7.6
    2455174.788           19.8            5.8
    2455364.972            4.8            5.0
    2455419.012           10.4            4.7
    2455446.847           17.0            3.6
    2455446.856           16.6            3.1
    2455463.833            6.4            5.2
    2455466.842           -7.5            4.8
    2455569.653           -7.5            4.1
    2455571.713           -7.5            4.6
    2455572.671           17.3            4.8
    2455621.621           20.3            4.6
    2455757.974            0.9            5.0
    2455803.919            9.9            4.3
    2455806.936          -12.3            4.3
    2455828.781            9.9            4.2
    2455831.849            1.8            5.1
    2455861.842           21.3            4.2
    2455864.796            0.2            4.4
    2455892.745            2.7            4.9
