    2451745.994          -12.8            4.3
    2451778.895           -3.6            3.7
    2451808.867           -9.5            3.6
    2451853.766           18.1            4.1
    2451856.801          -16.0            4.6
    2451898.637           18.3            8.0
    2451932.609           -9.9            3.9
    2452163.861           26.7            4.9
    2452175.851          -10.5            4.0
    2452307.598            2.9            4.5
    2452465.989            2.1            5.3
    2452483.985          -12.0            5.0
    2452494.987            2.3            5.0
    2452517.936           13.5            5.2
     2452528.91           -6.8            5.2
     2452530.91            9.9            4.5
    2452541.904           -0.6            4.5
    2452543.883            7.0            5.0
    2452559.914           -8.8            6.4
    2452561.795           -5.5            8.4
    2452571.791           11.8            5.0
     2452589.81           -0.5            5.7
    2452603.782           13.8            4.9
    2452605.724            1.0            4.8
    2452616.772            4.9            5.9
    2452665.604           -5.5            4.2
    2452668.611            2.0            5.3
    2452837.972            1.6            5.4
    2452861.963            2.2            4.1
    2452863.985            5.5            5.2
    2452879.918           24.7            4.2
    2452880.947          -14.2            5.0
    2452898.911            5.9            4.7
    2452900.928            7.4            4.8
    2452932.839          -18.8            4.3
    2452934.804          -10.4            4.6
    2452963.753           -1.4            5.2
    2452965.809            2.9            5.4
     2453022.63           12.3            5.6
     2453208.01           -6.0            3.8
    2453209.978            8.9            3.7
    2453214.961          -21.8            4.2
    2453231.961            2.1            4.0
    2453233.909           19.7            3.9
     2453235.96           16.3            4.2
    2453265.899           15.6            3.8
    2453268.919            3.9            4.0
     2453269.81           10.4            3.5
    2453286.828          -13.7            3.8
    2453324.713           18.5            5.5
    2453354.654            7.9            3.8
    2453400.642           31.3            7.5
    2453550.983            6.5            4.4
    2453578.964           11.6            4.6
    2453613.923           -7.9            4.2
    2453654.771           15.2            4.1
    2453701.724            6.6            4.6
    2453740.745           12.7            4.7
    2453911.993           -1.0            3.6
    2453917.013           17.8            3.9
    2453934.974            7.9            3.9
    2453968.925           14.9            3.2
    2453981.851            5.7            3.8
    2453985.899            4.0            4.0
    2454055.755           21.2            3.9
    2454297.975          -12.9            4.1
    2454300.974           13.4            4.0
    2454314.939          -14.1            3.6
    2454318.981           14.0            4.2
    2454344.859           15.1            4.3
    2454348.917           23.1            4.0
    2454391.887           13.1            5.4
    2454394.775            7.5            4.2
    2454418.777           14.4            4.5
    2454420.763           19.5            4.2
    2454440.653            2.2            3.4
    2454443.651          -12.6            3.6
    2454481.638            8.6            3.9
    2454503.651           -4.5            4.3
    2454645.984           20.0            4.5
    2454646.968          -10.2            4.2
    2454668.009           16.5            3.7
    2454681.904          -16.3            3.8
     2454683.97          -17.1            3.8
    2454711.893           -8.3            4.1
    2454713.873            6.4            4.2
    2454715.882           20.8            4.6
    2454716.875          -11.7            4.1
    2454753.885          -10.1            3.6
     2454755.85          -21.6            3.8
    2454777.733          -14.0            4.1
    2454806.796           18.8            5.5
     2454808.77           25.0            4.3
    2454809.763           -0.4            6.1
    2455026.973           -7.6            5.7
    2455063.965           -8.1            5.0
    2455099.996           24.3            4.9
    2455116.856           18.4            6.8
    2455154.739           -4.2            7.6
    2455174.788          -19.3            5.8
    2455364.972            4.5            5.0
    2455419.012           18.4            4.7
    2455446.847           26.2            3.6
    2455446.856           25.7            3.1
    2455463.833            3.6            5.2
    2455466.842           16.5            4.8
    2455569.653           -3.1            4.1
    2455571.713          -14.4            4.6
    2455572.671           19.4            4.8
    2455621.621          -15.2            4.6
    2455757.974            0.3            5.0
    2455803.919          -21.8            4.3
    2455806.936           22.9            4.3
    2455828.781           26.7            4.2
    2455831.849          -13.3            5.1
    2455861.842            2.0            4.2
    2455864.796           -6.2            4.4
    2455892.745           -7.9            4.9
