    2451745.994            7.5            4.3
    2451778.895           10.6            3.7
    2451808.867            7.9            3.6
    2451853.766           12.0            4.1
    2451856.801            7.4            4.6
    2451898.637           18.2            8.0
    2451932.609           -0.7            3.9
    2452163.861            9.1            4.9
    2452175.851           -7.5            4.0
    2452307.598            4.8            4.5
    2452465.989           -3.7            5.3
    2452483.985            8.5            5.0
    2452494.987           -3.1            5.0
    2452517.936           12.2            5.2
     2452528.91           17.3            5.2
     2452530.91            1.8            4.5
    2452541.904           -4.3            4.5
    2452543.883            6.1            5.0
    2452559.914           -4.7            6.4
    2452561.795           15.8            8.4
    2452571.791           14.2            5.0
     2452589.81           11.5            5.7
    2452603.782           -1.3            4.9
    2452605.724           -6.7            4.8
    2452616.772            1.7            5.9
    2452665.604           20.6            4.2
    2452668.611           -2.1            5.3
    2452837.972            8.9            5.4
    2452861.963            6.3            4.1
    2452863.985           11.3            5.2
    2452879.918            0.6            4.2
    2452880.947            9.7            5.0
    2452898.911            1.0            4.7
    2452900.928            7.1            4.8
    2452932.839           -0.7            4.3
    2452934.804            0.3            4.6
    2452963.753           22.3            5.2
    2452965.809           24.4            5.4
     2453022.63            6.2            5.6
     2453208.01           16.3            3.8
    2453209.978           14.2            3.7
    2453214.961            1.9            4.2
    2453231.961            1.7            4.0
    2453233.909            3.7            3.9
     2453235.96            6.9            4.2
    2453265.899           11.3            3.8
    2453268.919           -2.5            4.0
     2453269.81           -2.8            3.5
    2453286.828           -9.3            3.8
    2453324.713           -6.6            5.5
    2453354.654           13.5            3.8
    2453400.642           17.9            7.5
    2453550.983            4.3            4.4
    2453578.964           -4.5            4.6
    2453613.923           -4.2            4.2
    2453654.771           21.1            4.1
    2453701.724           19.3            4.6
    2453740.745            4.8            4.7
    2453911.993           -0.6            3.6
    2453917.013            3.0            3.9
    2453934.974            2.3            3.9
    2453968.925           -7.6            3.2
    2453981.851            8.9            3.8
    2453985.899            6.5            4.0
    2454055.755            8.4            3.9
    2454297.975            2.8            4.1
    2454300.974           18.9            4.0
    2454314.939           -5.2            3.6
    2454318.981            6.5            4.2
    2454344.859            8.4            4.3
    2454348.917            3.5            4.0
    2454391.887           10.7            5.4
    2454394.775            7.9            4.2
    2454418.777           10.4            4.5
    2454420.763           16.3            4.2
    2454440.653           -4.2            3.4
    2454443.651          -11.5            3.6
    2454481.638            0.9            3.9
    2454503.651           13.8            4.3
    2454645.984           15.7            4.5
    2454646.968           11.4            4.2
    2454668.009            5.9            3.7
    2454681.904           13.4            3.8
     2454683.97           14.3            3.8
    2454711.893           17.6            4.1
    2454713.873            5.4            4.2
    2454715.882           -3.1            4.6
    2454716.875            5.0            4.1
    2454753.885           -5.2            3.6
     2454755.85            7.2            3.8
    2454777.733            1.4            4.1
    2454806.796            5.3            5.5
     2454808.77           -0.2            4.3
    2454809.763           -2.0            6.1
    2455026.973            9.7            5.7
    2455063.965            1.4            5.0
    2455099.996            0.0            4.9
    2455116.856            2.0            6.8
    2455154.739            1.9            7.6
    2455174.788           11.6            5.8
    2455364.972           17.0            5.0
    2455419.012            0.9            4.7
    2455446.847            9.0            3.6
    2455446.856            8.3            3.1
    2455463.833            3.9            5.2
    2455466.842            9.4            4.8
    2455569.653            8.0            4.1
    2455571.713           -1.9            4.6
    2455572.671           -2.1            4.8
    2455621.621           19.1            4.6
    2455757.974           17.9            5.0
    2455803.919           10.1            4.3
    2455806.936            3.1            4.3
    2455828.781           16.1            4.2
    2455831.849           10.0            5.1
    2455861.842            0.1            4.2
    2455864.796            1.2            4.4
    2455892.745           -5.1            4.9
