    2451745.994           -4.2            4.3
    2451778.895           12.3            3.7
    2451808.867            0.3            3.6
    2451853.766            1.4            4.1
    2451856.801           12.5            4.6
    2451898.637           14.9            8.0
    2451932.609           -0.8            3.9
    2452163.861           -3.0            4.9
    2452175.851           -5.2            4.0
    2452307.598           -4.0            4.5
    2452465.989           -4.0            5.3
    2452483.985           10.9            5.0
    2452494.987           14.1            5.0
    2452517.936           13.1            5.2
     2452528.91            5.4            5.2
     2452530.91            3.6            4.5
    2452541.904           11.5            4.5
    2452543.883           -1.8            5.0
    2452559.914            7.2            6.4
    2452561.795            8.6            8.4
    2452571.791            9.6            5.0
     2452589.81           -3.6            5.7
    2452603.782           12.5            4.9
    2452605.724           -2.4            4.8
    2452616.772           -2.8            5.9
    2452665.604           12.3            4.2
    2452668.611           10.5            5.3
    2452837.972           -1.7            5.4
    2452861.963            7.6            4.1
    2452863.985            0.6            5.2
    2452879.918           -4.6            4.2
    2452880.947            3.0            5.0
    2452898.911           -0.9            4.7
    2452900.928           11.5            4.8
    2452932.839           10.9            4.3
    2452934.804           -1.3            4.6
    2452963.753           12.1            5.2
    2452965.809           -0.2            5.4
     2453022.63            1.5            5.6
     2453208.01            5.0            3.8
    2453209.978            3.0            3.7
    2453214.961           13.3            4.2
    2453231.961           -4.0            4.0
    2453233.909           11.8            3.9
     2453235.96           -4.6            4.2
    2453265.899            7.4            3.8
    2453268.919           13.0            4.0
     2453269.81            6.5            3.5
    2453286.828           -3.9            3.8
    2453324.713           -1.5            5.5
    2453354.654           10.4            3.8
    2453400.642           16.5            7.5
    2453550.983           10.0            4.4
    2453578.964           12.6            4.6
    2453613.923           10.9            4.2
    2453654.771           -0.4            4.1
    2453701.724            7.7            4.6
    2453740.745           11.6            4.7
    2453911.993            9.7            3.6
    2453917.013           -4.3            3.9
    2453934.974           11.9            3.9
    2453968.925            8.3            3.2
    2453981.851            7.2            3.8
    2453985.899            5.0            4.0
    2454055.755            1.8            3.9
    2454297.975           10.3            4.1
    2454300.974           -1.6            4.0
    2454314.939            3.3            3.6
    2454318.981            1.5            4.2
    2454344.859           13.2            4.3
    2454348.917           12.8            4.0
    2454391.887           11.2            5.4
    2454394.775           11.2            4.2
    2454418.777           12.1            4.5
    2454420.763           -3.3            4.2
    2454440.653            3.1            3.4
    2454443.651           -5.3            3.6
    2454481.638           -0.4            3.9
    2454503.651           13.2            4.3
    2454645.984            7.4            4.5
    2454646.968           13.0            4.2
    2454668.009           -5.6            3.7
    2454681.904           11.9            3.8
     2454683.97           -2.9            3.8
    2454711.893            8.3            4.1
    2454713.873           -0.9            4.2
    2454715.882           10.3            4.6
    2454716.875           10.8            4.1
    2454753.885           -0.4            3.6
     2454755.85            7.2            3.8
    2454777.733            9.2            4.1
    2454806.796            0.2            5.5
     2454808.77           10.4            4.3
    2454809.763           13.0            6.1
    2455026.973            5.9            5.7
    2455063.965            8.1            5.0
    2455099.996           11.9            4.9
    2455116.856           -2.4            6.8
    2455154.739            6.9            7.6
    2455174.788           -2.5            5.8
    2455364.972           -3.1            5.0
    2455419.012           -3.9            4.7
    2455446.847            2.9            3.6
    2455446.856            2.5            3.1
    2455463.833           11.7            5.2
    2455466.842           12.6            4.8
    2455569.653           -5.0            4.1
    2455571.713           13.6            4.6
    2455572.671            4.6            4.8
    2455621.621           12.2            4.6
    2455757.974           11.1            5.0
    2455803.919           13.3            4.3
    2455806.936            6.2            4.3
    2455828.781           -3.9            4.2
    2455831.849            6.8            5.1
    2455861.842           13.2            4.2
    2455864.796            3.8            4.4
    2455892.745           13.5            4.9
