    2451745.994            7.9            4.3
    2451778.895            4.9            3.7
    2451808.867            4.9            3.6
    2451853.766            9.4            4.1
    2451856.801            9.3            4.6
    2451898.637           11.9            8.0
    2451932.609           11.8            3.9
    2452163.861           13.8            4.9
    2452175.851            3.6            4.0
    2452307.598            7.5            4.5
    2452465.989           -0.1            5.3
    2452483.985            9.4            5.0
    2452494.987            5.9            5.0
    2452517.936            9.9            5.2
     2452528.91           11.3            5.2
     2452530.91           14.0            4.5
    2452541.904            4.8            4.5
    2452543.883            2.7            5.0
    2452559.914           10.7            6.4
    2452561.795            8.9            8.4
    2452571.791            4.3            5.0
     2452589.81           14.9            5.7
    2452603.782            5.2            4.9
    2452605.724           11.3            4.8
    2452616.772            3.9            5.9
    2452665.604            6.4            4.2
    2452668.611           13.0            5.3
    2452837.972            6.4            5.4
    2452861.963            2.0            4.1
    2452863.985            1.6            5.2
    2452879.918            6.4            4.2
    2452880.947            7.8            5.0
    2452898.911           11.9            4.7
    2452900.928            7.3            4.8
    2452932.839            9.4            4.3
    2452934.804            6.6            4.6
    2452963.753            8.9            5.2
    2452965.809            8.2            5.4
     2453022.63           16.5            5.6
     2453208.01           -7.7            3.8
    2453209.978            0.1            3.7
    2453214.961            5.7            4.2
    2453231.961            2.7            4.0
    2453233.909            5.6            3.9
     2453235.96            2.0            4.2
    2453265.899            9.6            3.8
    2453268.919           10.4            4.0
     2453269.81            9.5            3.5
    2453286.828            2.8            3.8
    2453324.713           11.2            5.5
    2453354.654            5.0            3.8
    2453400.642            7.2            7.5
    2453550.983           -1.0            4.4
    2453578.964           -1.2            4.6
    2453613.923           11.8            4.2
    2453654.771            9.7            4.1
    2453701.724           10.3            4.6
    2453740.745           10.3            4.7
    2453911.993            2.0            3.6
    2453917.013            8.1            3.9
    2453934.974           -1.0            3.9
    2453968.925            0.5            3.2
    2453981.851           -1.3            3.8
    2453985.899            1.4            4.0
    2454055.755            1.5            3.9
    2454297.975           -0.6            4.1
    2454300.974            7.6            4.0
    2454314.939            7.7            3.6
    2454318.981           -0.9            4.2
    2454344.859            7.6            4.3
    2454348.917            2.9            4.0
    2454391.887           15.8            5.4
    2454394.775            8.7            4.2
    2454418.777            8.2            4.5
    2454420.763            8.4            4.2
    2454440.653           11.7            3.4
    2454443.651            6.6            3.6
    2454481.638            3.1            3.9
    2454503.651            7.9            4.3
    2454645.984            0.2            4.5
    2454646.968           -0.4            4.2
    2454668.009            4.5            3.7
    2454681.904            9.3            3.8
     2454683.97            7.9            3.8
    2454711.893           12.7            4.1
    2454713.873           12.6            4.2
    2454715.882           12.7            4.6
    2454716.875           12.5            4.1
    2454753.885            3.7            3.6
     2454755.85            3.8            3.8
    2454777.733            9.4            4.1
    2454806.796            5.7            5.5
     2454808.77            3.4            4.3
    2454809.763           13.0            6.1
    2455026.973            4.1            5.7
    2455063.965            8.3            5.0
    2455099.996            8.5            4.9
    2455116.856           18.3            6.8
    2455154.739            9.9            7.6
    2455174.788           12.3            5.8
    2455364.972            5.7            5.0
    2455419.012           -0.7            4.7
    2455446.847           -1.0            3.6
    2455446.856           -1.6            3.1
    2455463.833            3.7            5.2
    2455466.842           12.6            4.8
    2455569.653            3.0            4.1
    2455571.713            0.9            4.6
    2455572.671           13.1            4.8
    2455621.621           12.6            4.6
    2455757.974            0.7            5.0
    2455803.919           17.0            4.3
    2455806.936            3.4            4.3
    2455828.781           12.6            4.2
    2455831.849           10.4            5.1
    2455861.842            9.8            4.2
    2455864.796            2.9            4.4
    2455892.745           13.9            4.9
