    2451745.994           20.0            4.3
    2451778.895          -11.6            3.7
    2451808.867           -7.3            3.6
    2451853.766          -10.6            4.1
    2451856.801           20.5            4.6
    2451898.637            7.8            8.0
    2451932.609           -6.6            3.9
    2452163.861           12.5            4.9
    2452175.851            8.2            4.0
    2452307.598            6.0            4.5
    2452465.989           16.0            5.3
    2452483.985           -5.8            5.0
    2452494.987           -8.3            5.0
    2452517.936           -0.6            5.2
     2452528.91            6.0            5.2
     2452530.91           -7.0            4.5
    2452541.904            8.5            4.5
    2452543.883           -7.8            5.0
    2452559.914           20.1            6.4
    2452561.795           13.1            8.4
    2452571.791            9.8            5.0
     2452589.81           15.1            5.7
    2452603.782            9.3            4.9
    2452605.724           -8.8            4.8
    2452616.772           11.1            5.9
    2452665.604            9.7            4.2
    2452668.611            4.1            5.3
    2452837.972            9.0            5.4
    2452861.963           19.4            4.1
    2452863.985            9.1            5.2
    2452879.918            4.7            4.2
    2452880.947           18.0            5.0
    2452898.911           10.2            4.7
    2452900.928            3.8            4.8
    2452932.839           -2.3            4.3
    2452934.804           10.3            4.6
    2452963.753           -3.5            5.2
    2452965.809            5.3            5.4
     2453022.63            8.3            5.6
     2453208.01            5.7            3.8
    2453209.978           -4.8            3.7
    2453214.961            4.2            4.2
    2453231.961            6.3            4.0
    2453233.909           -3.8            3.9
     2453235.96          -11.6            4.2
    2453265.899          -11.5            3.8
    2453268.919           19.5            4.0
     2453269.81            3.9            3.5
    2453286.828            1.5            3.8
    2453324.713           17.2            5.5
    2453354.654            6.5            3.8
    2453400.642           10.5            7.5
    2453550.983           -8.3            4.4
    2453578.964            1.4            4.6
    2453613.923           17.1            4.2
    2453654.771            1.2            4.1
    2453701.724           15.3            4.6
    2453740.745          -10.2            4.7
    2453911.993           15.7            3.6
    2453917.013           12.1            3.9
    2453934.974            6.6            3.9
    2453968.925           -8.6            3.2
    2453981.851           -7.3            3.8
    2453985.899            2.7            4.0
    2454055.755          -10.9            3.9
    2454297.975            8.3            4.1
    2454300.974           -0.8            4.0
    2454314.939            2.2            3.6
    2454318.981           19.0            4.2
    2454344.859            6.9            4.3
    2454348.917           19.3            4.0
    2454391.887           14.4            5.4
    2454394.775          -10.2            4.2
    2454418.777            7.6            4.5
    2454420.763           -1.1            4.2
    2454440.653           13.4            3.4
    2454443.651           -8.7            3.6
    2454481.638           -9.9            3.9
    2454503.651            9.0            4.3
    2454645.984            2.5            4.5
    2454646.968           11.1            4.2
    2454668.009            5.4            3.7
    2454681.904            5.7            3.8
     2454683.97           -1.5            3.8
    2454711.893           -1.6            4.1
    2454713.873            4.6            4.2
    2454715.882           -6.6            4.6
    2454716.875           -0.8            4.1
    2454753.885            1.4            3.6
     2454755.85           18.6            3.8
    2454777.733           -9.0            4.1
    2454806.796           16.9            5.5
     2454808.77            2.5            4.3
    2454809.763           -6.1            6.1
    2455026.973            5.3            5.7
    2455063.965            9.3            5.0
    2455099.996           -3.1            4.9
    2455116.856           -8.0            6.8
    2455154.739           -5.4            7.6
    2455174.788           10.1            5.8
    2455364.972            7.4            5.0
    2455419.012           -9.4            4.7
    2455446.847            2.8            3.6
    2455446.856            2.3            3.1
    2455463.833           -6.8            5.2
    2455466.842           16.3            4.8
    2455569.653           11.6            4.1
    2455571.713           15.4            4.6
    2455572.671           -5.6            4.8
    2455621.621           -1.7            4.6
    2455757.974           -6.8            5.0
    2455803.919           10.9            4.3
    2455806.936           -4.9            4.3
    2455828.781           11.2            4.2
    2455831.849            3.1            5.1
    2455861.842            4.1            4.2
    2455864.796           -1.9            4.4
    2455892.745           12.2            4.9
