    2451745.994            7.5            4.3
    2451778.895           -3.2            3.7
    2451808.867            8.8            3.6
    2451853.766           11.3            4.1
    2451856.801           -0.1            4.6
    2451898.637           12.7            8.0
    2451932.609            0.1            3.9
    2452163.861            6.3            4.9
    2452175.851           10.6            4.0
    2452307.598           11.8            4.5
    2452465.989            7.6            5.3
    2452483.985            4.6            5.0
    2452494.987            6.3            5.0
    2452517.936            4.5            5.2
     2452528.91            0.9            5.2
     2452530.91            9.9            4.5
    2452541.904           -2.2            4.5
    2452543.883           12.4            5.0
    2452559.914            0.6            6.4
    2452561.795           15.6            8.4
    2452571.791           12.2            5.0
     2452589.81           13.0            5.7
    2452603.782            9.1            4.9
    2452605.724           -1.6            4.8
    2452616.772           12.2            5.9
    2452665.604            4.5            4.2
    2452668.611           -1.5            5.3
    2452837.972            6.1            5.4
    2452861.963           12.3            4.1
    2452863.985           -0.8            5.2
    2452879.918           11.2            4.2
    2452880.947            7.1            5.0
    2452898.911            7.5            4.7
    2452900.928           -2.2            4.8
    2452932.839           -1.6            4.3
    2452934.804           10.3            4.6
    2452963.753           -0.5            5.2
    2452965.809           12.0            5.4
     2453022.63           -0.8            5.6
     2453208.01            3.2            3.8
    2453209.978           -0.4            3.7
    2453214.961            4.6            4.2
    2453231.961           -2.5            4.0
    2453233.909           11.3            3.9
     2453235.96           -0.7            4.2
    2453265.899           12.3            3.8
    2453268.919            1.4            4.0
     2453269.81            9.1            3.5
    2453286.828           -1.6            3.8
    2453324.713           10.7            5.5
    2453354.654           -3.5            3.8
    2453400.642            5.6            7.5
    2453550.983            7.0            4.4
    2453578.964           10.6            4.6
    2453613.923           -1.3            4.2
    2453654.771            0.9            4.1
    2453701.724           11.9            4.6
    2453740.745           -3.0            4.7
    2453911.993            1.3            3.6
    2453917.013           -1.7            3.9
    2453934.974            0.5            3.9
    2453968.925            7.9            3.2
    2453981.851            1.1            3.8
    2453985.899           -2.6            4.0
    2454055.755           11.4            3.9
    2454297.975           -0.4            4.1
    2454300.974            9.8            4.0
    2454314.939            9.7            3.6
    2454318.981           10.6            4.2
    2454344.859            1.3            4.3
    2454348.917           -1.5            4.0
    2454391.887           12.6            5.4
    2454394.775           -0.4            4.2
    2454418.777            9.6            4.5
    2454420.763           -2.0            4.2
    2454440.653            2.1            3.4
    2454443.651           -3.5            3.6
    2454481.638            6.2            3.9
    2454503.651            0.6            4.3
    2454645.984           12.8            4.5
    2454646.968            8.0            4.2
    2454668.009            7.0            3.7
    2454681.904            8.3            3.8
     2454683.97           -1.1            3.8
    2454711.893           -4.4            4.1
    2454713.873            9.3            4.2
    2454715.882           -1.5            4.6
    2454716.875           -3.1            4.1
    2454753.885            4.3            3.6
     2454755.85            8.2            3.8
    2454777.733           12.7            4.1
    2454806.796           -0.3            5.5
     2454808.77            7.6            4.3
    2454809.763           12.6            6.1
    2455026.973           12.3            5.7
    2455063.965           12.9            5.0
    2455099.996           10.8            4.9
    2455116.856            2.7            6.8
    2455154.739           14.9            7.6
    2455174.788            0.4            5.8
    2455364.972            0.5            5.0
    2455419.012            4.5            4.7
    2455446.847           -0.2            3.6
    2455446.856           -0.8            3.1
    2455463.833           11.9            5.2
    2455466.842            7.6            4.8
    2455569.653           -1.8            4.1
    2455571.713           10.5            4.6
    2455572.671           11.5            4.8
    2455621.621           10.2            4.6
    2455757.974           11.6            5.0
    2455803.919            9.8            4.3
    2455806.936            0.3            4.3
    2455828.781           -3.5            4.2
    2455831.849            7.8            5.1
    2455861.842            7.1            4.2
    2455864.796           -0.7            4.4
    2455892.745           -0.2            4.9
