    2451745.994            1.8            4.3
    2451778.895            1.0            3.7
    2451808.867            2.1            3.6
    2451853.766            3.1            4.1
    2451856.801            1.9            4.6
    2451898.637           13.0            8.0
    2451932.609           10.4            3.9
    2452163.861            6.4            4.9
    2452175.851           -4.5            4.0
    2452307.598           11.3            4.5
    2452465.989            6.0            5.3
    2452483.985           15.9            5.0
    2452494.987           13.9            5.0
    2452517.936            4.9            5.2
     2452528.91           14.0            5.2
     2452530.91            3.4            4.5
    2452541.904            4.6            4.5
    2452543.883           12.1            5.0
    2452559.914           15.0            6.4
    2452561.795            8.6            8.4
    2452571.791            1.8            5.0
     2452589.81            7.4            5.7
    2452603.782            5.9            4.9
    2452605.724            0.1            4.8
    2452616.772           -3.0            5.9
    2452665.604            5.6            4.2
    2452668.611           13.0            5.3
    2452837.972            2.9            5.4
    2452861.963            4.2            4.1
    2452863.985            3.0            5.2
    2452879.918            3.6            4.2
    2452880.947            3.1            5.0
    2452898.911            3.4            4.7
    2452900.928            5.6            4.8
    2452932.839           -3.7            4.3
    2452934.804            5.4            4.6
    2452963.753            1.5            5.2
    2452965.809            5.2            5.4
     2453022.63            4.2            5.6
     2453208.01            5.7            3.8
    2453209.978            5.9            3.7
    2453214.961            1.3            4.2
    2453231.961            4.5            4.0
    2453233.909            8.4            3.9
     2453235.96           11.7            4.2
    2453265.899            4.9            3.8
    2453268.919           14.9            4.0
     2453269.81            6.2            3.5
    2453286.828            7.1            3.8
    2453324.713           -2.5            5.5
    2453354.654           -4.5            3.8
    2453400.642            2.9            7.5
    2453550.983           13.3            4.4
    2453578.964            5.6            4.6
    2453613.923            3.9            4.2
    2453654.771            1.5            4.1
    2453701.724            2.4            4.6
    2453740.745           -1.4            4.7
    2453911.993           14.7            3.6
    2453917.013            3.6            3.9
    2453934.974            3.2            3.9
    2453968.925           -8.5            3.2
    2453981.851           -0.1            3.8
    2453985.899           -2.9            4.0
    2454055.755            8.2            3.9
    2454297.975            4.3            4.1
    2454300.974            4.3            4.0
    2454314.939            2.8            3.6
    2454318.981            2.4            4.2
    2454344.859           -0.4            4.3
    2454348.917            7.2            4.0
    2454391.887           -0.4            5.4
    2454394.775           -6.2            4.2
    2454418.777            8.9            4.5
    2454420.763            5.2            4.2
    2454440.653            3.4            3.4
    2454443.651            1.2            3.6
    2454481.638            9.0            3.9
    2454503.651           -4.6            4.3
    2454645.984           -4.7            4.5
    2454646.968            2.4            4.2
    2454668.009            8.9            3.7
    2454681.904           13.0            3.8
     2454683.97            6.7            3.8
    2454711.893            3.8            4.1
    2454713.873            8.6            4.2
    2454715.882            6.8            4.6
    2454716.875            6.7            4.1
    2454753.885           -4.2            3.6
     2454755.85           -4.6            3.8
    2454777.733           10.8            4.1
    2454806.796            4.9            5.5
     2454808.77            7.7            4.3
    2454809.763            8.9            6.1
    2455026.973            5.1            5.7
    2455063.965            9.6            5.0
    2455099.996            2.6            4.9
    2455116.856            1.8            6.8
    2455154.739           12.7            7.6
    2455174.788            5.0            5.8
    2455364.972           -3.5            5.0
    2455419.012            1.6            4.7
    2455446.847           -5.9            3.6
    2455446.856           -6.3            3.1
    2455463.833           -0.7            5.2
    2455466.842            4.1            4.8
    2455569.653            1.4            4.1
    2455571.713           -1.9            4.6
    2455572.671           -2.0            4.8
    2455621.621           -2.5            4.6
    2455757.974            3.5            5.0
    2455803.919           11.1            4.3
    2455806.936            4.4            4.3
    2455828.781            2.8            4.2
    2455831.849            6.4            5.1
    2455861.842           10.2            4.2
    2455864.796           10.8            4.4
    2455892.745            1.4            4.9
