    2451745.994           10.7            4.3
    2451778.895            9.6            3.7
    2451808.867            9.3            3.6
    2451853.766            3.0            4.1
    2451856.801            9.1            4.6
    2451898.637            8.5            8.0
    2451932.609           -0.8            3.9
    2452163.861           11.4            4.9
    2452175.851            5.1            4.0
    2452307.598            9.1            4.5
    2452465.989           12.0            5.3
    2452483.985           10.3            5.0
    2452494.987            1.0            5.0
    2452517.936            8.2            5.2
     2452528.91            7.8            5.2
     2452530.91           18.4            4.5
    2452541.904           -3.6            4.5
    2452543.883           10.0            5.0
    2452559.914            3.0            6.4
    2452561.795           14.9            8.4
    2452571.791            0.5            5.0
     2452589.81            2.4            5.7
    2452603.782            1.7            4.9
    2452605.724           -1.7            4.8
    2452616.772           10.3            5.9
    2452665.604            9.1            4.2
    2452668.611            2.6            5.3
    2452837.972           11.5            5.4
    2452861.963           -1.9            4.1
    2452863.985           12.1            5.2
    2452879.918            8.3            4.2
    2452880.947           16.8            5.0
    2452898.911            6.6            4.7
    2452900.928           -0.1            4.8
    2452932.839           13.0            4.3
    2452934.804            1.7            4.6
    2452963.753            4.8            5.2
    2452965.809           -1.4            5.4
     2453022.63            2.8            5.6
     2453208.01           -8.8            3.8
    2453209.978           -1.1            3.7
    2453214.961           -1.3            4.2
    2453231.961            2.6            4.0
    2453233.909           -2.8            3.9
     2453235.96            5.7            4.2
    2453265.899           12.5            3.8
    2453268.919            5.3            4.0
     2453269.81            8.8            3.5
    2453286.828           16.7            3.8
    2453324.713            4.0            5.5
    2453354.654            5.5            3.8
    2453400.642            3.9            7.5
    2453550.983            8.1            4.4
    2453578.964            0.3            4.6
    2453613.923           -3.8            4.2
    2453654.771            4.2            4.1
    2453701.724           11.7            4.6
    2453740.745            9.6            4.7
    2453911.993            1.6            3.6
    2453917.013            9.6            3.9
    2453934.974            7.9            3.9
    2453968.925           -1.8            3.2
    2453981.851           11.8            3.8
    2453985.899            6.1            4.0
    2454055.755            6.2            3.9
    2454297.975           13.8            4.1
    2454300.974            1.9            4.0
    2454314.939            7.7            3.6
    2454318.981            6.3            4.2
    2454344.859            2.3            4.3
    2454348.917           -2.0            4.0
    2454391.887            4.7            5.4
    2454394.775           -1.3            4.2
    2454418.777            8.3            4.5
    2454420.763           -1.1            4.2
    2454440.653            4.3            3.4
    2454443.651           -0.1            3.6
    2454481.638           -1.7            3.9
    2454503.651           -7.2            4.3
    2454645.984            3.0            4.5
    2454646.968           10.4            4.2
    2454668.009           -1.8            3.7
    2454681.904            7.9            3.8
     2454683.97           -1.8            3.8
    2454711.893            8.5            4.1
    2454713.873            7.9            4.2
    2454715.882            6.5            4.6
    2454716.875           13.0            4.1
    2454753.885          -10.4            3.6
     2454755.85            2.8            3.8
    2454777.733            9.2            4.1
    2454806.796           11.8            5.5
     2454808.77           11.5            4.3
    2454809.763            5.4            6.1
    2455026.973           10.3            5.7
    2455063.965            1.1            5.0
    2455099.996            1.3            4.9
    2455116.856            3.3            6.8
    2455154.739            3.5            7.6
    2455174.788            8.7            5.8
    2455364.972           14.0            5.0
    2455419.012           -4.8            4.7
    2455446.847            5.5            3.6
    2455446.856            5.0            3.1
    2455463.833           11.6            5.2
    2455466.842           -0.0            4.8
    2455569.653            4.9            4.1
    2455571.713            9.8            4.6
    2455572.671           12.2            4.8
    2455621.621            0.7            4.6
    2455757.974            8.1            5.0
    2455803.919           -3.7            4.3
    2455806.936            4.0            4.3
    2455828.781           -2.4            4.2
    2455831.849           10.1            5.1
    2455861.842            8.3            4.2
    2455864.796           -3.8            4.4
    2455892.745           -1.4            4.9
