    2451745.994            4.3            4.3
    2451778.895            5.4            3.7
    2451808.867            3.9            3.6
    2451853.766            3.7            4.1
    2451856.801            6.2            4.6
    2451898.637            7.3            8.0
    2451932.609            5.4            3.9
    2452163.861            5.8            4.9
    2452175.851            3.4            4.0
    2452307.598            4.5            4.5
    2452465.989            7.2            5.3
    2452483.985            4.0            5.0
    2452494.987            4.1            5.0
    2452517.936            7.0            5.2
     2452528.91            5.1            5.2
     2452530.91            4.9            4.5
    2452541.904            5.7            4.5
    2452543.883            6.7            5.0
    2452559.914            4.9            6.4
    2452561.795            7.5            8.4
    2452571.791            6.7            5.0
     2452589.81            5.3            5.7
    2452603.782            5.0            4.9
    2452605.724            4.0            4.8
    2452616.772            7.3            5.9
    2452665.604            3.3            4.2
    2452668.611            6.7            5.3
    2452837.972            4.8            5.4
    2452861.963            2.6            4.1
    2452863.985            4.2            5.2
    2452879.918            3.7            4.2
    2452880.947            5.7            5.0
    2452898.911            4.1            4.7
    2452900.928            4.4            4.8
    2452932.839            4.7            4.3
    2452934.804            5.2            4.6
    2452963.753            3.2            5.2
    2452965.809            3.6            5.4
     2453022.63            5.8            5.6
     2453208.01            3.3            3.8
    2453209.978            2.9            3.7
    2453214.961            4.1            4.2
    2453231.961            4.0            4.0
    2453233.909            3.3            3.9
     2453235.96            3.3            4.2
    2453265.899            2.6            3.8
    2453268.919            3.5            4.0
     2453269.81            3.4            3.5
    2453286.828            5.4            3.8
    2453324.713            4.0            5.5
    2453354.654            2.8            3.8
    2453400.642            6.9            7.5
    2453550.983            2.9            4.4
    2453578.964            3.5            4.6
    2453613.923            3.6            4.2
    2453654.771            2.4            4.1
    2453701.724            4.9            4.6
    2453740.745            5.7            4.7
    2453911.993            1.8            3.6
    2453917.013            4.6            3.9
    2453934.974            4.1            3.9
    2453968.925            4.3            3.2
    2453981.851            4.0            3.8
    2453985.899            2.9            4.0
    2454055.755            5.2            3.9
    2454297.975            4.5            4.1
    2454300.974            3.2            4.0
    2454314.939            4.3            3.6
    2454318.981            4.6            4.2
    2454344.859            4.6            4.3
    2454348.917            4.0            4.0
    2454391.887            4.1            5.4
    2454394.775            4.8            4.2
    2454418.777            4.8            4.5
    2454420.763            4.8            4.2
    2454440.653            3.3            3.4
    2454443.651            2.1            3.6
    2454481.638            4.8            3.9
    2454503.651            3.3            4.3
    2454645.984            3.7            4.5
    2454646.968            3.7            4.2
    2454668.009            2.6            3.7
    2454681.904            5.0            3.8
     2454683.97            5.1            3.8
    2454711.893            5.2            4.1
    2454713.873            4.7            4.2
    2454715.882            4.5            4.6
    2454716.875            5.6            4.1
    2454753.885            3.0            3.6
     2454755.85            4.1            3.8
    2454777.733            3.1            4.1
    2454806.796            5.0            5.5
     2454808.77            3.5            4.3
    2454809.763            7.1            6.1
    2455026.973            5.1            5.7
    2455063.965            5.3            5.0
    2455099.996            4.1            4.9
    2455116.856            6.5            6.8
    2455154.739            8.2            7.6
    2455174.788            7.5            5.8
    2455364.972            5.0            5.0
    2455419.012            4.7            4.7
    2455446.847            4.5            3.6
    2455446.856            4.0            3.1
    2455463.833            6.0            5.2
    2455466.842            3.5            4.8
    2455569.653            4.6            4.1
    2455571.713            4.9            4.6
    2455572.671            3.7            4.8
    2455621.621            5.2            4.6
    2455757.974            6.5            5.0
    2455803.919            3.0            4.3
    2455806.936            4.6            4.3
    2455828.781            4.7            4.2
    2455831.849            4.7            5.1
    2455861.842            5.3            4.2
    2455864.796            3.9            4.4
    2455892.745            4.0            4.9
