    2451745.994           -4.2            4.3
    2451778.895           -6.4            3.7
    2451808.867           11.3            3.6
    2451853.766            8.4            4.1
    2451856.801           13.8            4.6
    2451898.637            7.3            8.0
    2451932.609            1.5            3.9
    2452163.861            8.3            4.9
    2452175.851            1.3            4.0
    2452307.598           -6.4            4.5
    2452465.989           -7.8            5.3
    2452483.985           18.9            5.0
    2452494.987           -1.8            5.0
    2452517.936           -1.7            5.2
     2452528.91           19.8            5.2
     2452530.91           -4.3            4.5
    2452541.904            0.8            4.5
    2452543.883            6.9            5.0
    2452559.914            7.6            6.4
    2452561.795           12.1            8.4
    2452571.791            0.9            5.0
     2452589.81            9.4            5.7
    2452603.782           -4.4            4.9
    2452605.724           11.7            4.8
    2452616.772           17.3            5.9
    2452665.604           17.3            4.2
    2452668.611            5.3            5.3
    2452837.972           -9.1            5.4
    2452861.963           -3.0            4.1
    2452863.985           17.9            5.2
    2452879.918            7.3            4.2
    2452880.947           11.8            5.0
    2452898.911           -4.9            4.7
    2452900.928           19.6            4.8
    2452932.839           13.2            4.3
    2452934.804           -8.5            4.6
    2452963.753           -5.1            5.2
    2452965.809           10.2            5.4
     2453022.63            4.7            5.6
     2453208.01           13.5            3.8
    2453209.978          -10.6            3.7
    2453214.961           -7.4            4.2
    2453231.961           17.1            4.0
    2453233.909            3.7            3.9
     2453235.96           15.6            4.2
    2453265.899           -2.2            3.8
    2453268.919           16.7            4.0
     2453269.81            8.9            3.5
    2453286.828           -7.7            3.8
    2453324.713           14.7            5.5
    2453354.654            2.8            3.8
    2453400.642            3.5            7.5
    2453550.983            0.2            4.4
    2453578.964           -8.1            4.6
    2453613.923           -1.6            4.2
    2453654.771           -2.6            4.1
    2453701.724           20.2            4.6
    2453740.745           14.3            4.7
    2453911.993           10.2            3.6
    2453917.013            5.1            3.9
    2453934.974           -0.1            3.9
    2453968.925           15.7            3.2
    2453981.851            7.1            3.8
    2453985.899            2.3            4.0
    2454055.755           -7.9            3.9
    2454297.975           -5.0            4.1
    2454300.974           14.6            4.0
    2454314.939           -5.5            3.6
    2454318.981           -4.0            4.2
    2454344.859           16.2            4.3
    2454348.917           16.5            4.0
    2454391.887           10.6            5.4
    2454394.775           -4.4            4.2
    2454418.777           -7.5            4.5
    2454420.763            9.9            4.2
    2454440.653            4.0            3.4
    2454443.651           -5.2            3.6
    2454481.638           14.8            3.9
    2454503.651           -6.2            4.3
    2454645.984           -6.5            4.5
    2454646.968           -5.6            4.2
    2454668.009           13.7            3.7
    2454681.904            1.9            3.8
     2454683.97           17.7            3.8
    2454711.893            4.9            4.1
    2454713.873            2.0            4.2
    2454715.882            7.5            4.6
    2454716.875           16.1            4.1
    2454753.885           -2.8            3.6
     2454755.85            0.8            3.8
    2454777.733           16.2            4.1
    2454806.796           -7.2            5.5
     2454808.77           12.1            4.3
    2454809.763           14.5            6.1
    2455026.973           -3.3            5.7
    2455063.965           15.7            5.0
    2455099.996           18.1            4.9
    2455116.856           17.9            6.8
    2455154.739            3.2            7.6
    2455174.788           -7.8            5.8
    2455364.972           10.9            5.0
    2455419.012            0.4            4.7
    2455446.847          -10.5            3.6
    2455446.856          -11.1            3.1
    2455463.833            1.7            5.2
    2455466.842           -5.8            4.8
    2455569.653           19.2            4.1
    2455571.713           -1.9            4.6
    2455572.671           10.1            4.8
    2455621.621           20.6            4.6
    2455757.974            0.1            5.0
    2455803.919           14.5            4.3
    2455806.936           -3.7            4.3
    2455828.781           11.8            4.2
    2455831.849            0.0            5.1
    2455861.842            4.7            4.2
    2455864.796           15.1            4.4
    2455892.745           15.7            4.9
