    2451745.994           10.4            4.3
    2451778.895           -1.3            3.7
    2451808.867            4.9            3.6
    2451853.766           -3.1            4.1
    2451856.801           -1.3            4.6
    2451898.637            5.0            8.0
    2451932.609            6.0            3.9
    2452163.861            6.8            4.9
    2452175.851            1.1            4.0
    2452307.598            5.5            4.5
    2452465.989            9.1            5.3
    2452483.985           12.7            5.0
    2452494.987           11.5            5.0
    2452517.936           15.8            5.2
     2452528.91           12.9            5.2
     2452530.91            0.2            4.5
    2452541.904            6.9            4.5
    2452543.883           -2.1            5.0
    2452559.914            3.2            6.4
    2452561.795           16.2            8.4
    2452571.791            7.1            5.0
     2452589.81           16.2            5.7
    2452603.782           -1.0            4.9
    2452605.724            2.1            4.8
    2452616.772           12.1            5.9
    2452665.604           -7.5            4.2
    2452668.611            4.4            5.3
    2452837.972           12.2            5.4
    2452861.963           15.0            4.1
    2452863.985            5.5            5.2
    2452879.918           -0.7            4.2
    2452880.947            0.6            5.0
    2452898.911           11.4            4.7
    2452900.928            4.7            4.8
    2452932.839           11.1            4.3
    2452934.804            5.6            4.6
    2452963.753           12.0            5.2
    2452965.809           -3.7            5.4
     2453022.63           -3.9            5.6
     2453208.01           13.0            3.8
    2453209.978            0.1            3.7
    2453214.961           11.2            4.2
    2453231.961           14.8            4.0
    2453233.909           -0.4            3.9
     2453235.96           13.3            4.2
    2453265.899            9.6            3.8
    2453268.919           10.8            4.0
     2453269.81           15.4            3.5
    2453286.828           11.6            3.8
    2453324.713            3.9            5.5
    2453354.654           13.0            3.8
    2453400.642            2.7            7.5
    2453550.983            0.2            4.4
    2453578.964           11.3            4.6
    2453613.923           -0.4            4.2
    2453654.771            4.5            4.1
    2453701.724           10.7            4.6
    2453740.745           -5.7            4.7
    2453911.993           13.9            3.6
    2453917.013            1.2            3.9
    2453934.974            1.5            3.9
    2453968.925           -4.0            3.2
    2453981.851           -7.4            3.8
    2453985.899            5.4            4.0
    2454055.755            6.8            3.9
    2454297.975            2.4            4.1
    2454300.974           -1.3            4.0
    2454314.939           -5.2            3.6
    2454318.981            5.4            4.2
    2454344.859            3.6            4.3
    2454348.917           -4.5            4.0
    2454391.887           13.8            5.4
    2454394.775            8.2            4.2
    2454418.777           18.8            4.5
    2454420.763            1.4            4.2
    2454440.653            3.1            3.4
    2454443.651           -1.0            3.6
    2454481.638            0.2            3.9
    2454503.651           14.8            4.3
    2454645.984            6.4            4.5
    2454646.968            9.2            4.2
    2454668.009            0.2            3.7
    2454681.904            6.9            3.8
     2454683.97            5.7            3.8
    2454711.893            0.7            4.1
    2454713.873            8.0            4.2
    2454715.882            4.3            4.6
    2454716.875            3.4            4.1
    2454753.885            4.6            3.6
     2454755.85            4.8            3.8
    2454777.733            1.2            4.1
    2454806.796            1.4            5.5
     2454808.77            0.2            4.3
    2454809.763           14.6            6.1
    2455026.973           16.1            5.7
    2455063.965            7.8            5.0
    2455099.996            5.2            4.9
    2455116.856            6.3            6.8
    2455154.739           -1.6            7.6
    2455174.788           -1.6            5.8
    2455364.972           -1.3            5.0
    2455419.012            9.7            4.7
    2455446.847            4.5            3.6
    2455446.856            4.0            3.1
    2455463.833           -3.8            5.2
    2455466.842            0.5            4.8
    2455569.653           -1.7            4.1
    2455571.713            4.5            4.6
    2455572.671           -2.6            4.8
    2455621.621            0.7            4.6
    2455757.974           14.4            5.0
    2455803.919            5.5            4.3
    2455806.936            0.4            4.3
    2455828.781            3.3            4.2
    2455831.849            4.3            5.1
    2455861.842           -6.4            4.2
    2455864.796           10.3            4.4
    2455892.745            0.1            4.9
