    2451745.994           16.7            4.3
    2451778.895           -5.6            3.7
    2451808.867            3.3            3.6
    2451853.766            2.6            4.1
    2451856.801           11.4            4.6
    2451898.637            7.1            8.0
    2451932.609           -5.9            3.9
    2452163.861           14.8            4.9
    2452175.851           13.0            4.0
    2452307.598            6.9            4.5
    2452465.989           -9.6            5.3
    2452483.985           16.2            5.0
    2452494.987            3.9            5.0
    2452517.936           -2.0            5.2
     2452528.91           12.5            5.2
     2452530.91           -1.1            4.5
    2452541.904           17.1            4.5
    2452543.883           15.3            5.0
    2452559.914            1.2            6.4
    2452561.795           -4.3            8.4
    2452571.791            8.2            5.0
     2452589.81           -0.6            5.7
    2452603.782            3.8            4.9
    2452605.724           -6.2            4.8
    2452616.772            8.2            5.9
    2452665.604            6.1            4.2
    2452668.611            8.2            5.3
    2452837.972           -0.9            5.4
    2452861.963            6.6            4.1
    2452863.985           16.4            5.2
    2452879.918           11.3            4.2
    2452880.947            3.8            5.0
    2452898.911            0.3            4.7
    2452900.928           16.3            4.8
    2452932.839           -8.2            4.3
    2452934.804          -11.8            4.6
    2452963.753            2.4            5.2
    2452965.809           14.2            5.4
     2453022.63            8.3            5.6
     2453208.01           11.0            3.8
    2453209.978            7.5            3.7
    2453214.961           13.8            4.2
    2453231.961            6.2            4.0
    2453233.909            1.5            3.9
     2453235.96            9.5            4.2
    2453265.899            9.0            3.8
    2453268.919            0.7            4.0
     2453269.81           -4.1            3.5
    2453286.828            6.2            3.8
    2453324.713           14.4            5.5
    2453354.654           10.6            3.8
    2453400.642            4.4            7.5
    2453550.983           18.3            4.4
    2453578.964            2.4            4.6
    2453613.923           -7.2            4.2
    2453654.771           12.9            4.1
    2453701.724            0.2            4.6
    2453740.745           11.9            4.7
    2453911.993            7.0            3.6
    2453917.013           20.9            3.9
    2453934.974           -6.0            3.9
    2453968.925            9.2            3.2
    2453981.851            4.8            3.8
    2453985.899          -10.1            4.0
    2454055.755           15.8            3.9
    2454297.975            6.2            4.1
    2454300.974          -12.3            4.0
    2454314.939           -5.7            3.6
    2454318.981            7.6            4.2
    2454344.859           -5.1            4.3
    2454348.917            5.2            4.0
    2454391.887           21.3            5.4
    2454394.775            6.7            4.2
    2454418.777            1.0            4.5
    2454420.763           10.8            4.2
    2454440.653            0.2            3.4
    2454443.651           15.3            3.6
    2454481.638            8.1            3.9
    2454503.651           -0.2            4.3
    2454645.984            1.2            4.5
    2454646.968           12.6            4.2
    2454668.009           -3.2            3.7
    2454681.904          -11.5            3.8
     2454683.97            5.2            3.8
    2454711.893            0.2            4.1
    2454713.873           10.0            4.2
    2454715.882            5.4            4.6
    2454716.875           -7.1            4.1
    2454753.885            4.1            3.6
     2454755.85            6.4            3.8
    2454777.733            2.1            4.1
    2454806.796            4.8            5.5
     2454808.77           15.8            4.3
    2454809.763           15.4            6.1
    2455026.973            7.1            5.7
    2455063.965           14.8            5.0
    2455099.996            4.9            4.9
    2455116.856           24.1            6.8
    2455154.739            3.9            7.6
    2455174.788           14.3            5.8
    2455364.972            5.2            5.0
    2455419.012           -4.9            4.7
    2455446.847            9.7            3.6
    2455446.856            9.1            3.1
    2455463.833           -2.2            5.2
    2455466.842           15.1            4.8
    2455569.653            3.1            4.1
    2455571.713           -4.7            4.6
    2455572.671          -12.6            4.8
    2455621.621           11.0            4.6
    2455757.974           13.1            5.0
    2455803.919           17.4            4.3
    2455806.936            0.6            4.3
    2455828.781           -6.8            4.2
    2455831.849           11.1            5.1
    2455861.842           18.0            4.2
    2455864.796           -0.1            4.4
    2455892.745           -0.5            4.9
