    2451745.994           -7.1            4.3
    2451778.895           -3.2            3.7
    2451808.867           11.5            3.6
    2451853.766            6.1            4.1
    2451856.801           15.5            4.6
    2451898.637            5.8            8.0
    2451932.609           -1.6            3.9
    2452163.861            3.5            4.9
    2452175.851            1.6            4.0
    2452307.598           11.2            4.5
    2452465.989           11.5            5.3
    2452483.985           10.1            5.0
    2452494.987           -2.4            5.0
    2452517.936           12.5            5.2
     2452528.91           -3.0            5.2
     2452530.91           -1.4            4.5
    2452541.904           -1.8            4.5
    2452543.883           -4.6            5.0
    2452559.914            7.1            6.4
    2452561.795            6.6            8.4
    2452571.791           13.2            5.0
     2452589.81            9.2            5.7
    2452603.782           12.7            4.9
    2452605.724           13.7            4.8
    2452616.772            5.6            5.9
    2452665.604            1.5            4.2
    2452668.611           -0.7            5.3
    2452837.972            2.4            5.4
    2452861.963            7.3            4.1
    2452863.985           10.1            5.2
    2452879.918           -4.6            4.2
    2452880.947            1.0            5.0
    2452898.911            4.6            4.7
    2452900.928            6.3            4.8
    2452932.839            0.1            4.3
    2452934.804            6.7            4.6
    2452963.753            4.6            5.2
    2452965.809            7.8            5.4
     2453022.63            9.9            5.6
     2453208.01            2.5            3.8
    2453209.978            2.6            3.7
    2453214.961           13.5            4.2
    2453231.961            4.3            4.0
    2453233.909            5.7            3.9
     2453235.96            3.5            4.2
    2453265.899            8.0            3.8
    2453268.919            6.0            4.0
     2453269.81            8.7            3.5
    2453286.828            9.1            3.8
    2453324.713            8.1            5.5
    2453354.654           14.6            3.8
    2453400.642            3.7            7.5
    2453550.983           14.7            4.4
    2453578.964            4.3            4.6
    2453613.923            6.1            4.2
    2453654.771           14.2            4.1
    2453701.724           14.1            4.6
    2453740.745            6.1            4.7
    2453911.993           16.5            3.6
    2453917.013            9.5            3.9
    2453934.974            0.9            3.9
    2453968.925            4.6            3.2
    2453981.851            4.5            3.8
    2453985.899            3.6            4.0
    2454055.755            9.6            3.9
    2454297.975           10.1            4.1
    2454300.974            6.4            4.0
    2454314.939            8.4            3.6
    2454318.981           -0.6            4.2
    2454344.859            4.9            4.3
    2454348.917           16.5            4.0
    2454391.887           -3.7            5.4
    2454394.775           -1.1            4.2
    2454418.777            7.3            4.5
    2454420.763            5.2            4.2
    2454440.653            3.3            3.4
    2454443.651           -3.0            3.6
    2454481.638           -3.0            3.9
    2454503.651           14.1            4.3
    2454645.984           12.0            4.5
    2454646.968            7.9            4.2
    2454668.009           -2.0            3.7
    2454681.904            5.3            3.8
     2454683.97            3.4            3.8
    2454711.893           13.3            4.1
    2454713.873           12.8            4.2
    2454715.882           12.4            4.6
    2454716.875           12.2            4.1
    2454753.885            3.7            3.6
     2454755.85           -2.3            3.8
    2454777.733           -5.1            4.1
    2454806.796            8.3            5.5
     2454808.77            5.6            4.3
    2454809.763            3.6            6.1
    2455026.973            8.5            5.7
    2455063.965           16.2            5.0
    2455099.996           10.7            4.9
    2455116.856            7.0            6.8
    2455154.739            8.3            7.6
    2455174.788           -0.5            5.8
    2455364.972           -0.7            5.0
    2455419.012           -2.7            4.7
    2455446.847           12.7            3.6
    2455446.856           12.1            3.1
    2455463.833            7.6            5.2
    2455466.842            5.4            4.8
    2455569.653            6.0            4.1
    2455571.713            3.3            4.6
    2455572.671           -1.2            4.8
    2455621.621            8.2            4.6
    2455757.974           17.0            5.0
    2455803.919           -0.1            4.3
    2455806.936            4.4            4.3
    2455828.781            6.9            4.2
    2455831.849            3.1            5.1
    2455861.842           11.0            4.2
    2455864.796            9.5            4.4
    2455892.745            3.2            4.9
