    2451745.994           -3.9            4.3
    2451778.895           16.3            3.7
    2451808.867           13.7            3.6
    2451853.766           -7.0            4.1
    2451856.801           14.1            4.6
    2451898.637           16.4            8.0
    2451932.609            1.6            3.9
    2452163.861           -6.5            4.9
    2452175.851           -5.7            4.0
    2452307.598           -5.2            4.5
    2452465.989           15.5            5.3
    2452483.985           17.1            5.0
    2452494.987           13.4            5.0
    2452517.936            4.2            5.2
     2452528.91           -3.3            5.2
     2452530.91           13.3            4.5
    2452541.904            7.8            4.5
    2452543.883           15.3            5.0
    2452559.914           10.4            6.4
    2452561.795           16.3            8.4
    2452571.791            8.1            5.0
     2452589.81            8.1            5.7
    2452603.782           13.0            4.9
    2452605.724           -4.9            4.8
    2452616.772            4.7            5.9
    2452665.604           -8.5            4.2
    2452668.611           14.0            5.3
    2452837.972            0.3            5.4
    2452861.963           -4.8            4.1
    2452863.985            3.9            5.2
    2452879.918           -3.6            4.2
    2452880.947           -3.3            5.0
    2452898.911           -1.4            4.7
    2452900.928           15.8            4.8
    2452932.839            2.5            4.3
    2452934.804           -6.4            4.6
    2452963.753           -4.4            5.2
    2452965.809            8.0            5.4
     2453022.63            0.8            5.6
     2453208.01           -2.3            3.8
    2453209.978           -1.5            3.7
    2453214.961           -7.3            4.2
    2453231.961           -3.3            4.0
    2453233.909            0.4            3.9
     2453235.96           16.1            4.2
    2453265.899           14.8            3.8
    2453268.919           -6.7            4.0
     2453269.81           -0.0            3.5
    2453286.828           -7.6            3.8
    2453324.713           15.4            5.5
    2453354.654           13.9            3.8
    2453400.642            1.3            7.5
    2453550.983            5.3            4.4
    2453578.964           -5.0            4.6
    2453613.923           -4.4            4.2
    2453654.771            6.9            4.1
    2453701.724           13.5            4.6
    2453740.745           -2.8            4.7
    2453911.993            3.6            3.6
    2453917.013           14.5            3.9
    2453934.974           10.7            3.9
    2453968.925            4.0            3.2
    2453981.851           12.4            3.8
    2453985.899           -1.7            4.0
    2454055.755           -4.2            3.9
    2454297.975           14.9            4.1
    2454300.974           -4.1            4.0
    2454314.939            3.9            3.6
    2454318.981           -8.9            4.2
    2454344.859            6.8            4.3
    2454348.917           -7.3            4.0
    2454391.887           -0.6            5.4
    2454394.775            9.1            4.2
    2454418.777           10.1            4.5
    2454420.763           -7.2            4.2
    2454440.653            6.5            3.4
    2454443.651           -0.0            3.6
    2454481.638           -3.3            3.9
    2454503.651           -3.4            4.3
    2454645.984            4.8            4.5
    2454646.968           -5.7            4.2
    2454668.009           12.0            3.7
    2454681.904            6.8            3.8
     2454683.97           -3.5            3.8
    2454711.893            6.2            4.1
    2454713.873           -2.5            4.2
    2454715.882           15.3            4.6
    2454716.875           14.6            4.1
    2454753.885            1.7            3.6
     2454755.85           -2.9            3.8
    2454777.733            1.7            4.1
    2454806.796           10.5            5.5
     2454808.77           -7.1            4.3
    2454809.763           -1.2            6.1
    2455026.973           15.3            5.7
    2455063.965            8.3            5.0
    2455099.996            3.0            4.9
    2455116.856           13.7            6.8
    2455154.739           -0.8            7.6
    2455174.788            7.5            5.8
    2455364.972           -1.8            5.0
    2455419.012            2.4            4.7
    2455446.847           -4.1            3.6
    2455446.856           -4.7            3.1
    2455463.833            9.2            5.2
    2455466.842            2.4            4.8
    2455569.653           16.0            4.1
    2455571.713            4.1            4.6
    2455572.671           -4.3            4.8
    2455621.621           -4.5            4.6
    2455757.974           -5.5            5.0
    2455803.919           11.2            4.3
    2455806.936            1.4            4.3
    2455828.781           -1.1            4.2
    2455831.849           13.7            5.1
    2455861.842           12.0            4.2
    2455864.796           -1.0            4.4
    2455892.745           16.4            4.9
