    2451745.994           -7.2            4.3
    2451778.895            4.3            3.7
    2451808.867           14.5            3.6
    2451853.766            6.4            4.1
    2451856.801          -14.3            4.6
    2451898.637          -13.1            8.0
    2451932.609           23.4            3.9
    2452163.861            4.1            4.9
    2452175.851           -2.0            4.0
    2452307.598            7.3            4.5
    2452465.989           -3.1            5.3
    2452483.985           16.4            5.0
    2452494.987           -3.1            5.0
    2452517.936          -13.0            5.2
     2452528.91            4.5            5.2
     2452530.91          -11.3            4.5
    2452541.904           -0.9            4.5
    2452543.883           -4.0            5.0
    2452559.914          -13.8            6.4
    2452561.795           -1.2            8.4
    2452571.791           -3.0            5.0
     2452589.81           -1.0            5.7
    2452603.782            8.4            4.9
    2452605.724           12.2            4.8
    2452616.772            7.2            5.9
    2452665.604            3.2            4.2
    2452668.611          -11.5            5.3
    2452837.972           -9.3            5.4
    2452861.963           -1.0            4.1
    2452863.985          -10.1            5.2
    2452879.918           -8.8            4.2
    2452880.947           -3.5            5.0
    2452898.911            6.5            4.7
    2452900.928            3.9            4.8
    2452932.839           -5.6            4.3
    2452934.804           -6.9            4.6
    2452963.753            6.6            5.2
    2452965.809           22.5            5.4
     2453022.63           12.6            5.6
     2453208.01           -9.6            3.8
    2453209.978           -4.8            3.7
    2453214.961           15.5            4.2
    2453231.961            3.0            4.0
    2453233.909            1.1            3.9
     2453235.96           -7.1            4.2
    2453265.899            1.3            3.8
    2453268.919           15.4            4.0
     2453269.81           18.2            3.5
    2453286.828            4.0            3.8
    2453324.713           27.8            5.5
    2453354.654           18.4            3.8
    2453400.642           -7.6            7.5
    2453550.983           14.9            4.4
    2453578.964            1.4            4.6
    2453613.923           16.5            4.2
    2453654.771            1.6            4.1
    2453701.724           -6.9            4.6
    2453740.745           10.4            4.7
    2453911.993           -8.6            3.6
    2453917.013            3.2            3.9
    2453934.974           10.7            3.9
    2453968.925           -5.9            3.2
    2453981.851          -18.5            3.8
    2453985.899           13.5            4.0
    2454055.755           22.6            3.9
    2454297.975          -11.3            4.1
    2454300.974            4.5            4.0
    2454314.939           -6.1            3.6
    2454318.981           23.0            4.2
    2454344.859            7.0            4.3
    2454348.917            9.7            4.0
    2454391.887          -17.3            5.4
    2454394.775           -9.1            4.2
    2454418.777            6.1            4.5
    2454420.763           -7.2            4.2
    2454440.653            8.1            3.4
    2454443.651           21.4            3.6
    2454481.638           12.1            3.9
    2454503.651          -11.8            4.3
    2454645.984            0.3            4.5
    2454646.968           -1.2            4.2
    2454668.009           -2.0            3.7
    2454681.904            3.9            3.8
     2454683.97          -17.6            3.8
    2454711.893           -4.2            4.1
    2454713.873           -7.8            4.2
    2454715.882           15.9            4.6
    2454716.875           22.8            4.1
    2454753.885           -4.8            3.6
     2454755.85            0.2            3.8
    2454777.733           -1.8            4.1
    2454806.796           -3.2            5.5
     2454808.77           -5.9            4.3
    2454809.763            4.5            6.1
    2455026.973           -0.6            5.7
    2455063.965           17.8            5.0
    2455099.996            8.0            4.9
    2455116.856           21.0            6.8
    2455154.739           -3.2            7.6
    2455174.788           14.5            5.8
    2455364.972            6.0            5.0
    2455419.012           19.5            4.7
    2455446.847           10.4            3.6
    2455446.856           10.8            3.1
    2455463.833           15.1            5.2
    2455466.842            9.0            4.8
    2455569.653           13.6            4.1
    2455571.713           22.8            4.6
    2455572.671           27.7            4.8
    2455621.621            5.7            4.6
    2455757.974            2.8            5.0
    2455803.919            6.3            4.3
    2455806.936           22.6            4.3
    2455828.781           -7.1            4.2
    2455831.849           -0.2            5.1
    2455861.842           12.4            4.2
    2455864.796           15.2            4.4
    2455892.745           -1.3            4.9
