    2451745.994           -7.5            4.3
    2451778.895           11.8            3.7
    2451808.867           -2.1            3.6
    2451853.766           -9.5            4.1
    2451856.801           12.4            4.6
    2451898.637          -10.1            8.0
    2451932.609            1.9            3.9
    2452163.861            6.1            4.9
    2452175.851           -6.0            4.0
    2452307.598           -6.1            4.5
    2452465.989            1.1            5.3
    2452483.985            4.2            5.0
    2452494.987           15.6            5.0
    2452517.936           -4.0            5.2
     2452528.91           -8.4            5.2
     2452530.91          -10.5            4.5
    2452541.904            3.9            4.5
    2452543.883            0.5            5.0
    2452559.914           18.0            6.4
    2452561.795           24.5            8.4
    2452571.791           -8.3            5.0
     2452589.81           12.5            5.7
    2452603.782           -7.1            4.9
    2452605.724           -2.6            4.8
    2452616.772          -16.3            5.9
    2452665.604            8.8            4.2
    2452668.611            2.2            5.3
    2452837.972           -1.4            5.4
    2452861.963           -3.5            4.1
    2452863.985           -2.8            5.2
    2452879.918           12.7            4.2
    2452880.947           -6.5            5.0
    2452898.911           -5.0            4.7
    2452900.928           -9.2            4.8
    2452932.839            6.6            4.3
    2452934.804            5.2            4.6
    2452963.753           19.1            5.2
    2452965.809            5.4            5.4
     2453022.63            4.2            5.6
     2453208.01          -12.8            3.8
    2453209.978           -7.2            3.7
    2453214.961            2.7            4.2
    2453231.961           -8.5            4.0
    2453233.909          -10.2            3.9
     2453235.96           -7.2            4.2
    2453265.899           -5.5            3.8
    2453268.919            9.9            4.0
     2453269.81            7.5            3.5
    2453286.828           15.3            3.8
    2453324.713            8.3            5.5
    2453354.654            8.4            3.8
    2453400.642           20.0            7.5
    2453550.983           19.7            4.4
    2453578.964           17.6            4.6
    2453613.923            2.6            4.2
    2453654.771            4.5            4.1
    2453701.724           16.1            4.6
    2453740.745           -4.1            4.7
    2453911.993            4.8            3.6
    2453917.013            5.6            3.9
    2453934.974           -6.4            3.9
    2453968.925           -4.1            3.2
    2453981.851          -12.0            3.8
    2453985.899            5.3            4.0
    2454055.755           13.3            3.9
    2454297.975            6.9            4.1
    2454300.974           11.5            4.0
    2454314.939            0.2            3.6
    2454318.981           -0.3            4.2
    2454344.859            3.0            4.3
    2454348.917            4.6            4.0
    2454391.887           10.8            5.4
    2454394.775           -3.3            4.2
    2454418.777          -10.2            4.5
    2454420.763           -7.6            4.2
    2454440.653            9.6            3.4
    2454443.651           -1.2            3.6
    2454481.638           16.3            3.9
    2454503.651            4.5            4.3
    2454645.984            3.5            4.5
    2454646.968           13.5            4.2
    2454668.009           -6.1            3.7
    2454681.904            7.3            3.8
     2454683.97            8.0            3.8
    2454711.893           19.1            4.1
    2454713.873           14.7            4.2
    2454715.882            9.2            4.6
    2454716.875            3.0            4.1
    2454753.885           -2.3            3.6
     2454755.85           -5.0            3.8
    2454777.733            4.8            4.1
    2454806.796           18.6            5.5
     2454808.77            9.3            4.3
    2454809.763          -15.2            6.1
    2455026.973            1.3            5.7
    2455063.965           -1.5            5.0
    2455099.996           -8.9            4.9
    2455116.856           -5.0            6.8
    2455154.739           25.5            7.6
    2455174.788            7.6            5.8
    2455364.972            3.2            5.0
    2455419.012            4.7            4.7
    2455446.847            4.1            3.6
    2455446.856            3.7            3.1
    2455463.833            5.3            5.2
    2455466.842           11.9            4.8
    2455569.653           15.2            4.1
    2455571.713            8.2            4.6
    2455572.671           -5.5            4.8
    2455621.621           16.6            4.6
    2455757.974            0.9            5.0
    2455803.919           17.7            4.3
    2455806.936            3.3            4.3
    2455828.781            0.3            4.2
    2455831.849           15.6            5.1
    2455861.842            6.3            4.2
    2455864.796            3.7            4.4
    2455892.745            8.8            4.9
