    2451745.994            3.0            4.3
    2451778.895           11.8            3.7
    2451808.867            2.0            3.6
    2451853.766           13.6            4.1
    2451856.801            2.1            4.6
    2451898.637           -3.2            8.0
    2451932.609           -1.8            3.9
    2452163.861           -1.4            4.9
    2452175.851           13.9            4.0
    2452307.598           15.5            4.5
    2452465.989            8.1            5.3
    2452483.985            2.1            5.0
    2452494.987            5.0            5.0
    2452517.936           11.6            5.2
     2452528.91           11.6            5.2
     2452530.91            8.0            4.5
    2452541.904           10.3            4.5
    2452543.883            6.7            5.0
    2452559.914            6.7            6.4
    2452561.795           14.0            8.4
    2452571.791            3.5            5.0
     2452589.81            9.3            5.7
    2452603.782            2.9            4.9
    2452605.724           11.5            4.8
    2452616.772           14.8            5.9
    2452665.604           -0.2            4.2
    2452668.611           13.2            5.3
    2452837.972            3.9            5.4
    2452861.963           -6.0            4.1
    2452863.985            0.8            5.2
    2452879.918           18.0            4.2
    2452880.947           -0.8            5.0
    2452898.911           14.7            4.7
    2452900.928            7.9            4.8
    2452932.839            7.0            4.3
    2452934.804            6.2            4.6
    2452963.753           14.4            5.2
    2452965.809            9.0            5.4
     2453022.63            6.1            5.6
     2453208.01           15.1            3.8
    2453209.978            5.1            3.7
    2453214.961           -1.9            4.2
    2453231.961            2.2            4.0
    2453233.909           -5.5            3.9
     2453235.96            5.2            4.2
    2453265.899            6.3            3.8
    2453268.919            7.5            4.0
     2453269.81           -1.6            3.5
    2453286.828           -1.8            3.8
    2453324.713           12.4            5.5
    2453354.654           13.9            3.8
    2453400.642            5.9            7.5
    2453550.983            9.9            4.4
    2453578.964            3.2            4.6
    2453613.923            9.3            4.2
    2453654.771           -2.1            4.1
    2453701.724           12.4            4.6
    2453740.745           12.3            4.7
    2453911.993            7.2            3.6
    2453917.013            9.2            3.9
    2453934.974            6.8            3.9
    2453968.925           10.2            3.2
    2453981.851            2.1            3.8
    2453985.899           11.4            4.0
    2454055.755           -7.4            3.9
    2454297.975            1.6            4.1
    2454300.974            4.3            4.0
    2454314.939           -8.2            3.6
    2454318.981           -5.2            4.2
    2454344.859            5.9            4.3
    2454348.917            4.0            4.0
    2454391.887           -1.0            5.4
    2454394.775            6.5            4.2
    2454418.777            2.8            4.5
    2454420.763            8.2            4.2
    2454440.653            4.9            3.4
    2454443.651           11.7            3.6
    2454481.638           -5.4            3.9
    2454503.651           13.9            4.3
    2454645.984           14.8            4.5
    2454646.968           -5.4            4.2
    2454668.009           -6.7            3.7
    2454681.904            4.3            3.8
     2454683.97           15.5            3.8
    2454711.893           -4.1            4.1
    2454713.873            3.0            4.2
    2454715.882           -7.6            4.6
    2454716.875            6.8            4.1
    2454753.885           -4.9            3.6
     2454755.85           -7.5            3.8
    2454777.733           15.9            4.1
    2454806.796           16.5            5.5
     2454808.77            1.8            4.3
    2454809.763           -1.1            6.1
    2455026.973            8.2            5.7
    2455063.965           10.9            5.0
    2455099.996           15.2            4.9
    2455116.856           -0.8            6.8
    2455154.739            3.8            7.6
    2455174.788            9.4            5.8
    2455364.972           13.8            5.0
    2455419.012            6.0            4.7
    2455446.847           11.8            3.6
    2455446.856           11.2            3.1
    2455463.833            0.2            5.2
    2455466.842            8.3            4.8
    2455569.653           14.0            4.1
    2455571.713            5.1            4.6
    2455572.671           -0.5            4.8
    2455621.621            3.0            4.6
    2455757.974            9.4            5.0
    2455803.919           15.8            4.3
    2455806.936           -7.7            4.3
    2455828.781           13.3            4.2
    2455831.849           -2.8            5.1
    2455861.842            4.8            4.2
    2455864.796            2.9            4.4
    2455892.745           -1.1            4.9
