    2451745.994          -13.6            4.3
    2451778.895            4.0            3.7
    2451808.867            0.9            3.6
    2451853.766            7.0            4.1
    2451856.801           19.0            4.6
    2451898.637           21.0            8.0
    2451932.609           24.3            3.9
    2452163.861            1.1            4.9
    2452175.851           25.0            4.0
    2452307.598            0.2            4.5
    2452465.989          -10.0            5.3
    2452483.985           39.5            5.0
    2452494.987           -4.2            5.0
    2452517.936           33.7            5.2
     2452528.91           -4.2            5.2
     2452530.91            7.6            4.5
    2452541.904           -2.4            4.5
    2452543.883            4.6            5.0
    2452559.914           36.8            6.4
    2452561.795            9.9            8.4
    2452571.791            1.4            5.0
     2452589.81           14.3            5.7
    2452603.782           -2.9            4.9
    2452605.724           13.6            4.8
    2452616.772            8.6            5.9
    2452665.604           -2.1            4.2
    2452668.611           13.3            5.3
    2452837.972           -9.9            5.4
    2452861.963           13.0            4.1
    2452863.985           37.1            5.2
    2452879.918          -11.7            4.2
    2452880.947           30.6            5.0
    2452898.911           -1.7            4.7
    2452900.928           -4.7            4.8
    2452932.839           -4.8            4.3
    2452934.804           10.6            4.6
    2452963.753          -11.3            5.2
    2452965.809            8.0            5.4
     2453022.63            2.2            5.6
     2453208.01            5.1            3.8
    2453209.978            9.4            3.7
    2453214.961            8.7            4.2
    2453231.961           12.5            4.0
    2453233.909          -17.9            3.9
     2453235.96           21.8            4.2
    2453265.899            5.0            3.8
    2453268.919            9.4            4.0
     2453269.81            9.7            3.5
    2453286.828            1.0            3.8
    2453324.713            3.5            5.5
    2453354.654          -18.4            3.8
    2453400.642            9.2            7.5
    2453550.983          -26.8            4.4
    2453578.964           11.3            4.6
    2453613.923           -4.1            4.2
    2453654.771            3.0            4.1
    2453701.724           13.2            4.6
    2453740.745           -8.9            4.7
    2453911.993            0.8            3.6
    2453917.013           17.1            3.9
    2453934.974            1.2            3.9
    2453968.925          -15.6            3.2
    2453981.851          -31.7            3.8
    2453985.899          -35.7            4.0
    2454055.755           -1.6            3.9
    2454297.975           15.6            4.1
    2454300.974            5.2            4.0
    2454314.939           10.9            3.6
    2454318.981           23.2            4.2
    2454344.859          -25.1            4.3
    2454348.917          -12.4            4.0
    2454391.887           -8.2            5.4
    2454394.775           -9.5            4.2
    2454418.777           10.6            4.5
    2454420.763          -16.6            4.2
    2454440.653           14.9            3.4
    2454443.651            7.1            3.6
    2454481.638            7.2            3.9
    2454503.651            8.4            4.3
    2454645.984            3.2            4.5
    2454646.968           -9.3            4.2
    2454668.009           -9.6            3.7
    2454681.904           13.3            3.8
     2454683.97           -6.0            3.8
    2454711.893            2.5            4.1
    2454713.873           -1.7            4.2
    2454715.882            8.0            4.6
    2454716.875          -13.5            4.1
    2454753.885            1.8            3.6
     2454755.85           -9.4            3.8
    2454777.733            6.8            4.1
    2454806.796           -3.6            5.5
     2454808.77          -12.6            4.3
    2454809.763           -6.0            6.1
    2455026.973          -16.4            5.7
    2455063.965            5.4            5.0
    2455099.996           32.8            4.9
    2455116.856           17.2            6.8
    2455154.739           17.3            7.6
    2455174.788           23.4            5.8
    2455364.972          -16.3            5.0
    2455419.012           -8.6            4.7
    2455446.847           -8.9            3.6
    2455446.856           -9.0            3.1
    2455463.833            2.3            5.2
    2455466.842           29.7            4.8
    2455569.653            6.2            4.1
    2455571.713           29.1            4.6
    2455572.671           11.3            4.8
    2455621.621            3.3            4.6
    2455757.974           -3.1            5.0
    2455803.919           -7.2            4.3
    2455806.936           14.0            4.3
    2455828.781          -15.6            4.2
    2455831.849            4.1            5.1
    2455861.842           -1.2            4.2
    2455864.796          -11.3            4.4
    2455892.745           30.0            4.9
