    2451745.994           -2.5            4.3
    2451778.895           -3.4            3.7
    2451808.867            2.1            3.6
    2451853.766           -2.4            4.1
    2451856.801            7.5            4.6
    2451898.637            7.9            8.0
    2451932.609            7.6            3.9
    2452163.861            7.7            4.9
    2452175.851           -9.4            4.0
    2452307.598           -6.2            4.5
    2452465.989            9.9            5.3
    2452483.985            2.8            5.0
    2452494.987           11.5            5.0
    2452517.936            8.0            5.2
     2452528.91           -2.6            5.2
     2452530.91            9.0            4.5
    2452541.904           -5.5            4.5
    2452543.883           -5.9            5.0
    2452559.914           18.2            6.4
    2452561.795           12.1            8.4
    2452571.791            3.5            5.0
     2452589.81            3.5            5.7
    2452603.782           16.0            4.9
    2452605.724           10.2            4.8
    2452616.772           -3.1            5.9
    2452665.604           -2.9            4.2
    2452668.611           13.4            5.3
    2452837.972            9.6            5.4
    2452861.963           -1.7            4.1
    2452863.985            2.3            5.2
    2452879.918           -0.2            4.2
    2452880.947            2.4            5.0
    2452898.911           -3.7            4.7
    2452900.928           -0.9            4.8
    2452932.839           -2.8            4.3
    2452934.804           -7.9            4.6
    2452963.753           -6.1            5.2
    2452965.809            8.1            5.4
     2453022.63           -8.0            5.6
     2453208.01           -0.4            3.8
    2453209.978           13.4            3.7
    2453214.961            2.8            4.2
    2453231.961           -5.4            4.0
    2453233.909           -0.2            3.9
     2453235.96           -0.0            4.2
    2453265.899            9.1            3.8
    2453268.919            5.2            4.0
     2453269.81           12.2            3.5
    2453286.828            5.3            3.8
    2453324.713            8.2            5.5
    2453354.654           -8.3            3.8
    2453400.642            4.5            7.5
    2453550.983           -4.4            4.4
    2453578.964            0.2            4.6
    2453613.923          -11.8            4.2
    2453654.771           17.3            4.1
    2453701.724          -10.2            4.6
    2453740.745            2.0            4.7
    2453911.993            3.8            3.6
    2453917.013          -13.1            3.9
    2453934.974           14.1            3.9
    2453968.925            4.9            3.2
    2453981.851           -5.1            3.8
    2453985.899           -7.1            4.0
    2454055.755           13.9            3.9
    2454297.975           -1.2            4.1
    2454300.974           12.2            4.0
    2454314.939           13.1            3.6
    2454318.981            6.4            4.2
    2454344.859           13.3            4.3
    2454348.917           14.0            4.0
    2454391.887           -3.3            5.4
    2454394.775           13.0            4.2
    2454418.777            0.9            4.5
    2454420.763          -10.8            4.2
    2454440.653            8.2            3.4
    2454443.651           -1.0            3.6
    2454481.638            2.6            3.9
    2454503.651            3.6            4.3
    2454645.984           -0.7            4.5
    2454646.968            5.5            4.2
    2454668.009            9.8            3.7
    2454681.904            3.5            3.8
     2454683.97           -5.6            3.8
    2454711.893           14.2            4.1
    2454713.873           -1.2            4.2
    2454715.882            6.6            4.6
    2454716.875           12.8            4.1
    2454753.885            4.3            3.6
     2454755.85           13.0            3.8
    2454777.733           -4.4            4.1
    2454806.796            1.4            5.5
     2454808.77           11.9            4.3
    2454809.763            5.5            6.1
    2455026.973          -10.1            5.7
    2455063.965           11.1            5.0
    2455099.996           -5.6            4.9
    2455116.856            2.4            6.8
    2455154.739            1.7            7.6
    2455174.788            1.3            5.8
    2455364.972           -0.7            5.0
    2455419.012            4.3            4.7
    2455446.847          -10.2            3.6
    2455446.856          -10.8            3.1
    2455463.833            1.5            5.2
    2455466.842            7.1            4.8
    2455569.653           -0.9            4.1
    2455571.713           12.0            4.6
    2455572.671            6.7            4.8
    2455621.621           14.6            4.6
    2455757.974            9.3            5.0
    2455803.919           -3.5            4.3
    2455806.936            8.5            4.3
    2455828.781           -0.3            4.2
    2455831.849            5.3            5.1
    2455861.842           12.3            4.2
    2455864.796           -2.5            4.4
    2455892.745           -0.1            4.9
