    2451745.994           -2.9            4.3
    2451778.895            8.4            3.7
    2451808.867           -0.0            3.6
    2451853.766            8.9            4.1
    2451856.801            2.7            4.6
    2451898.637           18.2            8.0
    2451932.609           10.8            3.9
    2452163.861            2.5            4.9
    2452175.851            2.8            4.0
    2452307.598            9.5            4.5
    2452465.989            6.2            5.3
    2452483.985           13.8            5.0
    2452494.987            2.9            5.0
    2452517.936           14.2            5.2
     2452528.91           12.8            5.2
     2452530.91            0.9            4.5
    2452541.904            7.4            4.5
    2452543.883            5.2            5.0
    2452559.914            3.3            6.4
    2452561.795            8.7            8.4
    2452571.791           12.7            5.0
     2452589.81           13.0            5.7
    2452603.782            8.7            4.9
    2452605.724           14.2            4.8
    2452616.772           11.4            5.9
    2452665.604            2.1            4.2
    2452668.611            1.0            5.3
    2452837.972            3.3            5.4
    2452861.963            2.5            4.1
    2452863.985            6.9            5.2
    2452879.918            6.2            4.2
    2452880.947           -3.5            5.0
    2452898.911            5.1            4.7
    2452900.928           10.6            4.8
    2452932.839            3.7            4.3
    2452934.804           -2.0            4.6
    2452963.753            4.0            5.2
    2452965.809            5.3            5.4
     2453022.63            1.2            5.6
     2453208.01            6.2            3.8
    2453209.978           10.6            3.7
    2453214.961           10.5            4.2
    2453231.961            0.8            4.0
    2453233.909           14.1            3.9
     2453235.96            8.7            4.2
    2453265.899            5.5            3.8
    2453268.919           10.0            4.0
     2453269.81            2.1            3.5
    2453286.828           14.2            3.8
    2453324.713            5.0            5.5
    2453354.654           -0.9            3.8
    2453400.642           11.4            7.5
    2453550.983            3.8            4.4
    2453578.964            0.7            4.6
    2453613.923            4.6            4.2
    2453654.771            6.0            4.1
    2453701.724            5.3            4.6
    2453740.745            4.4            4.7
    2453911.993            6.1            3.6
    2453917.013            9.2            3.9
    2453934.974           -0.9            3.9
    2453968.925            2.0            3.2
    2453981.851            1.1            3.8
    2453985.899            8.2            4.0
    2454055.755           13.9            3.9
    2454297.975           11.9            4.1
    2454300.974            7.8            4.0
    2454314.939           -1.3            3.6
    2454318.981           10.4            4.2
    2454344.859            3.8            4.3
    2454348.917            2.6            4.0
    2454391.887           -3.0            5.4
    2454394.775            2.5            4.2
    2454418.777           -3.7            4.5
    2454420.763            8.6            4.2
    2454440.653            4.1            3.4
    2454443.651            2.1            3.6
    2454481.638           11.6            3.9
    2454503.651           -4.3            4.3
    2454645.984            8.0            4.5
    2454646.968            5.0            4.2
    2454668.009            6.9            3.7
    2454681.904            0.6            3.8
     2454683.97           10.7            3.8
    2454711.893            1.7            4.1
    2454713.873           -5.9            4.2
    2454715.882            5.8            4.6
    2454716.875            0.5            4.1
    2454753.885            2.1            3.6
     2454755.85            4.3            3.8
    2454777.733           -0.2            4.1
    2454806.796            5.1            5.5
     2454808.77            6.4            4.3
    2454809.763           -4.5            6.1
    2455026.973            7.1            5.7
    2455063.965            6.6            5.0
    2455099.996           -1.5            4.9
    2455116.856            9.1            6.8
    2455154.739           15.3            7.6
    2455174.788            3.4            5.8
    2455364.972           11.2            5.0
    2455419.012           -1.2            4.7
    2455446.847            5.2            3.6
    2455446.856            4.7            3.1
    2455463.833           -2.4            5.2
    2455466.842           -1.9            4.8
    2455569.653            2.9            4.1
    2455571.713            9.6            4.6
    2455572.671            6.3            4.8
    2455621.621           -2.3            4.6
    2455757.974           14.9            5.0
    2455803.919            2.9            4.3
    2455806.936           -1.3            4.3
    2455828.781            0.6            4.2
    2455831.849           -0.7            5.1
    2455861.842           14.9            4.2
    2455864.796            7.3            4.4
    2455892.745           -4.4            4.9
