    2451745.994           -2.1            4.3
    2451778.895            0.4            3.7
    2451808.867            1.9            3.6
    2451853.766            8.5            4.1
    2451856.801           12.0            4.6
    2451898.637            5.4            8.0
    2451932.609           -0.4            3.9
    2452163.861           -0.8            4.9
    2452175.851            5.9            4.0
    2452307.598            6.0            4.5
    2452465.989            8.5            5.3
    2452483.985            0.3            5.0
    2452494.987            4.9            5.0
    2452517.936            4.0            5.2
     2452528.91           11.4            5.2
     2452530.91           11.8            4.5
    2452541.904           10.4            4.5
    2452543.883            8.8            5.0
    2452559.914           12.4            6.4
    2452561.795           14.2            8.4
    2452571.791            6.1            5.0
     2452589.81            5.5            5.7
    2452603.782            2.8            4.9
    2452605.724            3.2            4.8
    2452616.772            6.1            5.9
    2452665.604            2.7            4.2
    2452668.611            1.2            5.3
    2452837.972            0.6            5.4
    2452861.963            5.7            4.1
    2452863.985            5.3            5.2
    2452879.918            9.9            4.2
    2452880.947           11.0            5.0
    2452898.911            4.2            4.7
    2452900.928            4.3            4.8
    2452932.839            2.5            4.3
    2452934.804            2.4            4.6
    2452963.753            4.3            5.2
    2452965.809            1.0            5.4
     2453022.63            8.7            5.6
     2453208.01            9.6            3.8
    2453209.978            9.3            3.7
    2453214.961            9.9            4.2
    2453231.961            8.5            4.0
    2453233.909            6.1            3.9
     2453235.96            6.2            4.2
    2453265.899            4.6            3.8
    2453268.919            5.8            4.0
     2453269.81            5.0            3.5
    2453286.828            2.1            3.8
    2453324.713           -1.0            5.5
    2453354.654            1.6            3.8
    2453400.642           10.7            7.5
    2453550.983            5.5            4.4
    2453578.964            2.8            4.6
    2453613.923            4.1            4.2
    2453654.771            0.9            4.1
    2453701.724            4.0            4.6
    2453740.745            3.7            4.7
    2453911.993            6.1            3.6
    2453917.013            7.0            3.9
    2453934.974            4.8            3.9
    2453968.925           -0.9            3.2
    2453981.851            0.6            3.8
    2453985.899            0.6            4.0
    2454055.755            3.6            3.9
    2454297.975            6.7            4.1
    2454300.974            8.4            4.0
    2454314.939           -0.5            3.6
    2454318.981           -0.2            4.2
    2454344.859           -0.5            4.3
    2454348.917            1.0            4.0
    2454391.887            8.4            5.4
    2454394.775            9.1            4.2
    2454418.777            4.6            4.5
    2454420.763            4.6            4.2
    2454440.653            6.4            3.4
    2454443.651            3.1            3.6
    2454481.638           -0.8            3.9
    2454503.651           -3.1            4.3
    2454645.984            4.7            4.5
    2454646.968            4.3            4.2
    2454668.009           -4.8            3.7
    2454681.904            1.2            3.8
     2454683.97            2.8            3.8
    2454711.893            4.3            4.1
    2454713.873            5.9            4.2
    2454715.882            6.3            4.6
    2454716.875            6.1            4.1
    2454753.885            6.1            3.6
     2454755.85            4.6            3.8
    2454777.733            9.6            4.1
    2454806.796            4.1            5.5
     2454808.77            4.6            4.3
    2454809.763            9.1            6.1
    2455026.973            2.2            5.7
    2455063.965            5.9            5.0
    2455099.996           10.3            4.9
    2455116.856            8.1            6.8
    2455154.739            4.3            7.6
    2455174.788            4.9            5.8
    2455364.972            7.0            5.0
    2455419.012            4.5            4.7
    2455446.847            5.1            3.6
    2455446.856            4.6            3.1
    2455463.833           11.4            5.2
    2455466.842            7.6            4.8
    2455569.653           -0.3            4.1
    2455571.713           -0.8            4.6
    2455572.671            0.4            4.8
    2455621.621           11.0            4.6
    2455757.974            2.4            5.0
    2455803.919            5.8            4.3
    2455806.936            6.5            4.3
    2455828.781            2.0            4.2
    2455831.849           -1.1            5.1
    2455861.842           -1.0            4.2
    2455864.796            3.0            4.4
    2455892.745           -2.1            4.9
