    2451745.994           12.5            4.3
    2451778.895            8.1            3.7
    2451808.867            0.6            3.6
    2451853.766            0.5            4.1
    2451856.801           10.2            4.6
    2451898.637           16.6            8.0
    2451932.609           -2.4            3.9
    2452163.861           14.1            4.9
    2452175.851           -6.7            4.0
    2452307.598           13.8            4.5
    2452465.989            6.5            5.3
    2452483.985            8.8            5.0
    2452494.987            9.1            5.0
    2452517.936            5.8            5.2
     2452528.91            8.6            5.2
     2452530.91           12.1            4.5
    2452541.904           11.1            4.5
    2452543.883           14.4            5.0
    2452559.914            9.5            6.4
    2452561.795           13.3            8.4
    2452571.791            0.4            5.0
     2452589.81            6.4            5.7
    2452603.782           10.1            4.9
    2452605.724           10.1            4.8
    2452616.772           15.5            5.9
    2452665.604           11.5            4.2
    2452668.611           -4.1            5.3
    2452837.972           13.4            5.4
    2452861.963           10.5            4.1
    2452863.985            9.3            5.2
    2452879.918           13.8            4.2
    2452880.947           -1.4            5.0
    2452898.911           -5.1            4.7
    2452900.928           -2.8            4.8
    2452932.839           10.2            4.3
    2452934.804            9.9            4.6
    2452963.753           12.6            5.2
    2452965.809           14.1            5.4
     2453022.63            1.4            5.6
     2453208.01           -1.0            3.8
    2453209.978           -0.9            3.7
    2453214.961           -0.7            4.2
    2453231.961            0.4            4.0
    2453233.909            4.8            3.9
     2453235.96           12.1            4.2
    2453265.899            3.0            3.8
    2453268.919           10.2            4.0
     2453269.81           -5.1            3.5
    2453286.828           10.3            3.8
    2453324.713            3.5            5.5
    2453354.654            6.1            3.8
    2453400.642            5.9            7.5
    2453550.983            5.4            4.4
    2453578.964            2.0            4.6
    2453613.923           10.8            4.2
    2453654.771           -4.0            4.1
    2453701.724           13.3            4.6
    2453740.745           -6.7            4.7
    2453911.993            7.3            3.6
    2453917.013            0.4            3.9
    2453934.974           -3.4            3.9
    2453968.925            2.8            3.2
    2453981.851           -1.4            3.8
    2453985.899           -2.0            4.0
    2454055.755            7.3            3.9
    2454297.975           -2.1            4.1
    2454300.974           13.4            4.0
    2454314.939            1.1            3.6
    2454318.981            2.5            4.2
    2454344.859           12.8            4.3
    2454348.917            0.9            4.0
    2454391.887            8.4            5.4
    2454394.775           -1.3            4.2
    2454418.777           -1.2            4.5
    2454420.763            5.8            4.2
    2454440.653            0.1            3.4
    2454443.651           -0.8            3.6
    2454481.638            5.7            3.9
    2454503.651            3.1            4.3
    2454645.984            7.8            4.5
    2454646.968           -3.2            4.2
    2454668.009            7.6            3.7
    2454681.904           -2.6            3.8
     2454683.97           -1.4            3.8
    2454711.893           11.6            4.1
    2454713.873           11.7            4.2
    2454715.882            8.2            4.6
    2454716.875            5.0            4.1
    2454753.885            7.3            3.6
     2454755.85            6.4            3.8
    2454777.733            3.6            4.1
    2454806.796           13.2            5.5
     2454808.77            7.8            4.3
    2454809.763            5.1            6.1
    2455026.973           -0.8            5.7
    2455063.965            6.4            5.0
    2455099.996           -1.7            4.9
    2455116.856           10.2            6.8
    2455154.739           -0.0            7.6
    2455174.788           -1.9            5.8
    2455364.972           -2.6            5.0
    2455419.012            9.6            4.7
    2455446.847           -7.0            3.6
    2455446.856           -7.5            3.1
    2455463.833            9.1            5.2
    2455466.842           -2.7            4.8
    2455569.653            7.4            4.1
    2455571.713           14.1            4.6
    2455572.671           -1.3            4.8
    2455621.621            0.1            4.6
    2455757.974            5.7            5.0
    2455803.919            8.0            4.3
    2455806.936            0.0            4.3
    2455828.781            0.7            4.2
    2455831.849            1.7            5.1
    2455861.842           -2.6            4.2
    2455864.796            1.6            4.4
    2455892.745            3.0            4.9
