    2451745.994          -21.7            4.3
    2451778.895          -17.9            3.7
    2451808.867           20.9            3.6
    2451853.766            0.3            4.1
    2451856.801            4.2            4.6
    2451898.637            5.3            8.0
    2451932.609           15.6            3.9
    2452163.861            3.5            4.9
    2452175.851            8.0            4.0
    2452307.598            3.4            4.5
    2452465.989           13.9            5.3
    2452483.985           10.8            5.0
    2452494.987           -3.1            5.0
    2452517.936           -3.9            5.2
     2452528.91            3.7            5.2
     2452530.91           -8.1            4.5
    2452541.904          -18.6            4.5
    2452543.883           25.6            5.0
    2452559.914            5.1            6.4
    2452561.795           10.9            8.4
    2452571.791          -21.8            5.0
     2452589.81            1.5            5.7
    2452603.782          -13.5            4.9
    2452605.724           36.4            4.8
    2452616.772           23.4            5.9
    2452665.604           -9.4            4.2
    2452668.611          -23.1            5.3
    2452837.972          -11.9            5.4
    2452861.963          -11.9            4.1
    2452863.985           34.2            5.2
    2452879.918            3.1            4.2
    2452880.947            3.0            5.0
    2452898.911           30.4            4.7
    2452900.928           -9.0            4.8
    2452932.839          -20.1            4.3
    2452934.804            0.7            4.6
    2452963.753           28.0            5.2
    2452965.809            8.3            5.4
     2453022.63           38.4            5.6
     2453208.01           21.0            3.8
    2453209.978           17.0            3.7
    2453214.961          -14.3            4.2
    2453231.961            6.9            4.0
    2453233.909           -1.6            3.9
     2453235.96           -6.3            4.2
    2453265.899            5.3            3.8
    2453268.919            1.0            4.0
     2453269.81           11.6            3.5
    2453286.828           16.4            3.8
    2453324.713           15.8            5.5
    2453354.654          -10.5            3.8
    2453400.642           -7.9            7.5
    2453550.983           -5.8            4.4
    2453578.964            6.6            4.6
    2453613.923            4.4            4.2
    2453654.771            5.8            4.1
    2453701.724          -21.8            4.6
    2453740.745           -1.6            4.7
    2453911.993            1.9            3.6
    2453917.013          -16.7            3.9
    2453934.974           12.4            3.9
    2453968.925            2.4            3.2
    2453981.851            0.7            3.8
    2453985.899           30.1            4.0
    2454055.755           14.0            3.9
    2454297.975           -0.7            4.1
    2454300.974          -18.3            4.0
    2454314.939           -3.6            3.6
    2454318.981            2.5            4.2
    2454344.859          -27.3            4.3
    2454348.917            6.3            4.0
    2454391.887           27.9            5.4
    2454394.775           14.4            4.2
    2454418.777            5.0            4.5
    2454420.763           22.2            4.2
    2454440.653           19.0            3.4
    2454443.651            7.9            3.6
    2454481.638           -3.5            3.9
    2454503.651           -7.9            4.3
    2454645.984           -1.4            4.5
    2454646.968            2.1            4.2
    2454668.009          -17.8            3.7
    2454681.904           25.2            3.8
     2454683.97            6.5            3.8
    2454711.893            6.2            4.1
    2454713.873           16.5            4.2
    2454715.882          -21.2            4.6
    2454716.875           28.9            4.1
    2454753.885          -29.9            3.6
     2454755.85           -5.4            3.8
    2454777.733           -7.2            4.1
    2454806.796          -20.6            5.5
     2454808.77           25.4            4.3
    2454809.763          -23.6            6.1
    2455026.973            3.5            5.7
    2455063.965           20.8            5.0
    2455099.996           -4.1            4.9
    2455116.856            1.9            6.8
    2455154.739            6.7            7.6
    2455174.788           16.5            5.8
    2455364.972            6.5            5.0
    2455419.012           27.3            4.7
    2455446.847          -12.3            3.6
    2455446.856          -13.3            3.1
    2455463.833          -24.4            5.2
    2455466.842          -18.0            4.8
    2455569.653           14.1            4.1
    2455571.713            1.8            4.6
    2455572.671           21.7            4.8
    2455621.621           13.7            4.6
    2455757.974           -6.5            5.0
    2455803.919           29.5            4.3
    2455806.936           29.9            4.3
    2455828.781            1.5            4.2
    2455831.849          -12.8            5.1
    2455861.842          -21.5            4.2
    2455864.796          -11.6            4.4
    2455892.745           26.9            4.9
