    2451745.994            2.0            4.3
    2451778.895            1.8            3.7
    2451808.867            6.2            3.6
    2451853.766            7.5            4.1
    2451856.801            5.5            4.6
    2451898.637            5.6            8.0
    2451932.609            8.6            3.9
    2452163.861            5.0            4.9
    2452175.851            2.6            4.0
    2452307.598            9.9            4.5
    2452465.989            8.4            5.3
    2452483.985            6.4            5.0
    2452494.987            1.5            5.0
    2452517.936            2.5            5.2
     2452528.91            8.5            5.2
     2452530.91            5.1            4.5
    2452541.904            3.7            4.5
    2452543.883            6.5            5.0
    2452559.914            4.0            6.4
    2452561.795            8.7            8.4
    2452571.791            5.1            5.0
     2452589.81            8.5            5.7
    2452603.782            7.8            4.9
    2452605.724            8.4            4.8
    2452616.772            0.2            5.9
    2452665.604            9.2            4.2
    2452668.611            7.8            5.3
    2452837.972            3.2            5.4
    2452861.963            9.5            4.1
    2452863.985           11.1            5.2
    2452879.918            6.6            4.2
    2452880.947            8.4            5.0
    2452898.911            4.1            4.7
    2452900.928            6.6            4.8
    2452932.839            1.5            4.3
    2452934.804            2.6            4.6
    2452963.753            8.0            5.2
    2452965.809            6.3            5.4
     2453022.63           10.0            5.6
     2453208.01            1.6            3.8
    2453209.978            0.6            3.7
    2453214.961            5.2            4.2
    2453231.961            0.8            4.0
    2453233.909            2.4            3.9
     2453235.96            5.2            4.2
    2453265.899            1.8            3.8
    2453268.919           -0.4            4.0
     2453269.81           -1.0            3.5
    2453286.828            2.6            3.8
    2453324.713            3.4            5.5
    2453354.654            6.1            3.8
    2453400.642            9.7            7.5
    2453550.983            2.4            4.4
    2453578.964            9.3            4.6
    2453613.923            5.8            4.2
    2453654.771            8.5            4.1
    2453701.724            4.5            4.6
    2453740.745            3.1            4.7
    2453911.993            7.9            3.6
    2453917.013            7.7            3.9
    2453934.974            8.8            3.9
    2453968.925            2.8            3.2
    2453981.851            0.7            3.8
    2453985.899            2.2            4.0
    2454055.755            7.5            3.9
    2454297.975            0.5            4.1
    2454300.974           -1.2            4.0
    2454314.939            2.6            3.6
    2454318.981           -1.0            4.2
    2454344.859            5.6            4.3
    2454348.917            9.6            4.0
    2454391.887            7.7            5.4
    2454394.775            3.3            4.2
    2454418.777            1.8            4.5
    2454420.763            1.8            4.2
    2454440.653           -1.2            3.4
    2454443.651            1.8            3.6
    2454481.638            2.4            3.9
    2454503.651            4.6            4.3
    2454645.984            8.6            4.5
    2454646.968            8.5            4.2
    2454668.009            6.4            3.7
    2454681.904            3.6            3.8
     2454683.97            6.6            3.8
    2454711.893            4.6            4.1
    2454713.873            2.0            4.2
    2454715.882            0.6            4.6
    2454716.875           -0.1            4.1
    2454753.885            0.6            3.6
     2454755.85           -0.1            3.8
    2454777.733            1.5            4.1
    2454806.796            8.1            5.5
     2454808.77            5.4            4.3
    2454809.763            6.1            6.1
    2455026.973            7.1            5.7
    2455063.965           10.2            5.0
    2455099.996            6.4            4.9
    2455116.856            6.5            6.8
    2455154.739            2.6            7.6
    2455174.788            2.3            5.8
    2455364.972            4.7            5.0
    2455419.012            9.3            4.7
    2455446.847           -0.1            3.6
    2455446.856           -0.6            3.1
    2455463.833            7.3            5.2
    2455466.842            3.3            4.8
    2455569.653           -0.8            4.1
    2455571.713            0.9            4.6
    2455572.671            2.1            4.8
    2455621.621            8.5            4.6
    2455757.974           10.8            5.0
    2455803.919            0.6            4.3
    2455806.936           -0.7            4.3
    2455828.781            2.4            4.2
    2455831.849            7.0            5.1
    2455861.842            1.9            4.2
    2455864.796           -1.1            4.4
    2455892.745            8.4            4.9
