    2451745.994           39.5            4.3
    2451778.895          -17.9            3.7
    2451808.867          -17.4            3.6
    2451853.766            3.2            4.1
    2451856.801           15.8            4.6
    2451898.637           -6.2            8.0
    2451932.609           36.7            3.9
    2452163.861           -8.5            4.9
    2452175.851           -1.3            4.0
    2452307.598           12.2            4.5
    2452465.989           24.2            5.3
    2452483.985          -13.3            5.0
    2452494.987           12.1            5.0
    2452517.936           22.0            5.2
     2452528.91          -15.8            5.2
     2452530.91           13.2            4.5
    2452541.904            5.4            4.5
    2452543.883          -23.5            5.0
    2452559.914           23.1            6.4
    2452561.795           29.1            8.4
    2452571.791          -13.1            5.0
     2452589.81           25.9            5.7
    2452603.782            0.2            4.9
    2452605.724           18.9            4.8
    2452616.772          -11.9            5.9
    2452665.604           26.0            4.2
    2452668.611           -8.6            5.3
    2452837.972          -12.4            5.4
    2452861.963           31.9            4.1
    2452863.985           18.7            5.2
    2452879.918          -20.1            4.2
    2452880.947          -10.1            5.0
    2452898.911           10.7            4.7
    2452900.928            5.1            4.8
    2452932.839            6.0            4.3
    2452934.804           -3.4            4.6
    2452963.753           12.1            5.2
    2452965.809            4.8            5.4
     2453022.63           -5.7            5.6
     2453208.01           -7.0            3.8
    2453209.978          -11.6            3.7
    2453214.961           15.0            4.2
    2453231.961          -21.8            4.0
    2453233.909            8.4            3.9
     2453235.96           20.1            4.2
    2453265.899           27.5            3.8
    2453268.919           -9.2            4.0
     2453269.81          -14.8            3.5
    2453286.828           13.9            3.8
    2453324.713           33.5            5.5
    2453354.654           32.0            3.8
    2453400.642           17.5            7.5
    2453550.983           22.6            4.4
    2453578.964           22.1            4.6
    2453613.923          -21.3            4.2
    2453654.771           13.5            4.1
    2453701.724          -10.1            4.6
    2453740.745          -23.2            4.7
    2453911.993           16.9            3.6
    2453917.013            4.0            3.9
    2453934.974          -19.0            3.9
    2453968.925            3.9            3.2
    2453981.851           -6.3            3.8
    2453985.899           -9.2            4.0
    2454055.755          -14.4            3.9
    2454297.975            5.4            4.1
    2454300.974           -6.0            4.0
    2454314.939           19.3            3.6
    2454318.981          -14.6            4.2
    2454344.859           19.0            4.3
    2454348.917          -17.4            4.0
    2454391.887           -9.3            5.4
    2454394.775           -1.3            4.2
    2454418.777            1.8            4.5
    2454420.763            2.0            4.2
    2454440.653           34.1            3.4
    2454443.651          -13.6            3.6
    2454481.638           -0.9            3.9
    2454503.651          -18.9            4.3
    2454645.984            4.7            4.5
    2454646.968          -18.5            4.2
    2454668.009            0.3            3.7
    2454681.904           11.0            3.8
     2454683.97            4.9            3.8
    2454711.893            4.7            4.1
    2454713.873          -11.4            4.2
    2454715.882            4.3            4.6
    2454716.875            3.4            4.1
    2454753.885           28.7            3.6
     2454755.85           18.5            3.8
    2454777.733           23.9            4.1
    2454806.796           11.4            5.5
     2454808.77           -5.9            4.3
    2454809.763          -17.6            6.1
    2455026.973           -7.8            5.7
    2455063.965            2.3            5.0
    2455099.996            4.7            4.9
    2455116.856            4.0            6.8
    2455154.739           -4.1            7.6
    2455174.788           21.0            5.8
    2455364.972           -8.3            5.0
    2455419.012           -0.4            4.7
    2455446.847          -28.2            3.6
    2455446.856          -29.2            3.1
    2455463.833          -13.4            5.2
    2455466.842            4.2            4.8
    2455569.653           42.9            4.1
    2455571.713            0.4            4.6
    2455572.671           -4.5            4.8
    2455621.621           16.8            4.6
    2455757.974            4.9            5.0
    2455803.919           13.6            4.3
    2455806.936          -24.2            4.3
    2455828.781          -13.2            4.2
    2455831.849           29.6            5.1
    2455861.842           19.4            4.2
    2455864.796           -9.6            4.4
    2455892.745           20.3            4.9
