    2451745.994            6.1            4.3
    2451778.895           -0.2            3.7
    2451808.867            0.1            3.6
    2451853.766            2.9            4.1
    2451856.801            7.9            4.6
    2451898.637           10.1            8.0
    2451932.609            4.9            3.9
    2452163.861            1.8            4.9
    2452175.851            4.6            4.0
    2452307.598            0.9            4.5
    2452465.989            1.5            5.3
    2452483.985            5.7            5.0
    2452494.987            1.2            5.0
    2452517.936            7.4            5.2
     2452528.91            8.5            5.2
     2452530.91            8.0            4.5
    2452541.904            6.2            4.5
    2452543.883            8.7            5.0
    2452559.914            9.8            6.4
    2452561.795            9.3            8.4
    2452571.791            8.5            5.0
     2452589.81            7.7            5.7
    2452603.782            7.3            4.9
    2452605.724            4.0            4.8
    2452616.772            9.6            5.9
    2452665.604            0.1            4.2
    2452668.611            3.6            5.3
    2452837.972            1.7            5.4
    2452861.963            5.3            4.1
    2452863.985            3.0            5.2
    2452879.918            0.4            4.2
    2452880.947            1.1            5.0
    2452898.911            5.6            4.7
    2452900.928            8.3            4.8
    2452932.839            6.2            4.3
    2452934.804            3.3            4.6
    2452963.753            3.5            5.2
    2452965.809            1.7            5.4
     2453022.63            1.8            5.6
     2453208.01            0.5            3.8
    2453209.978           -0.1            3.7
    2453214.961            7.4            4.2
    2453231.961            7.6            4.0
    2453233.909            4.9            3.9
     2453235.96            1.8            4.2
    2453265.899            0.0            3.8
    2453268.919            2.0            4.0
     2453269.81            3.0            3.5
    2453286.828            7.1            3.8
    2453324.713            1.8            5.5
    2453354.654            1.8            3.8
    2453400.642           10.3            7.5
    2453550.983            1.2            4.4
    2453578.964            2.2            4.6
    2453613.923            5.4            4.2
    2453654.771            1.8            4.1
    2453701.724            8.0            4.6
    2453740.745            2.7            4.7
    2453911.993            1.0            3.6
    2453917.013            7.9            3.9
    2453934.974            3.9            3.9
    2453968.925            0.1            3.2
    2453981.851           -0.1            3.8
    2453985.899            5.4            4.0
    2454055.755            2.3            3.9
    2454297.975            1.4            4.1
    2454300.974            6.1            4.0
    2454314.939            5.1            3.6
    2454318.981            7.3            4.2
    2454344.859            7.4            4.3
    2454348.917            5.3            4.0
    2454391.887            6.9            5.4
    2454394.775            1.2            4.2
    2454418.777            8.2            4.5
    2454420.763            5.2            4.2
    2454440.653            0.2            3.4
    2454443.651            5.1            3.6
    2454481.638           -0.1            3.9
    2454503.651            8.3            4.3
    2454645.984            8.5            4.5
    2454646.968            8.2            4.2
    2454668.009           -0.1            3.7
    2454681.904           -0.0            3.8
     2454683.97            1.0            3.8
    2454711.893            0.4            4.1
    2454713.873            3.1            4.2
    2454715.882            6.8            4.6
    2454716.875            7.4            4.1
    2454753.885           -0.4            3.6
     2454755.85            1.4            3.8
    2454777.733            6.0            4.1
    2454806.796            6.6            5.5
     2454808.77            2.1            4.3
    2454809.763            2.8            6.1
    2455026.973            2.7            5.7
    2455063.965            6.5            5.0
    2455099.996            3.8            4.9
    2455116.856            9.7            6.8
    2455154.739            3.8            7.6
    2455174.788            9.7            5.8
    2455364.972            5.0            5.0
    2455419.012            8.7            4.7
    2455446.847            7.7            3.6
    2455446.856            7.2            3.1
    2455463.833            7.5            5.2
    2455466.842            2.2            4.8
    2455569.653            0.6            4.1
    2455571.713            3.6            4.6
    2455572.671            5.4            4.8
    2455621.621            5.9            4.6
    2455757.974            4.2            5.0
    2455803.919            8.1            4.3
    2455806.936            6.7            4.3
    2455828.781            2.6            4.2
    2455831.849            8.4            5.1
    2455861.842            8.1            4.2
    2455864.796            5.7            4.4
    2455892.745            7.0            4.9
