    2451745.994           10.7            4.3
    2451778.895           13.8            3.7
    2451808.867           -1.5            3.6
    2451853.766            2.8            4.1
    2451856.801            9.4            4.6
    2451898.637            0.1            8.0
    2451932.609            1.1            3.9
    2452163.861           16.4            4.9
    2452175.851            3.9            4.0
    2452307.598            2.9            4.5
    2452465.989           10.2            5.3
    2452483.985           -2.2            5.0
    2452494.987           15.5            5.0
    2452517.936            0.5            5.2
     2452528.91            2.9            5.2
     2452530.91            6.1            4.5
    2452541.904           -2.5            4.5
    2452543.883            2.6            5.0
    2452559.914           12.2            6.4
    2452561.795           -6.1            8.4
    2452571.791            4.5            5.0
     2452589.81            2.4            5.7
    2452603.782           18.5            4.9
    2452605.724           -7.2            4.8
    2452616.772           10.0            5.9
    2452665.604            1.3            4.2
    2452668.611           14.8            5.3
    2452837.972            7.5            5.4
    2452861.963            0.4            4.1
    2452863.985            8.0            5.2
    2452879.918            3.1            4.2
    2452880.947            4.3            5.0
    2452898.911            8.7            4.7
    2452900.928            3.3            4.8
    2452932.839           -4.0            4.3
    2452934.804           14.8            4.6
    2452963.753            7.3            5.2
    2452965.809            6.1            5.4
     2453022.63            4.0            5.6
     2453208.01            2.7            3.8
    2453209.978            4.4            3.7
    2453214.961           13.7            4.2
    2453231.961            7.2            4.0
    2453233.909           -2.8            3.9
     2453235.96            8.8            4.2
    2453265.899            7.7            3.8
    2453268.919            1.1            4.0
     2453269.81            6.2            3.5
    2453286.828           14.1            3.8
    2453324.713            1.0            5.5
    2453354.654            2.9            3.8
    2453400.642           15.0            7.5
    2453550.983           13.0            4.4
    2453578.964            7.8            4.6
    2453613.923            6.6            4.2
    2453654.771            8.9            4.1
    2453701.724            1.9            4.6
    2453740.745           -1.6            4.7
    2453911.993            5.7            3.6
    2453917.013           -9.6            3.9
    2453934.974           10.3            3.9
    2453968.925            1.9            3.2
    2453981.851           -2.3            3.8
    2453985.899            8.6            4.0
    2454055.755            7.4            3.9
    2454297.975            6.8            4.1
    2454300.974            1.9            4.0
    2454314.939           13.8            3.6
    2454318.981            7.6            4.2
    2454344.859            4.0            4.3
    2454348.917           -5.5            4.0
    2454391.887           11.8            5.4
    2454394.775            8.6            4.2
    2454418.777           12.0            4.5
    2454420.763           -3.9            4.2
    2454440.653            0.1            3.4
    2454443.651            6.3            3.6
    2454481.638           -6.6            3.9
    2454503.651           16.2            4.3
    2454645.984           11.4            4.5
    2454646.968            6.5            4.2
    2454668.009            0.6            3.7
    2454681.904            6.2            3.8
     2454683.97           -2.0            3.8
    2454711.893            3.2            4.1
    2454713.873           -3.2            4.2
    2454715.882            8.9            4.6
    2454716.875           -2.3            4.1
    2454753.885            6.4            3.6
     2454755.85            7.5            3.8
    2454777.733            1.8            4.1
    2454806.796            9.2            5.5
     2454808.77           -1.5            4.3
    2454809.763           -3.5            6.1
    2455026.973           15.4            5.7
    2455063.965            5.4            5.0
    2455099.996           -0.5            4.9
    2455116.856           -3.6            6.8
    2455154.739            3.6            7.6
    2455174.788            2.2            5.8
    2455364.972            4.6            5.0
    2455419.012           16.8            4.7
    2455446.847           15.3            3.6
    2455446.856           15.0            3.1
    2455463.833           13.2            5.2
    2455466.842           16.5            4.8
    2455569.653           -7.8            4.1
    2455571.713           16.6            4.6
    2455572.671            3.9            4.8
    2455621.621            5.2            4.6
    2455757.974            8.3            5.0
    2455803.919            4.4            4.3
    2455806.936            5.4            4.3
    2455828.781            4.0            4.2
    2455831.849           13.8            5.1
    2455861.842            8.6            4.2
    2455864.796            5.1            4.4
    2455892.745            9.9            4.9
