    2451745.994           24.8            4.3
    2451778.895            0.4            3.7
    2451808.867            9.0            3.6
    2451853.766           -1.5            4.1
    2451856.801            7.7            4.6
    2451898.637           13.4            8.0
    2451932.609           12.8            3.9
    2452163.861           12.6            4.9
    2452175.851            6.5            4.0
    2452307.598           21.5            4.5
    2452465.989           25.9            5.3
    2452483.985           22.4            5.0
    2452494.987            3.2            5.0
    2452517.936            9.1            5.2
     2452528.91           30.2            5.2
     2452530.91           -7.2            4.5
    2452541.904           13.2            4.5
    2452543.883           -9.1            5.0
    2452559.914           14.5            6.4
    2452561.795           -1.1            8.4
    2452571.791           10.5            5.0
     2452589.81           16.8            5.7
    2452603.782           17.4            4.9
    2452605.724          -14.6            4.8
    2452616.772           -1.6            5.9
    2452665.604           19.8            4.2
    2452668.611           -5.5            5.3
    2452837.972          -15.1            5.4
    2452861.963            3.2            4.1
    2452863.985            0.2            5.2
    2452879.918           14.4            4.2
    2452880.947           10.0            5.0
    2452898.911           13.8            4.7
    2452900.928          -18.3            4.8
    2452932.839            5.3            4.3
    2452934.804           14.0            4.6
    2452963.753           -7.7            5.2
    2452965.809           28.2            5.4
     2453022.63           15.7            5.6
     2453208.01          -10.3            3.8
    2453209.978           15.6            3.7
    2453214.961           -8.6            4.2
    2453231.961           -1.6            4.0
    2453233.909            1.5            3.9
     2453235.96            9.1            4.2
    2453265.899            5.0            3.8
    2453268.919            6.4            4.0
     2453269.81          -15.4            3.5
    2453286.828            1.8            3.8
    2453324.713            5.8            5.5
    2453354.654            2.7            3.8
    2453400.642          -15.3            7.5
    2453550.983           13.8            4.4
    2453578.964            2.5            4.6
    2453613.923           11.6            4.2
    2453654.771           14.7            4.1
    2453701.724          -18.2            4.6
    2453740.745            0.3            4.7
    2453911.993           -2.1            3.6
    2453917.013           -9.5            3.9
    2453934.974          -16.3            3.9
    2453968.925            5.0            3.2
    2453981.851           16.2            3.8
    2453985.899           -9.1            4.0
    2454055.755           20.9            3.9
    2454297.975          -14.5            4.1
    2454300.974           22.8            4.0
    2454314.939           -3.6            3.6
    2454318.981           11.0            4.2
    2454344.859           11.0            4.3
    2454348.917          -14.7            4.0
    2454391.887            0.2            5.4
    2454394.775            2.4            4.2
    2454418.777           18.5            4.5
    2454420.763            8.5            4.2
    2454440.653          -18.7            3.4
    2454443.651           24.0            3.6
    2454481.638           10.6            3.9
    2454503.651           -7.9            4.3
    2454645.984           16.6            4.5
    2454646.968           14.0            4.2
    2454668.009          -16.5            3.7
    2454681.904           18.0            3.8
     2454683.97            7.7            3.8
    2454711.893          -10.9            4.1
    2454713.873           11.6            4.2
    2454715.882           10.9            4.6
    2454716.875           -3.2            4.1
    2454753.885          -10.5            3.6
     2454755.85            3.4            3.8
    2454777.733            9.5            4.1
    2454806.796           28.4            5.5
     2454808.77            4.6            4.3
    2454809.763           -7.7            6.1
    2455026.973           12.4            5.7
    2455063.965            9.6            5.0
    2455099.996          -13.2            4.9
    2455116.856          -10.2            6.8
    2455154.739           -5.6            7.6
    2455174.788            2.4            5.8
    2455364.972           12.4            5.0
    2455419.012           -8.6            4.7
    2455446.847           14.2            3.6
    2455446.856           13.9            3.1
    2455463.833            2.5            5.2
    2455466.842            4.7            4.8
    2455569.653            3.2            4.1
    2455571.713            7.4            4.6
    2455572.671            2.2            4.8
    2455621.621            5.6            4.6
    2455757.974          -10.8            5.0
    2455803.919           11.4            4.3
    2455806.936            0.3            4.3
    2455828.781           18.6            4.2
    2455831.849          -17.6            5.1
    2455861.842            1.7            4.2
    2455864.796           12.2            4.4
    2455892.745            2.3            4.9
