    2451745.994           11.9            4.3
    2451778.895          -11.0            3.7
    2451808.867           -3.6            3.6
    2451853.766          -10.2            4.1
    2451856.801           16.9            4.6
    2451898.637            1.5            8.0
    2451932.609            3.5            3.9
    2452163.861           21.5            4.9
    2452175.851           -1.1            4.0
    2452307.598           -3.0            4.5
    2452465.989           -5.4            5.3
    2452483.985           12.3            5.0
    2452494.987            5.2            5.0
    2452517.936           -5.8            5.2
     2452528.91           11.8            5.2
     2452530.91           16.0            4.5
    2452541.904           -5.2            4.5
    2452543.883           12.2            5.0
    2452559.914           20.3            6.4
    2452561.795            9.3            8.4
    2452571.791           -5.9            5.0
     2452589.81           22.5            5.7
    2452603.782            9.8            4.9
    2452605.724           10.6            4.8
    2452616.772            2.0            5.9
    2452665.604           11.7            4.2
    2452668.611           -8.3            5.3
    2452837.972           16.0            5.4
    2452861.963            2.0            4.1
    2452863.985           -4.1            5.2
    2452879.918            2.9            4.2
    2452880.947           13.9            5.0
    2452898.911            1.1            4.7
    2452900.928          -10.1            4.8
    2452932.839           14.4            4.3
    2452934.804           18.4            4.6
    2452963.753           21.0            5.2
    2452965.809           -6.8            5.4
     2453022.63           18.9            5.6
     2453208.01           -7.6            3.8
    2453209.978            4.7            3.7
    2453214.961           -9.5            4.2
    2453231.961            7.8            4.0
    2453233.909           21.7            3.9
     2453235.96           -4.7            4.2
    2453265.899           -2.2            3.8
    2453268.919            6.5            4.0
     2453269.81            9.8            3.5
    2453286.828           17.5            3.8
    2453324.713           11.2            5.5
    2453354.654            5.2            3.8
    2453400.642          -10.7            7.5
    2453550.983           -1.8            4.4
    2453578.964           18.0            4.6
    2453613.923            7.9            4.2
    2453654.771           11.0            4.1
    2453701.724           -5.1            4.6
    2453740.745           15.8            4.7
    2453911.993          -10.8            3.6
    2453917.013            2.9            3.9
    2453934.974           -1.7            3.9
    2453968.925            1.5            3.2
    2453981.851           17.3            3.8
    2453985.899          -10.3            4.0
    2454055.755           14.0            3.9
    2454297.975           15.4            4.1
    2454300.974          -11.2            4.0
    2454314.939          -10.8            3.6
    2454318.981           17.1            4.2
    2454344.859           -2.7            4.3
    2454348.917           17.5            4.0
    2454391.887           12.4            5.4
    2454394.775           14.5            4.2
    2454418.777          -11.1            4.5
    2454420.763            4.6            4.2
    2454440.653            1.4            3.4
    2454443.651            0.8            3.6
    2454481.638           13.1            3.9
    2454503.651           10.3            4.3
    2454645.984           -6.0            4.5
    2454646.968           -0.4            4.2
    2454668.009          -10.3            3.7
    2454681.904           -8.5            3.8
     2454683.97            1.9            3.8
    2454711.893           -2.7            4.1
    2454713.873           11.9            4.2
    2454715.882           14.8            4.6
    2454716.875            8.9            4.1
    2454753.885            2.0            3.6
     2454755.85           -5.6            3.8
    2454777.733            3.1            4.1
    2454806.796           -5.1            5.5
     2454808.77           -4.5            4.3
    2454809.763            5.3            6.1
    2455026.973           -5.9            5.7
    2455063.965           -0.6            5.0
    2455099.996          -12.3            4.9
    2455116.856            8.0            6.8
    2455154.739           12.4            7.6
    2455174.788          -10.8            5.8
    2455364.972           -4.4            5.0
    2455419.012           17.3            4.7
    2455446.847           -2.2            3.6
    2455446.856           -1.9            3.1
    2455463.833           19.6            5.2
    2455466.842           -7.5            4.8
    2455569.653            6.6            4.1
    2455571.713           -9.0            4.6
    2455572.671           -3.4            4.8
    2455621.621            1.7            4.6
    2455757.974            3.4            5.0
    2455803.919           -9.1            4.3
    2455806.936            9.3            4.3
    2455828.781            0.8            4.2
    2455831.849           13.9            5.1
    2455861.842            4.2            4.2
    2455864.796           -6.4            4.4
    2455892.745           -4.3            4.9
