    2451745.994           11.2            4.3
    2451778.895            6.9            3.7
    2451808.867            6.0            3.6
    2451853.766           11.5            4.1
    2451856.801            9.2            4.6
    2451898.637            7.7            8.0
    2451932.609           12.4            3.9
    2452163.861            7.1            4.9
    2452175.851            1.5            4.0
    2452307.598            3.5            4.5
    2452465.989           -2.8            5.3
    2452483.985            1.2            5.0
    2452494.987            2.0            5.0
    2452517.936           11.6            5.2
     2452528.91           12.8            5.2
     2452530.91            1.2            4.5
    2452541.904           13.9            4.5
    2452543.883           -1.1            5.0
    2452559.914            4.6            6.4
    2452561.795            7.3            8.4
    2452571.791            8.6            5.0
     2452589.81           16.3            5.7
    2452603.782           15.5            4.9
    2452605.724           10.0            4.8
    2452616.772            5.3            5.9
    2452665.604            7.4            4.2
    2452668.611            9.0            5.3
    2452837.972           -4.0            5.4
    2452861.963           -1.1            4.1
    2452863.985            1.4            5.2
    2452879.918            1.8            4.2
    2452880.947           14.6            5.0
    2452898.911            0.3            4.7
    2452900.928           -3.6            4.8
    2452932.839            2.4            4.3
    2452934.804            9.2            4.6
    2452963.753            5.2            5.2
    2452965.809            3.2            5.4
     2453022.63            8.2            5.6
     2453208.01            1.5            3.8
    2453209.978            4.6            3.7
    2453214.961            3.0            4.2
    2453231.961            1.0            4.0
    2453233.909            8.7            3.9
     2453235.96           10.7            4.2
    2453265.899            3.3            3.8
    2453268.919           14.2            4.0
     2453269.81            6.8            3.5
    2453286.828            8.9            3.8
    2453324.713           13.6            5.5
    2453354.654            1.2            3.8
    2453400.642           -0.2            7.5
    2453550.983            5.5            4.4
    2453578.964            1.8            4.6
    2453613.923            2.2            4.2
    2453654.771           -0.2            4.1
    2453701.724            9.6            4.6
    2453740.745            8.7            4.7
    2453911.993            7.1            3.6
    2453917.013           17.8            3.9
    2453934.974           -4.1            3.9
    2453968.925           -4.0            3.2
    2453981.851            7.8            3.8
    2453985.899           -1.4            4.0
    2454055.755            8.7            3.9
    2454297.975           -1.6            4.1
    2454300.974           -4.3            4.0
    2454314.939            6.1            3.6
    2454318.981           10.7            4.2
    2454344.859           14.5            4.3
    2454348.917            1.5            4.0
    2454391.887            6.6            5.4
    2454394.775            6.0            4.2
    2454418.777            6.6            4.5
    2454420.763            8.0            4.2
    2454440.653            2.0            3.4
    2454443.651            5.0            3.6
    2454481.638           -6.6            3.9
    2454503.651           -2.3            4.3
    2454645.984           13.0            4.5
    2454646.968            5.7            4.2
    2454668.009            3.1            3.7
    2454681.904            0.9            3.8
     2454683.97           12.9            3.8
    2454711.893            1.3            4.1
    2454713.873            6.9            4.2
    2454715.882           10.3            4.6
    2454716.875           -4.1            4.1
    2454753.885            3.7            3.6
     2454755.85            6.5            3.8
    2454777.733            3.5            4.1
    2454806.796            0.9            5.5
     2454808.77            9.1            4.3
    2454809.763            8.1            6.1
    2455026.973            4.2            5.7
    2455063.965            7.7            5.0
    2455099.996           11.4            4.9
    2455116.856            9.5            6.8
    2455154.739            3.6            7.6
    2455174.788           10.5            5.8
    2455364.972            4.9            5.0
    2455419.012            3.8            4.7
    2455446.847            6.9            3.6
    2455446.856            6.5            3.1
    2455463.833            8.1            5.2
    2455466.842            8.1            4.8
    2455569.653           12.8            4.1
    2455571.713            1.9            4.6
    2455572.671           10.8            4.8
    2455621.621            8.6            4.6
    2455757.974            7.1            5.0
    2455803.919            2.2            4.3
    2455806.936            5.1            4.3
    2455828.781            7.2            4.2
    2455831.849            3.6            5.1
    2455861.842            6.2            4.2
    2455864.796           -5.3            4.4
    2455892.745            6.6            4.9
