    2451745.994            7.5            4.3
    2451778.895            7.2            3.7
    2451808.867            9.9            3.6
    2451853.766           -0.2            4.1
    2451856.801           -7.2            4.6
    2451898.637            1.6            8.0
    2451932.609            5.8            3.9
    2452163.861           -1.9            4.9
    2452175.851           15.1            4.0
    2452307.598            6.2            4.5
    2452465.989           15.4            5.3
    2452483.985           -2.3            5.0
    2452494.987            1.1            5.0
    2452517.936           18.4            5.2
     2452528.91           10.0            5.2
     2452530.91           -5.0            4.5
    2452541.904            3.2            4.5
    2452543.883            6.0            5.0
    2452559.914           10.8            6.4
    2452561.795           11.4            8.4
    2452571.791           -0.2            5.0
     2452589.81           14.5            5.7
    2452603.782            9.6            4.9
    2452605.724           -1.2            4.8
    2452616.772            7.1            5.9
    2452665.604           -3.6            4.2
    2452668.611            0.5            5.3
    2452837.972            6.6            5.4
    2452861.963           -5.7            4.1
    2452863.985           -0.7            5.2
    2452879.918           17.6            4.2
    2452880.947            2.2            5.0
    2452898.911           15.9            4.7
    2452900.928            4.8            4.8
    2452932.839            9.6            4.3
    2452934.804           14.9            4.6
    2452963.753           -4.8            5.2
    2452965.809            3.9            5.4
     2453022.63            2.2            5.6
     2453208.01           11.8            3.8
    2453209.978            0.2            3.7
    2453214.961           -0.0            4.2
    2453231.961           -2.8            4.0
    2453233.909           -0.0            3.9
     2453235.96           14.1            4.2
    2453265.899           17.0            3.8
    2453268.919           16.5            4.0
     2453269.81            2.0            3.5
    2453286.828           -2.2            3.8
    2453324.713            6.4            5.5
    2453354.654            7.1            3.8
    2453400.642            6.9            7.5
    2453550.983            8.4            4.4
    2453578.964            1.6            4.6
    2453613.923            9.1            4.2
    2453654.771           13.2            4.1
    2453701.724           11.9            4.6
    2453740.745            8.8            4.7
    2453911.993           16.1            3.6
    2453917.013            8.5            3.9
    2453934.974            2.5            3.9
    2453968.925           -2.2            3.2
    2453981.851            0.3            3.8
    2453985.899            8.7            4.0
    2454055.755            7.4            3.9
    2454297.975           13.0            4.1
    2454300.974           13.5            4.0
    2454314.939            7.9            3.6
    2454318.981           -5.8            4.2
    2454344.859            9.9            4.3
    2454348.917            3.3            4.0
    2454391.887           10.5            5.4
    2454394.775           11.4            4.2
    2454418.777           -3.7            4.5
    2454420.763            0.4            4.2
    2454440.653           -8.4            3.4
    2454443.651           -4.6            3.6
    2454481.638           -0.6            3.9
    2454503.651            1.4            4.3
    2454645.984            8.1            4.5
    2454646.968           -4.1            4.2
    2454668.009           10.0            3.7
    2454681.904           11.7            3.8
     2454683.97            4.0            3.8
    2454711.893           10.5            4.1
    2454713.873           -0.2            4.2
    2454715.882            5.2            4.6
    2454716.875           -1.3            4.1
    2454753.885            9.3            3.6
     2454755.85            4.3            3.8
    2454777.733           -1.8            4.1
    2454806.796            6.1            5.5
     2454808.77           13.3            4.3
    2454809.763            5.5            6.1
    2455026.973           14.9            5.7
    2455063.965           -6.7            5.0
    2455099.996            0.9            4.9
    2455116.856           -3.4            6.8
    2455154.739           11.0            7.6
    2455174.788            1.5            5.8
    2455364.972           -1.6            5.0
    2455419.012            9.2            4.7
    2455446.847            5.5            3.6
    2455446.856            4.9            3.1
    2455463.833            7.3            5.2
    2455466.842           -1.2            4.8
    2455569.653            0.3            4.1
    2455571.713           -1.2            4.6
    2455572.671            0.2            4.8
    2455621.621           -3.3            4.6
    2455757.974            6.7            5.0
    2455803.919           -5.2            4.3
    2455806.936           -8.4            4.3
    2455828.781           -4.4            4.2
    2455831.849           -5.4            5.1
    2455861.842           -8.0            4.2
    2455864.796           -6.8            4.4
    2455892.745            1.9            4.9
