    2451745.994            5.7            4.3
    2451778.895            2.7            3.7
    2451808.867           -1.3            3.6
    2451853.766           13.4            4.1
    2451856.801           -8.5            4.6
    2451898.637            9.3            8.0
    2451932.609            8.2            3.9
    2452163.861            9.7            4.9
    2452175.851           13.6            4.0
    2452307.598            1.2            4.5
    2452465.989           22.1            5.3
    2452483.985           13.8            5.0
    2452494.987           -2.8            5.0
    2452517.936            1.4            5.2
     2452528.91            2.8            5.2
     2452530.91          -10.3            4.5
    2452541.904           10.5            4.5
    2452543.883            1.6            5.0
    2452559.914           12.1            6.4
    2452561.795           19.2            8.4
    2452571.791           -9.2            5.0
     2452589.81           16.1            5.7
    2452603.782            3.5            4.9
    2452605.724           -3.8            4.8
    2452616.772            9.7            5.9
    2452665.604           -5.8            4.2
    2452668.611           10.3            5.3
    2452837.972            8.1            5.4
    2452861.963           13.5            4.1
    2452863.985           16.5            5.2
    2452879.918           -3.5            4.2
    2452880.947           -7.9            5.0
    2452898.911            8.7            4.7
    2452900.928          -10.6            4.8
    2452932.839            4.9            4.3
    2452934.804            3.0            4.6
    2452963.753            1.3            5.2
    2452965.809            6.7            5.4
     2453022.63           16.7            5.6
     2453208.01           13.3            3.8
    2453209.978            6.7            3.7
    2453214.961            8.3            4.2
    2453231.961            4.7            4.0
    2453233.909           11.2            3.9
     2453235.96           14.0            4.2
    2453265.899           -5.4            3.8
    2453268.919            9.9            4.0
     2453269.81            4.7            3.5
    2453286.828           -8.2            3.8
    2453324.713           16.5            5.5
    2453354.654            7.9            3.8
    2453400.642           18.2            7.5
    2453550.983            8.4            4.4
    2453578.964            0.5            4.6
    2453613.923           14.6            4.2
    2453654.771           14.4            4.1
    2453701.724            4.4            4.6
    2453740.745            9.5            4.7
    2453911.993            2.5            3.6
    2453917.013           -3.4            3.9
    2453934.974            5.7            3.9
    2453968.925           -1.1            3.2
    2453981.851            4.4            3.8
    2453985.899           -1.0            4.0
    2454055.755          -10.4            3.9
    2454297.975            8.8            4.1
    2454300.974           -3.0            4.0
    2454314.939           -4.7            3.6
    2454318.981           -1.1            4.2
    2454344.859            2.3            4.3
    2454348.917            7.9            4.0
    2454391.887           -5.6            5.4
    2454394.775           14.5            4.2
    2454418.777            5.3            4.5
    2454420.763           -3.1            4.2
    2454440.653            1.8            3.4
    2454443.651           11.5            3.6
    2454481.638          -11.7            3.9
    2454503.651           -6.1            4.3
    2454645.984            4.3            4.5
    2454646.968          -14.6            4.2
    2454668.009            2.6            3.7
    2454681.904            8.5            3.8
     2454683.97           11.5            3.8
    2454711.893           15.5            4.1
    2454713.873            4.2            4.2
    2454715.882            2.4            4.6
    2454716.875           -2.8            4.1
    2454753.885            4.4            3.6
     2454755.85            2.1            3.8
    2454777.733           -6.7            4.1
    2454806.796            7.3            5.5
     2454808.77           14.0            4.3
    2454809.763            6.1            6.1
    2455026.973           11.0            5.7
    2455063.965           15.0            5.0
    2455099.996            3.3            4.9
    2455116.856           13.9            6.8
    2455154.739            8.6            7.6
    2455174.788            3.4            5.8
    2455364.972            7.9            5.0
    2455419.012            1.4            4.7
    2455446.847           15.4            3.6
    2455446.856           14.4            3.1
    2455463.833           -1.3            5.2
    2455466.842           16.5            4.8
    2455569.653            9.6            4.1
    2455571.713           -2.7            4.6
    2455572.671            4.9            4.8
    2455621.621          -15.7            4.6
    2455757.974           10.3            5.0
    2455803.919           23.1            4.3
    2455806.936           -9.3            4.3
    2455828.781            4.6            4.2
    2455831.849           14.4            5.1
    2455861.842            3.8            4.2
    2455864.796           12.4            4.4
    2455892.745           10.9            4.9
