    2451745.994           -3.9            4.3
    2451778.895           26.1            3.7
    2451808.867          -10.4            3.6
    2451853.766           -3.4            4.1
    2451856.801            9.7            4.6
    2451898.637           23.0            8.0
    2451932.609          -12.7            3.9
    2452163.861           23.3            4.9
    2452175.851           19.1            4.0
    2452307.598            4.7            4.5
    2452465.989           10.5            5.3
    2452483.985            1.3            5.0
    2452494.987           17.7            5.0
    2452517.936           -0.8            5.2
     2452528.91           -8.9            5.2
     2452530.91            2.6            4.5
    2452541.904          -12.1            4.5
    2452543.883          -12.7            5.0
    2452559.914           21.6            6.4
    2452561.795           27.9            8.4
    2452571.791            6.9            5.0
     2452589.81           12.2            5.7
    2452603.782            8.6            4.9
    2452605.724           12.8            4.8
    2452616.772           19.9            5.9
    2452665.604           -8.2            4.2
    2452668.611           -1.9            5.3
    2452837.972           20.6            5.4
    2452861.963          -11.0            4.1
    2452863.985           15.0            5.2
    2452879.918           17.0            4.2
    2452880.947            5.4            5.0
    2452898.911           -0.5            4.7
    2452900.928           -5.5            4.8
    2452932.839            0.3            4.3
    2452934.804           13.6            4.6
    2452963.753           23.5            5.2
    2452965.809            3.0            5.4
     2453022.63           -1.0            5.6
     2453208.01            4.2            3.8
    2453209.978            0.4            3.7
    2453214.961            0.6            4.2
    2453231.961          -10.9            4.0
    2453233.909            2.9            3.9
     2453235.96           12.3            4.2
    2453265.899            4.3            3.8
    2453268.919           -5.7            4.0
     2453269.81           -6.8            3.5
    2453286.828           -9.8            3.8
    2453324.713           -2.2            5.5
    2453354.654          -22.4            3.8
    2453400.642           11.1            7.5
    2453550.983           -9.4            4.4
    2453578.964           -3.2            4.6
    2453613.923           -4.7            4.2
    2453654.771            4.7            4.1
    2453701.724            4.8            4.6
    2453740.745          -12.6            4.7
    2453911.993           16.0            3.6
    2453917.013           13.6            3.9
    2453934.974           -6.7            3.9
    2453968.925           18.3            3.2
    2453981.851           11.4            3.8
    2453985.899           20.9            4.0
    2454055.755           -2.0            3.9
    2454297.975           20.7            4.1
    2454300.974           21.1            4.0
    2454314.939           25.5            3.6
    2454318.981           -1.8            4.2
    2454344.859            5.3            4.3
    2454348.917           -4.4            4.0
    2454391.887           -3.8            5.4
    2454394.775            6.6            4.2
    2454418.777            2.1            4.5
    2454420.763            3.2            4.2
    2454440.653            6.8            3.4
    2454443.651            6.2            3.6
    2454481.638            1.0            3.9
    2454503.651           27.0            4.3
    2454645.984           22.1            4.5
    2454646.968           28.7            4.2
    2454668.009          -10.9            3.7
    2454681.904           -3.9            3.8
     2454683.97            7.0            3.8
    2454711.893           20.3            4.1
    2454713.873           23.7            4.2
    2454715.882           22.0            4.6
    2454716.875           19.4            4.1
    2454753.885           11.0            3.6
     2454755.85           10.4            3.8
    2454777.733           -4.2            4.1
    2454806.796           19.3            5.5
     2454808.77           12.4            4.3
    2454809.763           11.4            6.1
    2455026.973            8.2            5.7
    2455063.965           -8.5            5.0
    2455099.996           21.8            4.9
    2455116.856           11.1            6.8
    2455154.739           24.3            7.6
    2455174.788            8.0            5.8
    2455364.972           24.5            5.0
    2455419.012           10.4            4.7
    2455446.847           10.2            3.6
    2455446.856            9.1            3.1
    2455463.833           -1.4            5.2
    2455466.842          -14.4            4.8
    2455569.653           25.5            4.1
    2455571.713           -1.3            4.6
    2455572.671            4.9            4.8
    2455621.621            7.1            4.6
    2455757.974           11.9            5.0
    2455803.919           13.3            4.3
    2455806.936            1.3            4.3
    2455828.781           13.2            4.2
    2455831.849           20.7            5.1
    2455861.842           -6.1            4.2
    2455864.796          -19.5            4.4
    2455892.745           -7.0            4.9
