    2451745.994           -4.4            4.3
    2451778.895            4.0            3.7
    2451808.867           15.6            3.6
    2451853.766            8.6            4.1
    2451856.801           17.8            4.6
    2451898.637           -0.6            8.0
    2451932.609           -9.3            3.9
    2452163.861           -4.6            4.9
    2452175.851           -8.3            4.0
    2452307.598            4.3            4.5
    2452465.989           -9.6            5.3
    2452483.985            8.4            5.0
    2452494.987            8.4            5.0
    2452517.936           12.6            5.2
     2452528.91            8.3            5.2
     2452530.91           14.4            4.5
    2452541.904           17.2            4.5
    2452543.883            5.4            5.0
    2452559.914            3.6            6.4
    2452561.795            2.0            8.4
    2452571.791           -5.2            5.0
     2452589.81           12.3            5.7
    2452603.782            7.7            4.9
    2452605.724           -6.3            4.8
    2452616.772           -4.1            5.9
    2452665.604           -1.8            4.2
    2452668.611            5.1            5.3
    2452837.972           -8.0            5.4
    2452861.963            1.4            4.1
    2452863.985            2.8            5.2
    2452879.918           17.0            4.2
    2452880.947            7.6            5.0
    2452898.911           10.6            4.7
    2452900.928           10.7            4.8
    2452932.839           -2.4            4.3
    2452934.804           13.9            4.6
    2452963.753            0.9            5.2
    2452965.809           -3.9            5.4
     2453022.63           -5.3            5.6
     2453208.01           -0.1            3.8
    2453209.978           -6.1            3.7
    2453214.961           16.0            4.2
    2453231.961           -4.2            4.0
    2453233.909            2.7            3.9
     2453235.96            7.8            4.2
    2453265.899            2.6            3.8
    2453268.919           -1.2            4.0
     2453269.81            8.1            3.5
    2453286.828            1.0            3.8
    2453324.713            3.7            5.5
    2453354.654           16.3            3.8
    2453400.642            9.4            7.5
    2453550.983            6.5            4.4
    2453578.964            3.7            4.6
    2453613.923           -5.2            4.2
    2453654.771            1.4            4.1
    2453701.724           14.3            4.6
    2453740.745            6.4            4.7
    2453911.993            4.9            3.6
    2453917.013           -2.6            3.9
    2453934.974            9.0            3.9
    2453968.925           16.1            3.2
    2453981.851            8.7            3.8
    2453985.899           -7.9            4.0
    2454055.755           -4.5            3.9
    2454297.975           -2.9            4.1
    2454300.974           -4.1            4.0
    2454314.939            9.0            3.6
    2454318.981           15.6            4.2
    2454344.859            7.1            4.3
    2454348.917            5.7            4.0
    2454391.887            2.2            5.4
    2454394.775           -6.7            4.2
    2454418.777            4.8            4.5
    2454420.763            8.2            4.2
    2454440.653            0.4            3.4
    2454443.651           12.8            3.6
    2454481.638            8.0            3.9
    2454503.651           15.1            4.3
    2454645.984            7.8            4.5
    2454646.968            1.8            4.2
    2454668.009           11.6            3.7
    2454681.904           -2.1            3.8
     2454683.97           -0.3            3.8
    2454711.893           13.7            4.1
    2454713.873            7.4            4.2
    2454715.882            6.7            4.6
    2454716.875            1.4            4.1
    2454753.885           -6.7            3.6
     2454755.85           -0.9            3.8
    2454777.733           -2.8            4.1
    2454806.796            9.1            5.5
     2454808.77            6.7            4.3
    2454809.763           -3.7            6.1
    2455026.973            5.0            5.7
    2455063.965            1.7            5.0
    2455099.996           -1.6            4.9
    2455116.856           12.5            6.8
    2455154.739           21.7            7.6
    2455174.788            6.0            5.8
    2455364.972            4.9            5.0
    2455419.012           15.4            4.7
    2455446.847           -0.6            3.6
    2455446.856           -1.1            3.1
    2455463.833            2.8            5.2
    2455466.842           15.3            4.8
    2455569.653           10.8            4.1
    2455571.713            7.1            4.6
    2455572.671            9.9            4.8
    2455621.621            8.0            4.6
    2455757.974           14.4            5.0
    2455803.919           10.3            4.3
    2455806.936            3.3            4.3
    2455828.781            6.6            4.2
    2455831.849           -1.1            5.1
    2455861.842           12.2            4.2
    2455864.796           11.9            4.4
    2455892.745           -1.6            4.9
