    2451745.994          -15.9            4.3
    2451778.895           13.2            3.7
    2451808.867           12.7            3.6
    2451853.766          -15.8            4.1
    2451856.801           20.8            4.6
    2451898.637            1.7            8.0
    2451932.609           13.4            3.9
    2452163.861           20.5            4.9
    2452175.851            2.4            4.0
    2452307.598           16.5            4.5
    2452465.989           21.7            5.3
    2452483.985           22.7            5.0
    2452494.987            1.1            5.0
    2452517.936            7.4            5.2
     2452528.91           -3.6            5.2
     2452530.91           -0.8            4.5
    2452541.904           19.1            4.5
    2452543.883           16.8            5.0
    2452559.914           25.3            6.4
    2452561.795           23.9            8.4
    2452571.791           15.3            5.0
     2452589.81           13.9            5.7
    2452603.782           14.9            4.9
    2452605.724           28.8            4.8
    2452616.772           23.5            5.9
    2452665.604            6.8            4.2
    2452668.611          -13.8            5.3
    2452837.972           -2.2            5.4
    2452861.963           13.3            4.1
    2452863.985           -0.8            5.2
    2452879.918           12.2            4.2
    2452880.947           19.6            5.0
    2452898.911           15.8            4.7
    2452900.928           24.1            4.8
    2452932.839           14.3            4.3
    2452934.804            8.4            4.6
    2452963.753          -13.6            5.2
    2452965.809            4.8            5.4
     2453022.63           29.5            5.6
     2453208.01           23.8            3.8
    2453209.978           23.5            3.7
    2453214.961           10.5            4.2
    2453231.961           -2.0            4.0
    2453233.909            2.0            3.9
     2453235.96            3.4            4.2
    2453265.899            7.9            3.8
    2453268.919          -12.6            4.0
     2453269.81           13.8            3.5
    2453286.828           -4.3            3.8
    2453324.713           11.8            5.5
    2453354.654           22.4            3.8
    2453400.642           12.6            7.5
    2453550.983           17.5            4.4
    2453578.964           13.7            4.6
    2453613.923            2.5            4.2
    2453654.771            7.9            4.1
    2453701.724           -4.4            4.6
    2453740.745           -8.4            4.7
    2453911.993           -2.8            3.6
    2453917.013          -13.7            3.9
    2453934.974           -5.9            3.9
    2453968.925            3.4            3.2
    2453981.851           17.7            3.8
    2453985.899           -3.4            4.0
    2454055.755           17.7            3.9
    2454297.975           27.6            4.1
    2454300.974           -5.6            4.0
    2454314.939          -13.6            3.6
    2454318.981           22.7            4.2
    2454344.859          -15.4            4.3
    2454348.917            6.5            4.0
    2454391.887           15.7            5.4
    2454394.775            9.4            4.2
    2454418.777           11.2            4.5
    2454420.763           -9.5            4.2
    2454440.653            6.2            3.4
    2454443.651          -15.4            3.6
    2454481.638           14.8            3.9
    2454503.651           12.0            4.3
    2454645.984           21.7            4.5
    2454646.968           -2.8            4.2
    2454668.009           -7.9            3.7
    2454681.904           -0.2            3.8
     2454683.97          -13.6            3.8
    2454711.893            4.0            4.1
    2454713.873           -1.7            4.2
    2454715.882           -7.9            4.6
    2454716.875           17.4            4.1
    2454753.885           11.2            3.6
     2454755.85           19.9            3.8
    2454777.733           -8.9            4.1
    2454806.796            6.5            5.5
     2454808.77           15.3            4.3
    2454809.763          -11.4            6.1
    2455026.973           -9.4            5.7
    2455063.965           -4.8            5.0
    2455099.996           16.8            4.9
    2455116.856          -13.6            6.8
    2455154.739           24.6            7.6
    2455174.788           25.9            5.8
    2455364.972           17.8            5.0
    2455419.012           -6.8            4.7
    2455446.847           -6.3            3.6
    2455446.856           -6.4            3.1
    2455463.833           18.3            5.2
    2455466.842          -18.0            4.8
    2455569.653            7.4            4.1
    2455571.713           17.9            4.6
    2455572.671           -3.0            4.8
    2455621.621           13.9            4.6
    2455757.974           -4.5            5.0
    2455803.919           -9.8            4.3
    2455806.936            9.9            4.3
    2455828.781          -21.2            4.2
    2455831.849           10.8            5.1
    2455861.842            9.1            4.2
    2455864.796           12.7            4.4
    2455892.745          -11.1            4.9
