    2451745.994           14.9            4.3
    2451778.895            2.9            3.7
    2451808.867           -5.8            3.6
    2451853.766           -3.8            4.1
    2451856.801            9.2            4.6
    2451898.637            9.6            8.0
    2451932.609           14.9            3.9
    2452163.861           10.3            4.9
    2452175.851           14.8            4.0
    2452307.598           -9.4            4.5
    2452465.989           16.6            5.3
    2452483.985            9.6            5.0
    2452494.987            0.2            5.0
    2452517.936            2.4            5.2
     2452528.91           -3.7            5.2
     2452530.91           11.9            4.5
    2452541.904           17.7            4.5
    2452543.883           -4.2            5.0
    2452559.914            9.3            6.4
    2452561.795           11.0            8.4
    2452571.791           14.6            5.0
     2452589.81           -5.0            5.7
    2452603.782            0.9            4.9
    2452605.724            4.2            4.8
    2452616.772           -1.3            5.9
    2452665.604           -5.1            4.2
    2452668.611            4.9            5.3
    2452837.972            4.7            5.4
    2452861.963           18.1            4.1
    2452863.985           -2.9            5.2
    2452879.918            5.0            4.2
    2452880.947           17.5            5.0
    2452898.911            1.5            4.7
    2452900.928            2.0            4.8
    2452932.839           -4.1            4.3
    2452934.804           10.9            4.6
    2452963.753            7.8            5.2
    2452965.809            5.2            5.4
     2453022.63            6.7            5.6
     2453208.01            8.9            3.8
    2453209.978           -6.9            3.7
    2453214.961           -3.2            4.2
    2453231.961            9.4            4.0
    2453233.909           -4.0            3.9
     2453235.96            7.0            4.2
    2453265.899           17.4            3.8
    2453268.919           13.2            4.0
     2453269.81           16.4            3.5
    2453286.828           -6.2            3.8
    2453324.713           -8.6            5.5
    2453354.654           -1.4            3.8
    2453400.642           -3.4            7.5
    2453550.983           13.2            4.4
    2453578.964            9.2            4.6
    2453613.923           -7.2            4.2
    2453654.771           13.4            4.1
    2453701.724           -6.4            4.6
    2453740.745           -1.7            4.7
    2453911.993           -5.4            3.6
    2453917.013           13.1            3.9
    2453934.974           -4.7            3.9
    2453968.925           -5.3            3.2
    2453981.851           17.8            3.8
    2453985.899           18.0            4.0
    2454055.755           -4.0            3.9
    2454297.975           16.9            4.1
    2454300.974            3.9            4.0
    2454314.939           -5.9            3.6
    2454318.981           -8.0            4.2
    2454344.859            2.3            4.3
    2454348.917           -2.3            4.0
    2454391.887           -1.9            5.4
    2454394.775            0.1            4.2
    2454418.777           -3.4            4.5
    2454420.763            8.9            4.2
    2454440.653           -8.1            3.4
    2454443.651            6.4            3.6
    2454481.638           13.4            3.9
    2454503.651           16.3            4.3
    2454645.984           -0.3            4.5
    2454646.968           -9.7            4.2
    2454668.009           14.4            3.7
    2454681.904            2.7            3.8
     2454683.97            6.0            3.8
    2454711.893           -5.0            4.1
    2454713.873           14.5            4.2
    2454715.882           -3.0            4.6
    2454716.875           13.3            4.1
    2454753.885           -8.0            3.6
     2454755.85           10.4            3.8
    2454777.733           12.7            4.1
    2454806.796           -4.1            5.5
     2454808.77           17.7            4.3
    2454809.763            6.6            6.1
    2455026.973            3.4            5.7
    2455063.965           14.8            5.0
    2455099.996           -3.3            4.9
    2455116.856           16.1            6.8
    2455154.739            9.4            7.6
    2455174.788           15.8            5.8
    2455364.972           14.4            5.0
    2455419.012           11.9            4.7
    2455446.847          -10.1            3.6
    2455446.856          -10.6            3.1
    2455463.833           13.5            5.2
    2455466.842            1.0            4.8
    2455569.653           -0.7            4.1
    2455571.713            2.5            4.6
    2455572.671           -8.6            4.8
    2455621.621           -0.4            4.6
    2455757.974            9.8            5.0
    2455803.919           10.1            4.3
    2455806.936           18.3            4.3
    2455828.781            4.0            4.2
    2455831.849           -5.2            5.1
    2455861.842           -7.9            4.2
    2455864.796            6.8            4.4
    2455892.745           -6.2            4.9
