    2451745.994            7.3            4.3
    2451778.895            3.4            3.7
    2451808.867           12.6            3.6
    2451853.766          -10.3            4.1
    2451856.801           15.2            4.6
    2451898.637           16.9            8.0
    2451932.609           -2.3            3.9
    2452163.861           12.4            4.9
    2452175.851            8.5            4.0
    2452307.598           -2.8            4.5
    2452465.989            4.5            5.3
    2452483.985           -1.7            5.0
    2452494.987            3.6            5.0
    2452517.936            7.7            5.2
     2452528.91            7.8            5.2
     2452530.91            9.2            4.5
    2452541.904            8.0            4.5
    2452543.883            1.2            5.0
    2452559.914           17.2            6.4
    2452561.795            7.4            8.4
    2452571.791            8.4            5.0
     2452589.81            7.0            5.7
    2452603.782           -2.2            4.9
    2452605.724           -9.5            4.8
    2452616.772           10.8            5.9
    2452665.604           -0.0            4.2
    2452668.611            8.6            5.3
    2452837.972            3.5            5.4
    2452861.963            6.8            4.1
    2452863.985           13.9            5.2
    2452879.918            3.1            4.2
    2452880.947           -8.4            5.0
    2452898.911           -1.4            4.7
    2452900.928            5.9            4.8
    2452932.839            2.1            4.3
    2452934.804            3.2            4.6
    2452963.753            7.0            5.2
    2452965.809           19.3            5.4
     2453022.63            4.3            5.6
     2453208.01           14.4            3.8
    2453209.978            6.6            3.7
    2453214.961           -2.8            4.2
    2453231.961            5.6            4.0
    2453233.909            6.4            3.9
     2453235.96          -10.0            4.2
    2453265.899           -5.8            3.8
    2453268.919           15.0            4.0
     2453269.81            7.1            3.5
    2453286.828           -5.8            3.8
    2453324.713           19.2            5.5
    2453354.654            7.9            3.8
    2453400.642           -6.4            7.5
    2453550.983            2.4            4.4
    2453578.964           11.6            4.6
    2453613.923           12.8            4.2
    2453654.771          -10.4            4.1
    2453701.724           -0.4            4.6
    2453740.745            8.2            4.7
    2453911.993           19.4            3.6
    2453917.013            7.5            3.9
    2453934.974            2.8            3.9
    2453968.925            4.6            3.2
    2453981.851           16.9            3.8
    2453985.899            7.2            4.0
    2454055.755            3.7            3.9
    2454297.975           -0.2            4.1
    2454300.974            8.6            4.0
    2454314.939            5.0            3.6
    2454318.981           10.9            4.2
    2454344.859           -1.3            4.3
    2454348.917            8.1            4.0
    2454391.887           19.2            5.4
    2454394.775            0.5            4.2
    2454418.777           -0.0            4.5
    2454420.763            3.9            4.2
    2454440.653           12.6            3.4
    2454443.651           13.8            3.6
    2454481.638            8.2            3.9
    2454503.651           18.9            4.3
    2454645.984           13.0            4.5
    2454646.968            4.9            4.2
    2454668.009            4.6            3.7
    2454681.904            1.4            3.8
     2454683.97            4.0            3.8
    2454711.893            3.6            4.1
    2454713.873            5.6            4.2
    2454715.882           19.5            4.6
    2454716.875            6.3            4.1
    2454753.885            4.8            3.6
     2454755.85           13.7            3.8
    2454777.733            4.2            4.1
    2454806.796           17.7            5.5
     2454808.77            0.9            4.3
    2454809.763            1.9            6.1
    2455026.973            6.1            5.7
    2455063.965           -5.3            5.0
    2455099.996           10.1            4.9
    2455116.856            6.2            6.8
    2455154.739            7.4            7.6
    2455174.788           11.2            5.8
    2455364.972            3.9            5.0
    2455419.012            7.3            4.7
    2455446.847            6.6            3.6
    2455446.856            6.2            3.1
    2455463.833            2.2            5.2
    2455466.842            5.2            4.8
    2455569.653            0.7            4.1
    2455571.713            8.1            4.6
    2455572.671           -4.3            4.8
    2455621.621            6.4            4.6
    2455757.974           -1.0            5.0
    2455803.919           17.0            4.3
    2455806.936           -1.8            4.3
    2455828.781          -11.7            4.2
    2455831.849            6.6            5.1
    2455861.842            1.2            4.2
    2455864.796           16.6            4.4
    2455892.745            5.9            4.9
