    2451745.994           31.5            4.3
    2451778.895          -14.7            3.7
    2451808.867          -11.3            3.6
    2451853.766           26.3            4.1
    2451856.801            5.2            4.6
    2451898.637           21.7            8.0
    2451932.609          -11.0            3.9
    2452163.861            2.5            4.9
    2452175.851            1.5            4.0
    2452307.598           24.3            4.5
    2452465.989           18.5            5.3
    2452483.985          -17.4            5.0
    2452494.987            0.7            5.0
    2452517.936           17.7            5.2
     2452528.91           23.2            5.2
     2452530.91           27.9            4.5
    2452541.904           24.1            4.5
    2452543.883           30.6            5.0
    2452559.914            6.3            6.4
    2452561.795           -0.4            8.4
    2452571.791           24.7            5.0
     2452589.81           -2.8            5.7
    2452603.782          -15.8            4.9
    2452605.724          -20.1            4.8
    2452616.772           -6.4            5.9
    2452665.604           11.1            4.2
    2452668.611           24.0            5.3
    2452837.972            9.9            5.4
    2452861.963           23.0            4.1
    2452863.985           13.1            5.2
    2452879.918           -2.4            4.2
    2452880.947           -8.0            5.0
    2452898.911            2.2            4.7
    2452900.928           22.5            4.8
    2452932.839            7.1            4.3
    2452934.804           -6.1            4.6
    2452963.753           -9.0            5.2
    2452965.809           -3.0            5.4
     2453022.63           13.4            5.6
     2453208.01           22.9            3.8
    2453209.978           10.3            3.7
    2453214.961           -4.2            4.2
    2453231.961           16.2            4.0
    2453233.909           23.2            3.9
     2453235.96           21.6            4.2
    2453265.899           -6.9            3.8
    2453268.919          -18.9            4.0
     2453269.81          -10.7            3.5
    2453286.828           20.4            3.8
    2453324.713          -10.0            5.5
    2453354.654           -1.6            3.8
    2453400.642           16.2            7.5
    2453550.983            9.5            4.4
    2453578.964           12.9            4.6
    2453613.923           -9.0            4.2
    2453654.771          -24.1            4.1
    2453701.724           23.6            4.6
    2453740.745           20.8            4.7
    2453911.993           15.7            3.6
    2453917.013           -6.8            3.9
    2453934.974            0.6            3.9
    2453968.925           -5.2            3.2
    2453981.851            2.9            3.8
    2453985.899          -26.7            4.0
    2454055.755          -15.6            3.9
    2454297.975           11.3            4.1
    2454300.974           -2.8            4.0
    2454314.939          -10.2            3.6
    2454318.981           -4.0            4.2
    2454344.859          -25.4            4.3
    2454348.917            9.4            4.0
    2454391.887           26.9            5.4
    2454394.775           16.3            4.2
    2454418.777           15.3            4.5
    2454420.763           10.6            4.2
    2454440.653           -6.8            3.4
    2454443.651           -5.2            3.6
    2454481.638          -19.4            3.9
    2454503.651           12.7            4.3
    2454645.984           -0.3            4.5
    2454646.968           -5.0            4.2
    2454668.009           23.2            3.7
    2454681.904           19.9            3.8
     2454683.97           14.1            3.8
    2454711.893            9.0            4.1
    2454713.873           -5.6            4.2
    2454715.882          -22.1            4.6
    2454716.875          -10.5            4.1
    2454753.885           -6.1            3.6
     2454755.85          -13.3            3.8
    2454777.733           19.6            4.1
    2454806.796            3.5            5.5
     2454808.77          -11.2            4.3
    2454809.763           -0.6            6.1
    2455026.973           31.7            5.7
    2455063.965           -5.7            5.0
    2455099.996          -21.7            4.9
    2455116.856          -14.9            6.8
    2455154.739           -5.8            7.6
    2455174.788           28.6            5.8
    2455364.972           -2.3            5.0
    2455419.012          -20.8            4.7
    2455446.847           -9.3            3.6
    2455446.856          -10.2            3.1
    2455463.833            1.0            5.2
    2455466.842           16.2            4.8
    2455569.653          -10.3            4.1
    2455571.713            4.9            4.6
    2455572.671           -6.3            4.8
    2455621.621           -6.4            4.6
    2455757.974           22.4            5.0
    2455803.919           -2.5            4.3
    2455806.936          -20.3            4.3
    2455828.781           27.1            4.2
    2455831.849           -7.8            5.1
    2455861.842          -12.2            4.2
    2455864.796           20.3            4.4
    2455892.745           24.0            4.9
