    2451745.994           16.9            4.3
    2451778.895          -13.7            3.7
    2451808.867           -4.0            3.6
    2451853.766           -4.7            4.1
    2451856.801           -7.6            4.6
    2451898.637            5.3            8.0
    2451932.609           10.0            3.9
    2452163.861           10.5            4.9
    2452175.851           -1.7            4.0
    2452307.598           14.2            4.5
    2452465.989           -0.9            5.3
    2452483.985           11.6            5.0
    2452494.987            4.1            5.0
    2452517.936           21.2            5.2
     2452528.91           14.8            5.2
     2452530.91            4.1            4.5
    2452541.904           12.4            4.5
    2452543.883           -7.1            5.0
    2452559.914            9.4            6.4
    2452561.795           15.6            8.4
    2452571.791            3.4            5.0
     2452589.81            9.9            5.7
    2452603.782           13.3            4.9
    2452605.724            6.3            4.8
    2452616.772           18.0            5.9
    2452665.604           -2.8            4.2
    2452668.611            3.1            5.3
    2452837.972           17.4            5.4
    2452861.963           14.8            4.1
    2452863.985            5.0            5.2
    2452879.918            2.9            4.2
    2452880.947            6.6            5.0
    2452898.911            9.9            4.7
    2452900.928          -10.8            4.8
    2452932.839           11.4            4.3
    2452934.804          -10.8            4.6
    2452963.753           20.9            5.2
    2452965.809            3.6            5.4
     2453022.63           -1.5            5.6
     2453208.01           10.5            3.8
    2453209.978           -9.0            3.7
    2453214.961           11.0            4.2
    2453231.961           20.5            4.0
    2453233.909           -0.4            3.9
     2453235.96           19.4            4.2
    2453265.899            8.0            3.8
    2453268.919            4.5            4.0
     2453269.81           12.3            3.5
    2453286.828           14.2            3.8
    2453324.713           16.0            5.5
    2453354.654           13.1            3.8
    2453400.642           -8.5            7.5
    2453550.983           10.9            4.4
    2453578.964           14.1            4.6
    2453613.923           -3.9            4.2
    2453654.771            1.7            4.1
    2453701.724           12.6            4.6
    2453740.745           -7.2            4.7
    2453911.993           20.8            3.6
    2453917.013            1.0            3.9
    2453934.974           -5.4            3.9
    2453968.925           -5.7            3.2
    2453981.851          -14.8            3.8
    2453985.899           -5.6            4.0
    2454055.755            8.0            3.9
    2454297.975          -13.0            4.1
    2454300.974           -6.1            4.0
    2454314.939           -5.7            3.6
    2454318.981           -2.7            4.2
    2454344.859            2.0            4.3
    2454348.917           -4.5            4.0
    2454391.887           15.5            5.4
    2454394.775           16.3            4.2
    2454418.777           12.3            4.5
    2454420.763          -10.6            4.2
    2454440.653           -6.9            3.4
    2454443.651            1.4            3.6
    2454481.638           -5.2            3.9
    2454503.651           19.3            4.3
    2454645.984            4.1            4.5
    2454646.968            7.8            4.2
    2454668.009            1.4            3.7
    2454681.904           -2.0            3.8
     2454683.97           16.2            3.8
    2454711.893           13.7            4.1
    2454713.873           12.9            4.2
    2454715.882            4.7            4.6
    2454716.875            5.8            4.1
    2454753.885           -7.7            3.6
     2454755.85           12.1            3.8
    2454777.733           -8.9            4.1
    2454806.796           18.8            5.5
     2454808.77            5.1            4.3
    2454809.763           22.1            6.1
    2455026.973           14.2            5.7
    2455063.965            4.0            5.0
    2455099.996           -7.3            4.9
    2455116.856            2.8            6.8
    2455154.739           -5.1            7.6
    2455174.788            6.9            5.8
    2455364.972           -0.4            5.0
    2455419.012            6.7            4.7
    2455446.847           -1.4            3.6
    2455446.856           -2.0            3.1
    2455463.833          -10.8            5.2
    2455466.842           -3.1            4.8
    2455569.653           -5.5            4.1
    2455571.713           15.5            4.6
    2455572.671           -1.0            4.8
    2455621.621           11.2            4.6
    2455757.974           19.5            5.0
    2455803.919           -2.7            4.3
    2455806.936            3.4            4.3
    2455828.781           -6.2            4.2
    2455831.849           -7.3            5.1
    2455861.842           -4.8            4.2
    2455864.796            0.5            4.4
    2455892.745           -0.8            4.9
