    2451745.994            2.0            4.3
    2451778.895            4.8            3.7
    2451808.867            2.1            3.6
    2451853.766            4.9            4.1
    2451856.801            7.1            4.6
    2451898.637           10.3            8.0
    2451932.609            1.5            3.9
    2452163.861            4.9            4.9
    2452175.851            3.0            4.0
    2452307.598            3.1            4.5
    2452465.989            4.1            5.3
    2452483.985            5.8            5.0
    2452494.987            4.1            5.0
    2452517.936            6.2            5.2
     2452528.91            3.7            5.2
     2452530.91            2.0            4.5
    2452541.904            7.2            4.5
    2452543.883            7.5            5.0
    2452559.914            8.1            6.4
    2452561.795           11.0            8.4
    2452571.791            3.0            5.0
     2452589.81            5.4            5.7
    2452603.782            7.6            4.9
    2452605.724            7.5            4.8
    2452616.772            3.7            5.9
    2452665.604            6.4            4.2
    2452668.611            7.3            5.3
    2452837.972            5.3            5.4
    2452861.963            1.6            4.1
    2452863.985            2.3            5.2
    2452879.918            3.6            4.2
    2452880.947            3.6            5.0
    2452898.911            5.6            4.7
    2452900.928            4.1            4.8
    2452932.839            5.6            4.3
    2452934.804            7.1            4.6
    2452963.753            4.5            5.2
    2452965.809            3.4            5.4
     2453022.63            7.0            5.6
     2453208.01            5.9            3.8
    2453209.978            4.6            3.7
    2453214.961            1.7            4.2
    2453231.961            3.8            4.0
    2453233.909            2.3            3.9
     2453235.96            1.5            4.2
    2453265.899            5.5            3.8
    2453268.919            6.4            4.0
     2453269.81            5.7            3.5
    2453286.828            5.8            3.8
    2453324.713            5.2            5.5
    2453354.654            5.4            3.8
    2453400.642            5.5            7.5
    2453550.983            2.8            4.4
    2453578.964            7.2            4.6
    2453613.923            2.6            4.2
    2453654.771            2.1            4.1
    2453701.724            6.9            4.6
    2453740.745            5.4            4.7
    2453911.993            6.4            3.6
    2453917.013            3.7            3.9
    2453934.974            5.8            3.9
    2453968.925            3.6            3.2
    2453981.851            1.5            3.8
    2453985.899            1.7            4.0
    2454055.755            6.4            3.9
    2454297.975            2.8            4.1
    2454300.974            4.9            4.0
    2454314.939            1.3            3.6
    2454318.981            3.0            4.2
    2454344.859            6.5            4.3
    2454348.917            6.1            4.0
    2454391.887            6.3            5.4
    2454394.775            2.9            4.2
    2454418.777            1.7            4.5
    2454420.763            1.6            4.2
    2454440.653            0.8            3.4
    2454443.651            2.4            3.6
    2454481.638            1.5            3.9
    2454503.651            2.1            4.3
    2454645.984            2.3            4.5
    2454646.968            1.8            4.2
    2454668.009            1.3            3.7
    2454681.904            5.5            3.8
     2454683.97            4.0            3.8
    2454711.893            2.1            4.1
    2454713.873            3.5            4.2
    2454715.882            5.4            4.6
    2454716.875            5.6            4.1
    2454753.885            1.5            3.6
     2454755.85            3.1            3.8
    2454777.733            4.3            4.1
    2454806.796            6.5            5.5
     2454808.77            3.8            4.3
    2454809.763            4.9            6.1
    2455026.973            6.6            5.7
    2455063.965            3.0            5.0
    2455099.996            3.9            4.9
    2455116.856            8.5            6.8
    2455154.739            9.8            7.6
    2455174.788            7.9            5.8
    2455364.972            7.0            5.0
    2455419.012            4.0            4.7
    2455446.847            6.4            3.6
    2455446.856            5.9            3.1
    2455463.833            7.0            5.2
    2455466.842            7.6            4.8
    2455569.653            6.5            4.1
    2455571.713            6.9            4.6
    2455572.671            6.8            4.8
    2455621.621            2.3            4.6
    2455757.974            7.4            5.0
    2455803.919            4.4            4.3
    2455806.936            2.4            4.3
    2455828.781            2.0            4.2
    2455831.849            3.3            5.1
    2455861.842            6.8            4.2
    2455864.796            5.4            4.4
    2455892.745            2.2            4.9
