    2451745.994           -3.3            4.3
    2451778.895           -6.6            3.7
    2451808.867           -9.8            3.6
    2451853.766           -2.8            4.1
    2451856.801           -1.0            4.6
    2451898.637           12.0            8.0
    2451932.609            7.7            3.9
    2452163.861           -3.9            4.9
    2452175.851           -7.5            4.0
    2452307.598           11.6            4.5
    2452465.989            1.5            5.3
    2452483.985          -12.7            5.0
    2452494.987          -10.7            5.0
    2452517.936           -9.9            5.2
     2452528.91          -10.3            5.2
     2452530.91           -0.9            4.5
    2452541.904           -3.5            4.5
    2452543.883           -6.5            5.0
    2452559.914           -8.6            6.4
    2452561.795           -0.3            8.4
    2452571.791           -9.3            5.0
     2452589.81           -3.0            5.7
    2452603.782           -6.1            4.9
    2452605.724            4.1            4.8
    2452616.772            2.0            5.9
    2452665.604            9.3            4.2
    2452668.611            8.3            5.3
    2452837.972           -7.4            5.4
    2452861.963           -5.9            4.1
    2452863.985          -13.4            5.2
    2452879.918          -10.2            4.2
    2452880.947           -7.4            5.0
    2452898.911           -9.7            4.7
    2452900.928           -7.2            4.8
    2452932.839           -3.4            4.3
    2452934.804           -5.0            4.6
    2452963.753           -3.1            5.2
    2452965.809           -3.0            5.4
     2453022.63           10.8            5.6
     2453208.01           -5.4            3.8
    2453209.978          -12.2            3.7
    2453214.961           -4.2            4.2
    2453231.961           -7.8            4.0
    2453233.909          -10.6            3.9
     2453235.96           -4.2            4.2
    2453265.899          -15.6            3.8
    2453268.919           -9.0            4.0
     2453269.81           -6.2            3.5
    2453286.828          -12.4            3.8
    2453324.713           -0.4            5.5
    2453354.654            8.1            3.8
    2453400.642            8.3            7.5
    2453550.983           -6.1            4.4
    2453578.964          -10.7            4.6
    2453613.923           -7.8            4.2
    2453654.771           -3.8            4.1
    2453701.724            4.3            4.6
    2453740.745            3.5            4.7
    2453911.993           -3.8            3.6
    2453917.013          -10.4            3.9
    2453934.974            0.3            3.9
    2453968.925           -7.2            3.2
    2453981.851          -11.3            3.8
    2453985.899          -15.3            4.0
    2454055.755            0.4            3.9
    2454297.975           -3.2            4.1
    2454300.974          -16.3            4.0
    2454314.939           -1.7            3.6
    2454318.981           -2.4            4.2
    2454344.859          -13.8            4.3
    2454348.917           -8.4            4.0
    2454391.887           -5.8            5.4
    2454394.775            0.7            4.2
    2454418.777           -6.3            4.5
    2454420.763           -8.4            4.2
    2454440.653            2.5            3.4
    2454443.651            5.2            3.6
    2454481.638           11.7            3.9
    2454503.651           12.6            4.3
    2454645.984           -8.3            4.5
    2454646.968          -13.0            4.2
    2454668.009           -8.4            3.7
    2454681.904           -8.3            3.8
     2454683.97           -6.7            3.8
    2454711.893          -10.9            4.1
    2454713.873          -10.0            4.2
    2454715.882           -3.9            4.6
    2454716.875           -9.7            4.1
    2454753.885           -5.1            3.6
     2454755.85          -12.5            3.8
    2454777.733           -5.8            4.1
    2454806.796           -0.2            5.5
     2454808.77           -4.2            4.3
    2454809.763           -1.5            6.1
    2455026.973          -11.0            5.7
    2455063.965           -8.9            5.0
    2455099.996            2.3            4.9
    2455116.856           -3.4            6.8
    2455154.739            6.9            7.6
    2455174.788            2.4            5.8
    2455364.972           -8.3            5.0
    2455419.012           -4.6            4.7
    2455446.847           -5.2            3.6
    2455446.856           -6.0            3.1
    2455463.833           -7.7            5.2
    2455466.842           -5.9            4.8
    2455569.653            8.0            4.1
    2455571.713            6.2            4.6
    2455572.671            1.7            4.8
    2455621.621           15.9            4.6
    2455757.974          -15.2            5.0
    2455803.919          -10.9            4.3
    2455806.936           -5.9            4.3
    2455828.781           -6.1            4.2
    2455831.849           -2.3            5.1
    2455861.842           -4.9            4.2
    2455864.796           -3.9            4.4
    2455892.745            5.6            4.9
