    2451745.994           15.1            4.3
    2451778.895            0.1            3.7
    2451808.867            3.8            3.6
    2451853.766           14.6            4.1
    2451856.801            1.5            4.6
    2451898.637            7.6            8.0
    2451932.609           -1.0            3.9
    2452163.861           14.3            4.9
    2452175.851           10.2            4.0
    2452307.598            6.0            4.5
    2452465.989            2.4            5.3
    2452483.985           -1.6            5.0
    2452494.987            5.4            5.0
    2452517.936            6.0            5.2
     2452528.91            3.0            5.2
     2452530.91            3.2            4.5
    2452541.904            4.2            4.5
    2452543.883           -4.3            5.0
    2452559.914           13.0            6.4
    2452561.795            8.3            8.4
    2452571.791           -7.7            5.0
     2452589.81          -10.8            5.7
    2452603.782            0.5            4.9
    2452605.724            9.5            4.8
    2452616.772           13.0            5.9
    2452665.604           18.8            4.2
    2452668.611            2.4            5.3
    2452837.972           18.7            5.4
    2452861.963           13.7            4.1
    2452863.985            0.3            5.2
    2452879.918           19.3            4.2
    2452880.947           19.0            5.0
    2452898.911           12.6            4.7
    2452900.928            2.0            4.8
    2452932.839            4.0            4.3
    2452934.804            2.0            4.6
    2452963.753           11.5            5.2
    2452965.809           11.4            5.4
     2453022.63           14.4            5.6
     2453208.01            8.4            3.8
    2453209.978           -6.3            3.7
    2453214.961           14.0            4.2
    2453231.961           -1.2            4.0
    2453233.909            2.1            3.9
     2453235.96            1.3            4.2
    2453265.899            8.8            3.8
    2453268.919           12.7            4.0
     2453269.81           -2.2            3.5
    2453286.828           15.7            3.8
    2453324.713            0.5            5.5
    2453354.654           -5.7            3.8
    2453400.642            3.7            7.5
    2453550.983           -0.5            4.4
    2453578.964           17.5            4.6
    2453613.923            8.8            4.2
    2453654.771           -0.7            4.1
    2453701.724           -8.8            4.6
    2453740.745           -5.9            4.7
    2453911.993            2.9            3.6
    2453917.013            0.1            3.9
    2453934.974            4.8            3.9
    2453968.925           -2.4            3.2
    2453981.851            0.3            3.8
    2453985.899           12.4            4.0
    2454055.755           11.0            3.9
    2454297.975           -9.8            4.1
    2454300.974            2.8            4.0
    2454314.939           -8.9            3.6
    2454318.981            3.2            4.2
    2454344.859            3.3            4.3
    2454348.917           20.1            4.0
    2454391.887           13.4            5.4
    2454394.775           15.5            4.2
    2454418.777            5.3            4.5
    2454420.763            5.2            4.2
    2454440.653           -0.1            3.4
    2454443.651            8.2            3.6
    2454481.638           -1.4            3.9
    2454503.651           11.2            4.3
    2454645.984           10.5            4.5
    2454646.968            8.2            4.2
    2454668.009           -3.3            3.7
    2454681.904           -1.6            3.8
     2454683.97            8.4            3.8
    2454711.893           13.8            4.1
    2454713.873            6.4            4.2
    2454715.882           11.1            4.6
    2454716.875            9.1            4.1
    2454753.885            7.4            3.6
     2454755.85           10.0            3.8
    2454777.733            8.1            4.1
    2454806.796           -2.1            5.5
     2454808.77            8.9            4.3
    2454809.763           -2.3            6.1
    2455026.973            2.3            5.7
    2455063.965            1.9            5.0
    2455099.996           10.5            4.9
    2455116.856            0.6            6.8
    2455154.739           12.2            7.6
    2455174.788           -1.5            5.8
    2455364.972            2.8            5.0
    2455419.012            7.7            4.7
    2455446.847           14.5            3.6
    2455446.856           14.1            3.1
    2455463.833           17.8            5.2
    2455466.842            4.4            4.8
    2455569.653            4.7            4.1
    2455571.713           13.3            4.6
    2455572.671            7.3            4.8
    2455621.621            0.1            4.6
    2455757.974           14.2            5.0
    2455803.919           13.0            4.3
    2455806.936            9.3            4.3
    2455828.781            7.9            4.2
    2455831.849            0.7            5.1
    2455861.842           -3.7            4.2
    2455864.796           11.2            4.4
    2455892.745            2.3            4.9
