    2451745.994            0.9            4.3
    2451778.895           26.6            3.7
    2451808.867          -13.5            3.6
    2451853.766           -7.1            4.1
    2451856.801            6.9            4.6
    2451898.637           14.2            8.0
    2451932.609            8.6            3.9
    2452163.861           -2.9            4.9
    2452175.851           -5.5            4.0
    2452307.598           -5.3            4.5
    2452465.989           24.2            5.3
    2452483.985           -6.6            5.0
    2452494.987          -11.1            5.0
    2452517.936          -13.3            5.2
     2452528.91           -0.9            5.2
     2452530.91          -13.2            4.5
    2452541.904           -5.6            4.5
    2452543.883           -6.4            5.0
    2452559.914           28.5            6.4
    2452561.795           30.3            8.4
    2452571.791           22.6            5.0
     2452589.81          -10.1            5.7
    2452603.782           -9.9            4.9
    2452605.724            0.2            4.8
    2452616.772            0.2            5.9
    2452665.604           20.1            4.2
    2452668.611           21.3            5.3
    2452837.972            9.3            5.4
    2452861.963            8.2            4.1
    2452863.985           -3.4            5.2
    2452879.918           10.0            4.2
    2452880.947           19.4            5.0
    2452898.911          -17.0            4.7
    2452900.928          -10.7            4.8
    2452932.839           -5.9            4.3
    2452934.804          -12.8            4.6
    2452963.753           29.5            5.2
    2452965.809           21.7            5.4
     2453022.63           18.7            5.6
     2453208.01          -20.4            3.8
    2453209.978          -19.7            3.7
    2453214.961           15.1            4.2
    2453231.961           -8.9            4.0
    2453233.909           -6.3            3.9
     2453235.96           15.7            4.2
    2453265.899           -2.6            3.8
    2453268.919           -3.0            4.0
     2453269.81           -6.2            3.5
    2453286.828           15.2            3.8
    2453324.713            1.4            5.5
    2453354.654           17.6            3.8
    2453400.642            7.6            7.5
    2453550.983           15.7            4.4
    2453578.964          -10.1            4.6
    2453613.923           -9.8            4.2
    2453654.771           29.0            4.1
    2453701.724           14.0            4.6
    2453740.745           -7.1            4.7
    2453911.993          -10.0            3.6
    2453917.013           19.0            3.9
    2453934.974           -2.8            3.9
    2453968.925          -12.2            3.2
    2453981.851          -15.8            3.8
    2453985.899           14.3            4.0
    2454055.755           19.8            3.9
    2454297.975            7.3            4.1
    2454300.974          -15.1            4.0
    2454314.939           -9.6            3.6
    2454318.981           21.6            4.2
    2454344.859           23.6            4.3
    2454348.917           -4.4            4.0
    2454391.887           -1.2            5.4
    2454394.775          -13.8            4.2
    2454418.777          -10.4            4.5
    2454420.763           -4.0            4.2
    2454440.653            8.9            3.4
    2454443.651           -5.8            3.6
    2454481.638            1.2            3.9
    2454503.651            1.9            4.3
    2454645.984           -8.0            4.5
    2454646.968           -9.0            4.2
    2454668.009          -11.3            3.7
    2454681.904          -20.7            3.8
     2454683.97           -5.8            3.8
    2454711.893           21.5            4.1
    2454713.873            9.6            4.2
    2454715.882           -4.9            4.6
    2454716.875           -6.9            4.1
    2454753.885            1.9            3.6
     2454755.85           14.7            3.8
    2454777.733          -10.7            4.1
    2454806.796            4.7            5.5
     2454808.77           -8.8            4.3
    2454809.763           -9.6            6.1
    2455026.973           -2.4            5.7
    2455063.965            1.1            5.0
    2455099.996           20.9            4.9
    2455116.856            8.8            6.8
    2455154.739           -8.5            7.6
    2455174.788           -2.0            5.8
    2455364.972           16.8            5.0
    2455419.012            7.7            4.7
    2455446.847           18.7            3.6
    2455446.856           18.4            3.1
    2455463.833          -13.4            5.2
    2455466.842           -6.7            4.8
    2455569.653          -16.6            4.1
    2455571.713           -8.2            4.6
    2455572.671           -3.7            4.8
    2455621.621           28.8            4.6
    2455757.974            8.4            5.0
    2455803.919           22.8            4.3
    2455806.936           -1.9            4.3
    2455828.781           24.5            4.2
    2455831.849           -4.3            5.1
    2455861.842           11.7            4.2
    2455864.796           -4.2            4.4
    2455892.745           -4.5            4.9
