    2451745.994          -11.0            4.3
    2451778.895            9.7            3.7
    2451808.867           -4.9            3.6
    2451853.766           -1.1            4.1
    2451856.801            5.2            4.6
    2451898.637            5.4            8.0
    2451932.609            9.4            3.9
    2452163.861            8.4            4.9
    2452175.851            9.5            4.0
    2452307.598            1.5            4.5
    2452465.989           -0.8            5.3
    2452483.985            7.7            5.0
    2452494.987           18.8            5.0
    2452517.936           14.2            5.2
     2452528.91           -1.7            5.2
     2452530.91           -8.3            4.5
    2452541.904            1.7            4.5
    2452543.883            2.1            5.0
    2452559.914           12.2            6.4
    2452561.795           10.6            8.4
    2452571.791           -2.1            5.0
     2452589.81            6.8            5.7
    2452603.782            6.3            4.9
    2452605.724            4.0            4.8
    2452616.772           -3.0            5.9
    2452665.604            9.3            4.2
    2452668.611            7.7            5.3
    2452837.972            0.1            5.4
    2452861.963            0.6            4.1
    2452863.985            9.8            5.2
    2452879.918           -3.1            4.2
    2452880.947           -4.7            5.0
    2452898.911           -1.3            4.7
    2452900.928           -5.7            4.8
    2452932.839           11.5            4.3
    2452934.804            5.8            4.6
    2452963.753            4.1            5.2
    2452965.809           -1.9            5.4
     2453022.63            6.4            5.6
     2453208.01            0.7            3.8
    2453209.978           -1.8            3.7
    2453214.961            8.4            4.2
    2453231.961           -1.6            4.0
    2453233.909           -0.2            3.9
     2453235.96            7.2            4.2
    2453265.899           -5.3            3.8
    2453268.919           -0.5            4.0
     2453269.81            0.5            3.5
    2453286.828            2.3            3.8
    2453324.713           17.3            5.5
    2453354.654            7.0            3.8
    2453400.642            0.2            7.5
    2453550.983           -7.4            4.4
    2453578.964            4.3            4.6
    2453613.923            0.6            4.2
    2453654.771           16.6            4.1
    2453701.724           -1.3            4.6
    2453740.745            4.9            4.7
    2453911.993            2.0            3.6
    2453917.013            3.4            3.9
    2453934.974            3.1            3.9
    2453968.925           -2.0            3.2
    2453981.851           12.6            3.8
    2453985.899            0.8            4.0
    2454055.755           -1.5            3.9
    2454297.975            0.5            4.1
    2454300.974           14.1            4.0
    2454314.939            3.6            3.6
    2454318.981            1.8            4.2
    2454344.859           11.6            4.3
    2454348.917            5.0            4.0
    2454391.887            2.3            5.4
    2454394.775            4.3            4.2
    2454418.777            8.1            4.5
    2454420.763            1.5            4.2
    2454440.653           10.0            3.4
    2454443.651           -2.6            3.6
    2454481.638           17.4            3.9
    2454503.651           17.9            4.3
    2454645.984           -2.0            4.5
    2454646.968           -1.9            4.2
    2454668.009            0.3            3.7
    2454681.904            5.9            3.8
     2454683.97            6.9            3.8
    2454711.893           -6.4            4.1
    2454713.873            2.3            4.2
    2454715.882           10.3            4.6
    2454716.875           10.9            4.1
    2454753.885          -10.0            3.6
     2454755.85           -3.2            3.8
    2454777.733            2.5            4.1
    2454806.796            9.7            5.5
     2454808.77           10.3            4.3
    2454809.763           13.5            6.1
    2455026.973           12.0            5.7
    2455063.965            1.4            5.0
    2455099.996            3.5            4.9
    2455116.856            3.2            6.8
    2455154.739           19.2            7.6
    2455174.788           16.3            5.8
    2455364.972            4.6            5.0
    2455419.012            8.0            4.7
    2455446.847           -1.4            3.6
    2455446.856           -1.8            3.1
    2455463.833            8.4            5.2
    2455466.842            1.2            4.8
    2455569.653            6.8            4.1
    2455571.713            1.4            4.6
    2455572.671            0.6            4.8
    2455621.621            2.1            4.6
    2455757.974            8.1            5.0
    2455803.919            7.1            4.3
    2455806.936            9.4            4.3
    2455828.781           11.5            4.2
    2455831.849           18.5            5.1
    2455861.842           -1.2            4.2
    2455864.796            5.0            4.4
    2455892.745            4.6            4.9
