    2451745.994           19.8            4.3
    2451778.895            1.0            3.7
    2451808.867            2.8            3.6
    2451853.766           15.6            4.1
    2451856.801           11.6            4.6
    2451898.637           -6.1            8.0
    2451932.609            1.0            3.9
    2452163.861           10.7            4.9
    2452175.851           -3.9            4.0
    2452307.598            9.6            4.5
    2452465.989           15.8            5.3
    2452483.985            2.4            5.0
    2452494.987           13.6            5.0
    2452517.936            7.7            5.2
     2452528.91           -7.1            5.2
     2452530.91           -6.2            4.5
    2452541.904           -7.3            4.5
    2452543.883          -11.4            5.0
    2452559.914           11.1            6.4
    2452561.795           18.1            8.4
    2452571.791           20.8            5.0
     2452589.81            4.0            5.7
    2452603.782           -9.1            4.9
    2452605.724           -3.1            4.8
    2452616.772            1.7            5.9
    2452665.604           10.7            4.2
    2452668.611           -5.6            5.3
    2452837.972           13.7            5.4
    2452861.963           -7.8            4.1
    2452863.985           -8.2            5.2
    2452879.918            4.7            4.2
    2452880.947           -6.0            5.0
    2452898.911           -5.2            4.7
    2452900.928            0.9            4.8
    2452932.839           -4.7            4.3
    2452934.804           -3.5            4.6
    2452963.753           -4.4            5.2
    2452965.809           -4.6            5.4
     2453022.63            5.5            5.6
     2453208.01           16.8            3.8
    2453209.978           14.4            3.7
    2453214.961            6.8            4.2
    2453231.961          -11.5            4.0
    2453233.909           -7.7            3.9
     2453235.96           -6.1            4.2
    2453265.899            5.7            3.8
    2453268.919           13.9            4.0
     2453269.81            0.2            3.5
    2453286.828            5.2            3.8
    2453324.713           22.5            5.5
    2453354.654           -8.7            3.8
    2453400.642           -4.9            7.5
    2453550.983            9.6            4.4
    2453578.964           -0.4            4.6
    2453613.923           14.9            4.2
    2453654.771            0.5            4.1
    2453701.724            0.0            4.6
    2453740.745           19.6            4.7
    2453911.993            3.0            3.6
    2453917.013           11.1            3.9
    2453934.974          -11.5            3.9
    2453968.925           -0.4            3.2
    2453981.851           14.4            3.8
    2453985.899           10.1            4.0
    2454055.755          -10.6            3.9
    2454297.975           10.6            4.1
    2454300.974           -5.7            4.0
    2454314.939           10.7            3.6
    2454318.981           12.2            4.2
    2454344.859          -13.7            4.3
    2454348.917          -10.4            4.0
    2454391.887           22.3            5.4
    2454394.775           -4.2            4.2
    2454418.777           17.8            4.5
    2454420.763           14.7            4.2
    2454440.653           -6.2            3.4
    2454443.651           15.4            3.6
    2454481.638            8.7            3.9
    2454503.651           13.5            4.3
    2454645.984            3.1            4.5
    2454646.968           -1.5            4.2
    2454668.009            3.7            3.7
    2454681.904           -8.0            3.8
     2454683.97           -7.3            3.8
    2454711.893           13.4            4.1
    2454713.873           14.1            4.2
    2454715.882           12.0            4.6
    2454716.875            2.2            4.1
    2454753.885           11.1            3.6
     2454755.85           14.2            3.8
    2454777.733           -5.2            4.1
    2454806.796           -7.8            5.5
     2454808.77          -10.9            4.3
    2454809.763           11.4            6.1
    2455026.973           -6.6            5.7
    2455063.965            9.0            5.0
    2455099.996           -2.6            4.9
    2455116.856           -2.9            6.8
    2455154.739           13.5            7.6
    2455174.788           -9.9            5.8
    2455364.972           19.7            5.0
    2455419.012           12.1            4.7
    2455446.847            8.5            3.6
    2455446.856            7.7            3.1
    2455463.833           -7.4            5.2
    2455466.842           11.1            4.8
    2455569.653            4.0            4.1
    2455571.713            3.5            4.6
    2455572.671            3.7            4.8
    2455621.621            1.9            4.6
    2455757.974            1.9            5.0
    2455803.919           16.1            4.3
    2455806.936           -0.9            4.3
    2455828.781           18.2            4.2
    2455831.849            6.2            5.1
    2455861.842            6.3            4.2
    2455864.796            7.8            4.4
    2455892.745            0.2            4.9
