    2451745.994           10.4            4.3
    2451778.895           -2.4            3.7
    2451808.867            3.5            3.6
    2451853.766            3.6            4.1
    2451856.801            2.9            4.6
    2451898.637            6.7            8.0
    2451932.609           12.9            3.9
    2452163.861           -1.1            4.9
    2452175.851           -1.5            4.0
    2452307.598            2.9            4.5
    2452465.989           10.1            5.3
    2452483.985            7.5            5.0
    2452494.987            3.2            5.0
    2452517.936           -1.8            5.2
     2452528.91            1.8            5.2
     2452530.91            0.6            4.5
    2452541.904           -2.4            4.5
    2452543.883            7.7            5.0
    2452559.914            9.1            6.4
    2452561.795            7.7            8.4
    2452571.791            6.3            5.0
     2452589.81           12.0            5.7
    2452603.782           -2.7            4.9
    2452605.724            6.4            4.8
    2452616.772            4.5            5.9
    2452665.604            3.6            4.2
    2452668.611            9.0            5.3
    2452837.972            5.0            5.4
    2452861.963            8.4            4.1
    2452863.985            3.5            5.2
    2452879.918           -4.1            4.2
    2452880.947            1.4            5.0
    2452898.911           -1.0            4.7
    2452900.928            4.7            4.8
    2452932.839            9.8            4.3
    2452934.804            2.4            4.6
    2452963.753            8.0            5.2
    2452965.809           -1.8            5.4
     2453022.63           12.0            5.6
     2453208.01            7.3            3.8
    2453209.978            3.0            3.7
    2453214.961            4.2            4.2
    2453231.961            8.2            4.0
    2453233.909           -0.4            3.9
     2453235.96            9.3            4.2
    2453265.899            1.9            3.8
    2453268.919           -1.6            4.0
     2453269.81            1.0            3.5
    2453286.828           10.8            3.8
    2453324.713            5.6            5.5
    2453354.654           -3.6            3.8
    2453400.642            5.8            7.5
    2453550.983           10.2            4.4
    2453578.964            7.5            4.6
    2453613.923            3.9            4.2
    2453654.771            3.3            4.1
    2453701.724            3.0            4.6
    2453740.745            7.1            4.7
    2453911.993            6.4            3.6
    2453917.013            8.0            3.9
    2453934.974            6.6            3.9
    2453968.925           -3.8            3.2
    2453981.851           -0.3            3.8
    2453985.899            4.0            4.0
    2454055.755            1.1            3.9
    2454297.975           10.9            4.1
    2454300.974            7.2            4.0
    2454314.939            2.4            3.6
    2454318.981           -0.6            4.2
    2454344.859            6.0            4.3
    2454348.917            5.5            4.0
    2454391.887           10.8            5.4
    2454394.775            9.3            4.2
    2454418.777            7.5            4.5
    2454420.763           -0.4            4.2
    2454440.653            0.2            3.4
    2454443.651           -2.2            3.6
    2454481.638            6.9            3.9
    2454503.651            8.0            4.3
    2454645.984            1.3            4.5
    2454646.968            4.8            4.2
    2454668.009            8.8            3.7
    2454681.904            2.1            3.8
     2454683.97            4.4            3.8
    2454711.893           -4.2            4.1
    2454713.873            5.3            4.2
    2454715.882           -1.5            4.6
    2454716.875            2.0            4.1
    2454753.885            6.2            3.6
     2454755.85            4.8            3.8
    2454777.733           -0.2            4.1
    2454806.796            4.0            5.5
     2454808.77           -1.4            4.3
    2454809.763           -0.6            6.1
    2455026.973            4.7            5.7
    2455063.965            6.3            5.0
    2455099.996            9.2            4.9
    2455116.856            4.2            6.8
    2455154.739            4.1            7.6
    2455174.788            0.8            5.8
    2455364.972            4.3            5.0
    2455419.012            4.5            4.7
    2455446.847           -0.3            3.6
    2455446.856           -0.9            3.1
    2455463.833            4.6            5.2
    2455466.842            1.9            4.8
    2455569.653            9.8            4.1
    2455571.713            1.7            4.6
    2455572.671            6.0            4.8
    2455621.621            0.1            4.6
    2455757.974            4.9            5.0
    2455803.919            3.1            4.3
    2455806.936            7.4            4.3
    2455828.781            2.6            4.2
    2455831.849            5.2            5.1
    2455861.842           10.9            4.2
    2455864.796            5.3            4.4
    2455892.745            8.6            4.9
