    2451745.994           -2.2            4.3
    2451778.895            2.9            3.7
    2451808.867            0.4            3.6
    2451853.766            3.8            4.1
    2451856.801            2.6            4.6
    2451898.637            6.3            8.0
    2451932.609           -6.9            3.9
    2452163.861           -3.0            4.9
    2452175.851            2.5            4.0
    2452307.598            1.0            4.5
    2452465.989            6.1            5.3
    2452483.985           -4.8            5.0
    2452494.987           -4.7            5.0
    2452517.936            3.9            5.2
     2452528.91            0.4            5.2
     2452530.91            8.4            4.5
    2452541.904           11.1            4.5
    2452543.883           -1.0            5.0
    2452559.914            0.5            6.4
    2452561.795           11.1            8.4
    2452571.791           10.6            5.0
     2452589.81           -0.6            5.7
    2452603.782           -1.3            4.9
    2452605.724            3.9            4.8
    2452616.772           15.0            5.9
    2452665.604           -0.5            4.2
    2452668.611           -3.0            5.3
    2452837.972            8.4            5.4
    2452861.963            9.2            4.1
    2452863.985            3.5            5.2
    2452879.918            0.3            4.2
    2452880.947            3.0            5.0
    2452898.911           -1.2            4.7
    2452900.928            2.9            4.8
    2452932.839            9.7            4.3
    2452934.804            1.0            4.6
    2452963.753            4.7            5.2
    2452965.809            4.9            5.4
     2453022.63            7.3            5.6
     2453208.01           16.4            3.8
    2453209.978            2.6            3.7
    2453214.961           -3.9            4.2
    2453231.961            2.0            4.0
    2453233.909            5.1            3.9
     2453235.96           -1.4            4.2
    2453265.899           -0.9            3.8
    2453268.919            9.9            4.0
     2453269.81            6.9            3.5
    2453286.828           10.2            3.8
    2453324.713           -0.1            5.5
    2453354.654            1.1            3.8
    2453400.642            3.5            7.5
    2453550.983           -4.9            4.4
    2453578.964            8.8            4.6
    2453613.923            9.6            4.2
    2453654.771            4.9            4.1
    2453701.724            0.6            4.6
    2453740.745           -4.7            4.7
    2453911.993           -3.4            3.6
    2453917.013           -6.2            3.9
    2453934.974            6.6            3.9
    2453968.925            6.1            3.2
    2453981.851           -7.9            3.8
    2453985.899            1.4            4.0
    2454055.755            5.5            3.9
    2454297.975            0.8            4.1
    2454300.974            6.8            4.0
    2454314.939            6.0            3.6
    2454318.981            1.4            4.2
    2454344.859           14.1            4.3
    2454348.917            1.4            4.0
    2454391.887            2.4            5.4
    2454394.775            4.8            4.2
    2454418.777           -0.5            4.5
    2454420.763           12.4            4.2
    2454440.653           14.4            3.4
    2454443.651            3.2            3.6
    2454481.638            2.4            3.9
    2454503.651            5.1            4.3
    2454645.984           13.0            4.5
    2454646.968            4.4            4.2
    2454668.009           -3.8            3.7
    2454681.904           12.0            3.8
     2454683.97            2.6            3.8
    2454711.893            4.7            4.1
    2454713.873           -3.9            4.2
    2454715.882            7.3            4.6
    2454716.875           -0.5            4.1
    2454753.885           -1.1            3.6
     2454755.85            8.3            3.8
    2454777.733            5.7            4.1
    2454806.796           10.9            5.5
     2454808.77           -1.0            4.3
    2454809.763            0.7            6.1
    2455026.973           16.8            5.7
    2455063.965           -4.9            5.0
    2455099.996           -0.9            4.9
    2455116.856           10.5            6.8
    2455154.739            1.8            7.6
    2455174.788            6.9            5.8
    2455364.972            5.5            5.0
    2455419.012           -1.8            4.7
    2455446.847            7.9            3.6
    2455446.856            7.4            3.1
    2455463.833            1.9            5.2
    2455466.842            4.4            4.8
    2455569.653           -0.7            4.1
    2455571.713            7.0            4.6
    2455572.671           14.9            4.8
    2455621.621            5.4            4.6
    2455757.974            8.9            5.0
    2455803.919           -0.5            4.3
    2455806.936           -2.5            4.3
    2455828.781           10.7            4.2
    2455831.849            7.6            5.1
    2455861.842            6.0            4.2
    2455864.796            1.8            4.4
    2455892.745            8.3            4.9
