    2451745.994            5.0            4.3
    2451778.895            0.6            3.7
    2451808.867            2.4            3.6
    2451853.766            5.3            4.1
    2451856.801           -6.4            4.6
    2451898.637            9.5            8.0
    2451932.609           12.3            3.9
    2452163.861            2.4            4.9
    2452175.851           -3.5            4.0
    2452307.598           -0.3            4.5
    2452465.989           10.0            5.3
    2452483.985            9.7            5.0
    2452494.987            4.0            5.0
    2452517.936            3.5            5.2
     2452528.91            4.3            5.2
     2452530.91            9.9            4.5
    2452541.904            1.5            4.5
    2452543.883            4.1            5.0
    2452559.914            2.1            6.4
    2452561.795            9.6            8.4
    2452571.791           -5.3            5.0
     2452589.81           10.5            5.7
    2452603.782           -5.7            4.9
    2452605.724            4.1            4.8
    2452616.772            7.0            5.9
    2452665.604           -4.9            4.2
    2452668.611            6.1            5.3
    2452837.972            6.3            5.4
    2452861.963            5.0            4.1
    2452863.985           -3.4            5.2
    2452879.918            7.5            4.2
    2452880.947            9.3            5.0
    2452898.911            3.6            4.7
    2452900.928           18.0            4.8
    2452932.839            3.6            4.3
    2452934.804            1.1            4.6
    2452963.753            8.8            5.2
    2452965.809            1.3            5.4
     2453022.63           12.2            5.6
     2453208.01           10.5            3.8
    2453209.978           -3.3            3.7
    2453214.961            2.4            4.2
    2453231.961           11.1            4.0
    2453233.909            1.0            3.9
     2453235.96           11.4            4.2
    2453265.899           12.4            3.8
    2453268.919           -2.8            4.0
     2453269.81            8.8            3.5
    2453286.828           12.3            3.8
    2453324.713           14.8            5.5
    2453354.654           -1.9            3.8
    2453400.642           -3.3            7.5
    2453550.983            7.8            4.4
    2453578.964            5.3            4.6
    2453613.923            1.4            4.2
    2453654.771            9.4            4.1
    2453701.724           13.4            4.6
    2453740.745            7.4            4.7
    2453911.993            5.3            3.6
    2453917.013           12.4            3.9
    2453934.974            0.4            3.9
    2453968.925           -3.5            3.2
    2453981.851            4.6            3.8
    2453985.899            6.2            4.0
    2454055.755           12.8            3.9
    2454297.975            6.0            4.1
    2454300.974           10.5            4.0
    2454314.939           -2.9            3.6
    2454318.981           -3.4            4.2
    2454344.859            1.1            4.3
    2454348.917           -2.4            4.0
    2454391.887            8.1            5.4
    2454394.775            9.6            4.2
    2454418.777            2.1            4.5
    2454420.763           -1.6            4.2
    2454440.653            8.1            3.4
    2454443.651            1.2            3.6
    2454481.638            1.8            3.9
    2454503.651            7.2            4.3
    2454645.984            5.7            4.5
    2454646.968            7.8            4.2
    2454668.009            4.4            3.7
    2454681.904           12.4            3.8
     2454683.97            1.9            3.8
    2454711.893           -0.3            4.1
    2454713.873           14.4            4.2
    2454715.882            4.4            4.6
    2454716.875            5.7            4.1
    2454753.885           -1.1            3.6
     2454755.85            1.2            3.8
    2454777.733            2.6            4.1
    2454806.796            7.4            5.5
     2454808.77           -4.7            4.3
    2454809.763            8.5            6.1
    2455026.973            3.8            5.7
    2455063.965           13.1            5.0
    2455099.996            0.9            4.9
    2455116.856            3.9            6.8
    2455154.739            4.5            7.6
    2455174.788           -2.4            5.8
    2455364.972           -4.0            5.0
    2455419.012           10.1            4.7
    2455446.847           -1.2            3.6
    2455446.856           -1.8            3.1
    2455463.833           13.8            5.2
    2455466.842           -0.0            4.8
    2455569.653            7.1            4.1
    2455571.713           -1.6            4.6
    2455572.671            9.0            4.8
    2455621.621            7.2            4.6
    2455757.974           -0.3            5.0
    2455803.919            9.9            4.3
    2455806.936           15.0            4.3
    2455828.781            3.2            4.2
    2455831.849            3.2            5.1
    2455861.842           13.6            4.2
    2455864.796           13.2            4.4
    2455892.745            5.9            4.9
