    2451745.994            1.9            4.3
    2451778.895           -0.5            3.7
    2451808.867           -0.9            3.6
    2451853.766           -0.4            4.1
    2451856.801           -1.6            4.6
    2451898.637           -4.9            8.0
    2451932.609            9.7            3.9
    2452163.861           11.8            4.9
    2452175.851            9.8            4.0
    2452307.598           -5.0            4.5
    2452465.989            8.0            5.3
    2452483.985           -2.0            5.0
    2452494.987            4.3            5.0
    2452517.936           15.7            5.2
     2452528.91            7.8            5.2
     2452530.91            0.0            4.5
    2452541.904            9.9            4.5
    2452543.883           10.3            5.0
    2452559.914           17.7            6.4
    2452561.795           17.9            8.4
    2452571.791            8.3            5.0
     2452589.81           17.4            5.7
    2452603.782            5.7            4.9
    2452605.724            5.7            4.8
    2452616.772           -7.6            5.9
    2452665.604           -0.5            4.2
    2452668.611           -5.2            5.3
    2452837.972           11.5            5.4
    2452861.963            3.0            4.1
    2452863.985            4.5            5.2
    2452879.918            7.9            4.2
    2452880.947           -2.9            5.0
    2452898.911           14.2            4.7
    2452900.928            3.3            4.8
    2452932.839            2.0            4.3
    2452934.804            5.9            4.6
    2452963.753            8.2            5.2
    2452965.809           -5.7            5.4
     2453022.63           18.6            5.6
     2453208.01            9.2            3.8
    2453209.978            5.9            3.7
    2453214.961            3.2            4.2
    2453231.961           -4.7            4.0
    2453233.909            1.5            3.9
     2453235.96            9.0            4.2
    2453265.899           13.6            3.8
    2453268.919           11.2            4.0
     2453269.81            0.6            3.5
    2453286.828            5.5            3.8
    2453324.713           11.6            5.5
    2453354.654           11.8            3.8
    2453400.642           11.1            7.5
    2453550.983            4.7            4.4
    2453578.964            6.5            4.6
    2453613.923           -1.7            4.2
    2453654.771            2.3            4.1
    2453701.724            8.5            4.6
    2453740.745           -2.0            4.7
    2453911.993           11.9            3.6
    2453917.013            5.9            3.9
    2453934.974            2.1            3.9
    2453968.925            6.5            3.2
    2453981.851            2.5            3.8
    2453985.899           -9.0            4.0
    2454055.755            1.5            3.9
    2454297.975           15.3            4.1
    2454300.974           11.2            4.0
    2454314.939            5.8            3.6
    2454318.981            7.7            4.2
    2454344.859           21.3            4.3
    2454348.917            3.4            4.0
    2454391.887           20.7            5.4
    2454394.775           -0.3            4.2
    2454418.777          -12.0            4.5
    2454420.763           -5.9            4.2
    2454440.653            5.8            3.4
    2454443.651            1.5            3.6
    2454481.638            3.9            3.9
    2454503.651            7.1            4.3
    2454645.984           -0.6            4.5
    2454646.968           16.0            4.2
    2454668.009            5.6            3.7
    2454681.904           10.0            3.8
     2454683.97            1.4            3.8
    2454711.893            4.5            4.1
    2454713.873           -1.9            4.2
    2454715.882           -1.9            4.6
    2454716.875           15.4            4.1
    2454753.885            1.9            3.6
     2454755.85           -6.4            3.8
    2454777.733           10.2            4.1
    2454806.796           11.0            5.5
     2454808.77           11.6            4.3
    2454809.763           -0.1            6.1
    2455026.973           10.9            5.7
    2455063.965            2.0            5.0
    2455099.996           -7.4            4.9
    2455116.856           17.2            6.8
    2455154.739           15.2            7.6
    2455174.788            1.3            5.8
    2455364.972            6.1            5.0
    2455419.012           19.1            4.7
    2455446.847           14.8            3.6
    2455446.856           14.5            3.1
    2455463.833           13.9            5.2
    2455466.842            3.8            4.8
    2455569.653           -6.0            4.1
    2455571.713           10.4            4.6
    2455572.671            5.2            4.8
    2455621.621            2.6            4.6
    2455757.974            3.0            5.0
    2455803.919           -2.1            4.3
    2455806.936           -4.4            4.3
    2455828.781            2.7            4.2
    2455831.849           -4.4            5.1
    2455861.842           14.4            4.2
    2455864.796           -1.4            4.4
    2455892.745           -1.5            4.9
