    2451745.994           17.8            4.3
    2451778.895           -3.0            3.7
    2451808.867           15.6            3.6
    2451853.766           -1.3            4.1
    2451856.801          -12.1            4.6
    2451898.637           19.8            8.0
    2451932.609           -5.0            3.9
    2452163.861           -1.7            4.9
    2452175.851            3.6            4.0
    2452307.598           16.8            4.5
    2452465.989          -16.3            5.3
    2452483.985           13.5            5.0
    2452494.987           -1.0            5.0
    2452517.936           -0.1            5.2
     2452528.91            4.5            5.2
     2452530.91           -2.4            4.5
    2452541.904            7.1            4.5
    2452543.883           -2.4            5.0
    2452559.914          -11.7            6.4
    2452561.795            8.2            8.4
    2452571.791          -12.7            5.0
     2452589.81           19.4            5.7
    2452603.782           10.9            4.9
    2452605.724           13.7            4.8
    2452616.772            9.0            5.9
    2452665.604           -6.3            4.2
    2452668.611           14.6            5.3
    2452837.972           20.9            5.4
    2452861.963            3.2            4.1
    2452863.985           13.5            5.2
    2452879.918           15.8            4.2
    2452880.947           14.0            5.0
    2452898.911            3.6            4.7
    2452900.928            9.0            4.8
    2452932.839            4.1            4.3
    2452934.804          -10.1            4.6
    2452963.753          -12.1            5.2
    2452965.809           -6.1            5.4
     2453022.63           14.8            5.6
     2453208.01          -15.2            3.8
    2453209.978          -12.1            3.7
    2453214.961           16.0            4.2
    2453231.961           11.1            4.0
    2453233.909           -1.9            3.9
     2453235.96           -5.5            4.2
    2453265.899            7.4            3.8
    2453268.919           11.0            4.0
     2453269.81            2.2            3.5
    2453286.828           -4.4            3.8
    2453324.713           -0.6            5.5
    2453354.654           -1.5            3.8
    2453400.642           20.2            7.5
    2453550.983           14.8            4.4
    2453578.964           23.9            4.6
    2453613.923           -8.8            4.2
    2453654.771            7.4            4.1
    2453701.724           -0.5            4.6
    2453740.745            9.8            4.7
    2453911.993           -9.2            3.6
    2453917.013           13.8            3.9
    2453934.974           -2.1            3.9
    2453968.925           12.3            3.2
    2453981.851           10.0            3.8
    2453985.899           10.4            4.0
    2454055.755          -14.3            3.9
    2454297.975           -0.6            4.1
    2454300.974          -16.0            4.0
    2454314.939          -14.9            3.6
    2454318.981            3.9            4.2
    2454344.859            2.9            4.3
    2454348.917           14.1            4.0
    2454391.887           -2.6            5.4
    2454394.775          -12.2            4.2
    2454418.777           -0.3            4.5
    2454420.763           -7.0            4.2
    2454440.653           14.8            3.4
    2454443.651            3.5            3.6
    2454481.638            6.1            3.9
    2454503.651            2.8            4.3
    2454645.984           13.4            4.5
    2454646.968            9.9            4.2
    2454668.009           -8.5            3.7
    2454681.904           -0.4            3.8
     2454683.97            9.6            3.8
    2454711.893           14.9            4.1
    2454713.873           16.3            4.2
    2454715.882           10.6            4.6
    2454716.875            5.4            4.1
    2454753.885            8.7            3.6
     2454755.85           -2.6            3.8
    2454777.733           23.1            4.1
    2454806.796           19.2            5.5
     2454808.77            9.4            4.3
    2454809.763            5.2            6.1
    2455026.973           10.7            5.7
    2455063.965           18.6            5.0
    2455099.996           -7.3            4.9
    2455116.856           23.6            6.8
    2455154.739           13.2            7.6
    2455174.788            3.3            5.8
    2455364.972            1.9            5.0
    2455419.012           13.5            4.7
    2455446.847           -7.9            3.6
    2455446.856           -8.2            3.1
    2455463.833            4.0            5.2
    2455466.842           14.8            4.8
    2455569.653            9.2            4.1
    2455571.713           12.8            4.6
    2455572.671           17.2            4.8
    2455621.621           -6.1            4.6
    2455757.974           -6.3            5.0
    2455803.919            6.9            4.3
    2455806.936           19.7            4.3
    2455828.781            9.7            4.2
    2455831.849           10.9            5.1
    2455861.842            6.7            4.2
    2455864.796           -8.8            4.4
    2455892.745          -12.3            4.9
