    2451745.994           -5.2            4.3
    2451778.895            4.5            3.7
    2451808.867           18.4            3.6
    2451853.766            4.6            4.1
    2451856.801           12.4            4.6
    2451898.637           13.2            8.0
    2451932.609           -3.9            3.9
    2452163.861           10.5            4.9
    2452175.851            5.9            4.0
    2452307.598            4.3            4.5
    2452465.989           15.4            5.3
    2452483.985           -1.8            5.0
    2452494.987           18.5            5.0
    2452517.936           -4.6            5.2
     2452528.91           10.7            5.2
     2452530.91           -8.2            4.5
    2452541.904            9.7            4.5
    2452543.883           -7.4            5.0
    2452559.914            5.7            6.4
    2452561.795            8.4            8.4
    2452571.791           12.5            5.0
     2452589.81            5.3            5.7
    2452603.782            7.3            4.9
    2452605.724            9.4            4.8
    2452616.772            6.9            5.9
    2452665.604           -2.6            4.2
    2452668.611          -11.1            5.3
    2452837.972           -2.1            5.4
    2452861.963            1.8            4.1
    2452863.985           -4.5            5.2
    2452879.918           10.6            4.2
    2452880.947           -4.7            5.0
    2452898.911           -2.1            4.7
    2452900.928           10.4            4.8
    2452932.839            2.6            4.3
    2452934.804           19.2            4.6
    2452963.753            6.3            5.2
    2452965.809           -3.4            5.4
     2453022.63            8.5            5.6
     2453208.01            6.4            3.8
    2453209.978            7.4            3.7
    2453214.961            3.2            4.2
    2453231.961           16.2            4.0
    2453233.909            2.9            3.9
     2453235.96            0.5            4.2
    2453265.899           11.0            3.8
    2453268.919            6.1            4.0
     2453269.81           -3.1            3.5
    2453286.828           -1.0            3.8
    2453324.713            0.4            5.5
    2453354.654            0.8            3.8
    2453400.642           11.6            7.5
    2453550.983            1.2            4.4
    2453578.964            6.8            4.6
    2453613.923            1.9            4.2
    2453654.771           -2.8            4.1
    2453701.724            2.7            4.6
    2453740.745           17.0            4.7
    2453911.993            0.2            3.6
    2453917.013           -7.9            3.9
    2453934.974            4.2            3.9
    2453968.925            7.5            3.2
    2453981.851            2.4            3.8
    2453985.899          -10.2            4.0
    2454055.755           21.3            3.9
    2454297.975           11.6            4.1
    2454300.974           -7.5            4.0
    2454314.939            4.7            3.6
    2454318.981            8.0            4.2
    2454344.859            9.7            4.3
    2454348.917            4.1            4.0
    2454391.887           11.5            5.4
    2454394.775            6.8            4.2
    2454418.777           18.5            4.5
    2454420.763           -7.6            4.2
    2454440.653           17.8            3.4
    2454443.651            2.8            3.6
    2454481.638           -4.4            3.9
    2454503.651           15.5            4.3
    2454645.984           -6.1            4.5
    2454646.968           14.1            4.2
    2454668.009           12.5            3.7
    2454681.904           14.8            3.8
     2454683.97            1.2            3.8
    2454711.893           10.4            4.1
    2454713.873            3.8            4.2
    2454715.882           16.7            4.6
    2454716.875            7.6            4.1
    2454753.885           -1.4            3.6
     2454755.85           12.8            3.8
    2454777.733            5.6            4.1
    2454806.796            3.3            5.5
     2454808.77            2.8            4.3
    2454809.763            4.0            6.1
    2455026.973            1.9            5.7
    2455063.965            0.6            5.0
    2455099.996           17.7            4.9
    2455116.856            7.6            6.8
    2455154.739            1.3            7.6
    2455174.788            5.3            5.8
    2455364.972            8.1            5.0
    2455419.012            8.0            4.7
    2455446.847            5.6            3.6
    2455446.856            4.7            3.1
    2455463.833            0.4            5.2
    2455466.842            7.5            4.8
    2455569.653           19.7            4.1
    2455571.713            5.4            4.6
    2455572.671           -3.8            4.8
    2455621.621           14.9            4.6
    2455757.974            3.3            5.0
    2455803.919            5.2            4.3
    2455806.936            4.7            4.3
    2455828.781           10.6            4.2
    2455831.849            5.4            5.1
    2455861.842           -4.0            4.2
    2455864.796            0.0            4.4
    2455892.745            8.6            4.9
