    2451745.994           -0.9            4.3
    2451778.895            9.0            3.7
    2451808.867           14.7            3.6
    2451853.766           17.2            4.1
    2451856.801            4.7            4.6
    2451898.637           19.1            8.0
    2451932.609            4.1            3.9
    2452163.861           10.6            4.9
    2452175.851          -12.7            4.0
    2452307.598           11.9            4.5
    2452465.989           11.9            5.3
    2452483.985            5.6            5.0
    2452494.987           -0.5            5.0
    2452517.936           10.3            5.2
     2452528.91           -0.6            5.2
     2452530.91          -10.1            4.5
    2452541.904           -2.9            4.5
    2452543.883           -2.5            5.0
    2452559.914            7.4            6.4
    2452561.795           18.8            8.4
    2452571.791           10.3            5.0
     2452589.81            0.1            5.7
    2452603.782            1.7            4.9
    2452605.724           -3.8            4.8
    2452616.772            8.3            5.9
    2452665.604           -4.9            4.2
    2452668.611          -13.9            5.3
    2452837.972           -4.3            5.4
    2452861.963           -4.8            4.1
    2452863.985            7.5            5.2
    2452879.918            4.8            4.2
    2452880.947            7.2            5.0
    2452898.911           -2.9            4.7
    2452900.928            9.4            4.8
    2452932.839           10.1            4.3
    2452934.804            8.0            4.6
    2452963.753            7.0            5.2
    2452965.809           13.2            5.4
     2453022.63            6.1            5.6
     2453208.01           13.5            3.8
    2453209.978            7.8            3.7
    2453214.961           -2.4            4.2
    2453231.961           -0.8            4.0
    2453233.909           -7.5            3.9
     2453235.96            0.1            4.2
    2453265.899           13.7            3.8
    2453268.919            1.7            4.0
     2453269.81           -5.1            3.5
    2453286.828            0.9            3.8
    2453324.713           12.0            5.5
    2453354.654            1.8            3.8
    2453400.642           14.0            7.5
    2453550.983           -7.4            4.4
    2453578.964            4.0            4.6
    2453613.923            0.9            4.2
    2453654.771            5.3            4.1
    2453701.724            0.3            4.6
    2453740.745           10.5            4.7
    2453911.993           -1.5            3.6
    2453917.013           -1.1            3.9
    2453934.974           -6.6            3.9
    2453968.925            3.8            3.2
    2453981.851            5.0            3.8
    2453985.899           -3.0            4.0
    2454055.755            1.2            3.9
    2454297.975            5.1            4.1
    2454300.974            8.4            4.0
    2454314.939           -5.7            3.6
    2454318.981           13.3            4.2
    2454344.859           12.4            4.3
    2454348.917           -1.7            4.0
    2454391.887            0.3            5.4
    2454394.775           13.2            4.2
    2454418.777           22.0            4.5
    2454420.763           10.7            4.2
    2454440.653            8.2            3.4
    2454443.651           -2.9            3.6
    2454481.638           -4.0            3.9
    2454503.651           13.9            4.3
    2454645.984           -0.2            4.5
    2454646.968           12.0            4.2
    2454668.009            8.0            3.7
    2454681.904           -1.8            3.8
     2454683.97            8.2            3.8
    2454711.893            9.1            4.1
    2454713.873            5.0            4.2
    2454715.882            5.2            4.6
    2454716.875           -1.8            4.1
    2454753.885            3.2            3.6
     2454755.85            9.0            3.8
    2454777.733            3.2            4.1
    2454806.796           -2.1            5.5
     2454808.77            1.2            4.3
    2454809.763            2.2            6.1
    2455026.973           -0.2            5.7
    2455063.965            2.9            5.0
    2455099.996            8.1            4.9
    2455116.856           -4.8            6.8
    2455154.739            1.0            7.6
    2455174.788            5.8            5.8
    2455364.972           15.5            5.0
    2455419.012            1.2            4.7
    2455446.847            3.8            3.6
    2455446.856            3.1            3.1
    2455463.833            2.4            5.2
    2455466.842           -0.6            4.8
    2455569.653            6.1            4.1
    2455571.713           14.1            4.6
    2455572.671            4.7            4.8
    2455621.621            1.5            4.6
    2455757.974            6.8            5.0
    2455803.919            2.7            4.3
    2455806.936            3.5            4.3
    2455828.781           16.0            4.2
    2455831.849           12.0            5.1
    2455861.842            1.1            4.2
    2455864.796           -0.5            4.4
    2455892.745            8.8            4.9
