    2451745.994           -4.2            4.3
    2451778.895            9.6            3.7
    2451808.867           11.2            3.6
    2451853.766            8.4            4.1
    2451856.801          -11.0            4.6
    2451898.637            3.7            8.0
    2451932.609           24.7            3.9
    2452163.861           -7.9            4.9
    2452175.851           -8.5            4.0
    2452307.598            2.4            4.5
    2452465.989           -1.3            5.3
    2452483.985           15.6            5.0
    2452494.987            2.4            5.0
    2452517.936           -5.0            5.2
     2452528.91           14.4            5.2
     2452530.91            1.7            4.5
    2452541.904            4.9            4.5
    2452543.883            0.5            5.0
    2452559.914           -6.4            6.4
    2452561.795           -3.0            8.4
    2452571.791           -6.0            5.0
     2452589.81           -1.5            5.7
    2452603.782            4.0            4.9
    2452605.724            7.5            4.8
    2452616.772            0.6            5.9
    2452665.604            8.5            4.2
    2452668.611           -7.0            5.3
    2452837.972           -0.3            5.4
    2452861.963            5.9            4.1
    2452863.985            1.4            5.2
    2452879.918            7.5            4.2
    2452880.947            3.2            5.0
    2452898.911           10.3            4.7
    2452900.928            3.3            4.8
    2452932.839           -5.5            4.3
    2452934.804            3.4            4.6
    2452963.753            1.7            5.2
    2452965.809            8.7            5.4
     2453022.63            6.0            5.6
     2453208.01           -8.6            3.8
    2453209.978           -9.6            3.7
    2453214.961           15.8            4.2
    2453231.961           12.9            4.0
    2453233.909            4.8            3.9
     2453235.96           -2.0            4.2
    2453265.899            2.5            3.8
    2453268.919            7.6            4.0
     2453269.81           17.7            3.5
    2453286.828            4.7            3.8
    2453324.713           17.7            5.5
    2453354.654           14.8            3.8
    2453400.642            0.3            7.5
    2453550.983            9.0            4.4
    2453578.964            8.1            4.6
    2453613.923           11.6            4.2
    2453654.771            6.5            4.1
    2453701.724            2.5            4.6
    2453740.745            6.8            4.7
    2453911.993           -2.5            3.6
    2453917.013            5.6            3.9
    2453934.974           11.9            3.9
    2453968.925           -2.9            3.2
    2453981.851          -10.3            3.8
    2453985.899            2.5            4.0
    2454055.755           19.6            3.9
    2454297.975            1.3            4.1
    2454300.974           -7.9            4.0
    2454314.939           -3.3            3.6
    2454318.981            7.7            4.2
    2454344.859           14.3            4.3
    2454348.917           12.6            4.0
    2454391.887          -10.0            5.4
    2454394.775           -3.5            4.2
    2454418.777           -3.9            4.5
    2454420.763           -6.1            4.2
    2454440.653            3.1            3.4
    2454443.651           17.5            3.6
    2454481.638           12.7            3.9
    2454503.651           -3.0            4.3
    2454645.984           -4.2            4.5
    2454646.968           -3.2            4.2
    2454668.009            2.6            3.7
    2454681.904           12.1            3.8
     2454683.97            1.8            3.8
    2454711.893           -4.2            4.1
    2454713.873            3.0            4.2
    2454715.882           14.4            4.6
    2454716.875           12.3            4.1
    2454753.885           -6.1            3.6
     2454755.85            2.7            3.8
    2454777.733           -5.5            4.1
    2454806.796           -2.4            5.5
     2454808.77           -1.6            4.3
    2454809.763            2.5            6.1
    2455026.973            5.1            5.7
    2455063.965           18.1            5.0
    2455099.996           13.8            4.9
    2455116.856           14.9            6.8
    2455154.739           11.4            7.6
    2455174.788           10.4            5.8
    2455364.972            6.5            5.0
    2455419.012           15.1            4.7
    2455446.847           -0.2            3.6
    2455446.856            0.1            3.1
    2455463.833           19.2            5.2
    2455466.842            0.2            4.8
    2455569.653            4.6            4.1
    2455571.713           13.6            4.6
    2455572.671           23.8            4.8
    2455621.621            5.2            4.6
    2455757.974           -0.6            5.0
    2455803.919           -5.1            4.3
    2455806.936           21.4            4.3
    2455828.781           -6.2            4.2
    2455831.849            9.7            5.1
    2455861.842           15.6            4.2
    2455864.796            5.8            4.4
    2455892.745           -1.4            4.9
