    2451745.994           22.3            4.3
    2451778.895           17.1            3.7
    2451808.867           20.6            3.6
    2451853.766            5.0            4.1
    2451856.801            5.5            4.6
    2451898.637          -13.5            8.0
    2451932.609          -12.9            3.9
    2452163.861           14.3            4.9
    2452175.851           11.6            4.0
    2452307.598          -10.3            4.5
    2452465.989           24.7            5.3
    2452483.985           15.9            5.0
    2452494.987           26.7            5.0
    2452517.936           23.6            5.2
     2452528.91           21.0            5.2
     2452530.91           23.5            4.5
    2452541.904           17.7            4.5
    2452543.883           23.2            5.0
    2452559.914           26.7            6.4
    2452561.795           10.0            8.4
    2452571.791            8.8            5.0
     2452589.81            8.5            5.7
    2452603.782            7.6            4.9
    2452605.724           -3.8            4.8
    2452616.772            8.3            5.9
    2452665.604           -6.4            4.2
    2452668.611          -11.8            5.3
    2452837.972           26.8            5.4
    2452861.963           16.9            4.1
    2452863.985           21.4            5.2
    2452879.918           25.8            4.2
    2452880.947           26.9            5.0
    2452898.911           17.7            4.7
    2452900.928           27.2            4.8
    2452932.839            9.6            4.3
    2452934.804            6.7            4.6
    2452963.753            2.1            5.2
    2452965.809           15.8            5.4
     2453022.63           -4.6            5.6
     2453208.01           23.0            3.8
    2453209.978           20.5            3.7
    2453214.961           24.4            4.2
    2453231.961           20.5            4.0
    2453233.909           13.4            3.9
     2453235.96           25.0            4.2
    2453265.899           23.7            3.8
    2453268.919           14.8            4.0
     2453269.81            4.7            3.5
    2453286.828           15.8            3.8
    2453324.713            1.6            5.5
    2453354.654          -15.9            3.8
    2453400.642           -2.4            7.5
    2453550.983           24.6            4.4
    2453578.964           24.9            4.6
    2453613.923           20.7            4.2
    2453654.771            1.3            4.1
    2453701.724            4.5            4.6
    2453740.745           -4.0            4.7
    2453911.993           15.6            3.6
    2453917.013           22.5            3.9
    2453934.974           19.4            3.9
    2453968.925           13.5            3.2
    2453981.851           14.8            3.8
    2453985.899           21.0            4.0
    2454055.755           -0.9            3.9
    2454297.975           16.5            4.1
    2454300.974           25.3            4.0
    2454314.939           25.1            3.6
    2454318.981           17.4            4.2
    2454344.859           18.0            4.3
    2454348.917           16.5            4.0
    2454391.887           16.5            5.4
    2454394.775           10.3            4.2
    2454418.777            0.7            4.5
    2454420.763            4.3            4.2
    2454440.653          -14.2            3.4
    2454443.651           -4.5            3.6
    2454481.638           -9.4            3.9
    2454503.651           -9.0            4.3
    2454645.984           18.2            4.5
    2454646.968           14.4            4.2
    2454668.009           16.0            3.7
    2454681.904           14.5            3.8
     2454683.97           15.6            3.8
    2454711.893           14.7            4.1
    2454713.873           20.0            4.2
    2454715.882           25.0            4.6
    2454716.875           19.6            4.1
    2454753.885           12.1            3.6
     2454755.85           12.6            3.8
    2454777.733            1.4            4.1
    2454806.796            8.5            5.5
     2454808.77            5.9            4.3
    2454809.763            2.9            6.1
    2455026.973           18.9            5.7
    2455063.965           23.8            5.0
    2455099.996           28.9            4.9
    2455116.856           19.2            6.8
    2455154.739           -1.3            7.6
    2455174.788            2.6            5.8
    2455364.972           25.2            5.0
    2455419.012           18.6            4.7
    2455446.847            9.1            3.6
    2455446.856            9.4            3.1
    2455463.833           15.5            5.2
    2455466.842           12.7            4.8
    2455569.653          -12.6            4.1
    2455571.713            1.4            4.6
    2455572.671           -2.7            4.8
    2455621.621           -1.3            4.6
    2455757.974           25.7            5.0
    2455803.919           13.6            4.3
    2455806.936           24.4            4.3
    2455828.781           11.9            4.2
    2455831.849           12.5            5.1
    2455861.842            7.2            4.2
    2455864.796           11.0            4.4
    2455892.745            4.2            4.9
