    2451745.994           -2.4            4.3
    2451778.895            1.3            3.7
    2451808.867            2.8            3.6
    2451853.766           -5.6            4.1
    2451856.801           -8.0            4.6
    2451898.637            4.9            8.0
    2451932.609           18.3            3.9
    2452163.861            6.0            4.9
    2452175.851           -1.0            4.0
    2452307.598           -2.6            4.5
    2452465.989            4.8            5.3
    2452483.985            7.1            5.0
    2452494.987           16.1            5.0
    2452517.936           12.5            5.2
     2452528.91           -1.5            5.2
     2452530.91            6.3            4.5
    2452541.904           -3.0            4.5
    2452543.883           -1.8            5.0
    2452559.914            6.5            6.4
    2452561.795           16.1            8.4
    2452571.791           -0.3            5.0
     2452589.81           -1.0            5.7
    2452603.782           11.6            4.9
    2452605.724            9.8            4.8
    2452616.772           -3.7            5.9
    2452665.604           -5.4            4.2
    2452668.611            3.9            5.3
    2452837.972           11.2            5.4
    2452861.963            2.3            4.1
    2452863.985           -1.6            5.2
    2452879.918           11.6            4.2
    2452880.947           11.7            5.0
    2452898.911           -6.9            4.7
    2452900.928           -4.8            4.8
    2452932.839           -6.5            4.3
    2452934.804           -2.2            4.6
    2452963.753           -1.9            5.2
    2452965.809            5.0            5.4
     2453022.63           -2.0            5.6
     2453208.01           10.8            3.8
    2453209.978           11.7            3.7
    2453214.961            1.4            4.2
    2453231.961           -4.9            4.0
    2453233.909           -3.1            3.9
     2453235.96           -7.9            4.2
    2453265.899           16.5            3.8
    2453268.919            0.6            4.0
     2453269.81            5.3            3.5
    2453286.828            8.2            3.8
    2453324.713           11.0            5.5
    2453354.654           -2.9            3.8
    2453400.642           -0.5            7.5
    2453550.983           -1.0            4.4
    2453578.964            5.3            4.6
    2453613.923          -10.3            4.2
    2453654.771           13.4            4.1
    2453701.724           -3.7            4.6
    2453740.745           10.8            4.7
    2453911.993            8.5            3.6
    2453917.013            0.2            3.9
    2453934.974           13.5            3.9
    2453968.925            2.6            3.2
    2453981.851           -4.2            3.8
    2453985.899           -7.0            4.0
    2454055.755           13.9            3.9
    2454297.975            6.5            4.1
    2454300.974           10.1            4.0
    2454314.939            3.8            3.6
    2454318.981           -0.9            4.2
    2454344.859            9.1            4.3
    2454348.917           12.1            4.0
    2454391.887            3.0            5.4
    2454394.775           18.2            4.2
    2454418.777           -8.1            4.5
    2454420.763           -6.6            4.2
    2454440.653           12.6            3.4
    2454443.651           -2.2            3.6
    2454481.638           -2.2            3.9
    2454503.651            8.3            4.3
    2454645.984            4.3            4.5
    2454646.968            5.6            4.2
    2454668.009            0.8            3.7
    2454681.904            0.6            3.8
     2454683.97           -3.7            3.8
    2454711.893            5.0            4.1
    2454713.873            0.2            4.2
    2454715.882            1.3            4.6
    2454716.875            8.4            4.1
    2454753.885            8.1            3.6
     2454755.85            5.8            3.8
    2454777.733           11.0            4.1
    2454806.796            3.0            5.5
     2454808.77            8.4            4.3
    2454809.763           -7.2            6.1
    2455026.973           -2.1            5.7
    2455063.965            3.9            5.0
    2455099.996            0.8            4.9
    2455116.856            5.8            6.8
    2455154.739            5.1            7.6
    2455174.788           -0.9            5.8
    2455364.972            6.6            5.0
    2455419.012            5.8            4.7
    2455446.847            1.9            3.6
    2455446.856            1.2            3.1
    2455463.833           -6.2            5.2
    2455466.842            8.1            4.8
    2455569.653            7.0            4.1
    2455571.713            7.5            4.6
    2455572.671           -0.8            4.8
    2455621.621            8.0            4.6
    2455757.974           -4.3            5.0
    2455803.919            0.4            4.3
    2455806.936            1.5            4.3
    2455828.781           12.7            4.2
    2455831.849            3.8            5.1
    2455861.842           14.3            4.2
    2455864.796            2.0            4.4
    2455892.745            3.4            4.9
