    2451745.994            8.0            4.3
    2451778.895            6.7            3.7
    2451808.867           -6.2            3.6
    2451853.766            1.3            4.1
    2451856.801            6.3            4.6
    2451898.637           11.5            8.0
    2451932.609            3.7            3.9
    2452163.861            7.9            4.9
    2452175.851           10.5            4.0
    2452307.598           -3.9            4.5
    2452465.989            8.9            5.3
    2452483.985           -1.2            5.0
    2452494.987            6.9            5.0
    2452517.936           10.0            5.2
     2452528.91            7.9            5.2
     2452530.91            2.5            4.5
    2452541.904           -0.0            4.5
    2452543.883           -4.8            5.0
    2452559.914            6.8            6.4
    2452561.795            5.2            8.4
    2452571.791            6.1            5.0
     2452589.81           12.7            5.7
    2452603.782            5.0            4.9
    2452605.724            3.5            4.8
    2452616.772            9.6            5.9
    2452665.604            2.3            4.2
    2452668.611            9.0            5.3
    2452837.972            6.8            5.4
    2452861.963            4.2            4.1
    2452863.985            7.7            5.2
    2452879.918            5.6            4.2
    2452880.947            9.3            5.0
    2452898.911            6.9            4.7
    2452900.928            2.0            4.8
    2452932.839            2.4            4.3
    2452934.804            9.6            4.6
    2452963.753            8.8            5.2
    2452965.809           12.0            5.4
     2453022.63            4.9            5.6
     2453208.01            6.0            3.8
    2453209.978           10.2            3.7
    2453214.961            9.3            4.2
    2453231.961            2.9            4.0
    2453233.909            4.5            3.9
     2453235.96            0.4            4.2
    2453265.899            5.3            3.8
    2453268.919            7.8            4.0
     2453269.81            7.4            3.5
    2453286.828            0.9            3.8
    2453324.713            9.6            5.5
    2453354.654            5.7            3.8
    2453400.642            2.6            7.5
    2453550.983           -1.2            4.4
    2453578.964            2.7            4.6
    2453613.923            3.1            4.2
    2453654.771            4.8            4.1
    2453701.724            2.6            4.6
    2453740.745            1.4            4.7
    2453911.993            0.5            3.6
    2453917.013            4.0            3.9
    2453934.974           -1.8            3.9
    2453968.925            4.0            3.2
    2453981.851            6.1            3.8
    2453985.899           13.4            4.0
    2454055.755            1.3            3.9
    2454297.975           -2.3            4.1
    2454300.974            7.4            4.0
    2454314.939            6.6            3.6
    2454318.981            9.1            4.2
    2454344.859            9.5            4.3
    2454348.917            0.7            4.0
    2454391.887            3.2            5.4
    2454394.775           -0.2            4.2
    2454418.777            3.3            4.5
    2454420.763            1.0            4.2
    2454440.653            7.7            3.4
    2454443.651            1.1            3.6
    2454481.638            6.6            3.9
    2454503.651           -4.4            4.3
    2454645.984            1.6            4.5
    2454646.968            2.8            4.2
    2454668.009           -0.5            3.7
    2454681.904            1.4            3.8
     2454683.97            4.5            3.8
    2454711.893            0.6            4.1
    2454713.873           11.3            4.2
    2454715.882           11.4            4.6
    2454716.875            8.2            4.1
    2454753.885           -5.2            3.6
     2454755.85            6.2            3.8
    2454777.733            0.5            4.1
    2454806.796            0.2            5.5
     2454808.77           -2.6            4.3
    2454809.763            0.2            6.1
    2455026.973           -1.5            5.7
    2455063.965            7.8            5.0
    2455099.996            0.7            4.9
    2455116.856           13.7            6.8
    2455154.739            3.5            7.6
    2455174.788           10.1            5.8
    2455364.972           10.3            5.0
    2455419.012           10.5            4.7
    2455446.847            3.5            3.6
    2455446.856            3.0            3.1
    2455463.833            3.3            5.2
    2455466.842            9.0            4.8
    2455569.653            7.9            4.1
    2455571.713            9.6            4.6
    2455572.671            5.1            4.8
    2455621.621           -6.2            4.6
    2455757.974            4.8            5.0
    2455803.919           -3.5            4.3
    2455806.936           10.3            4.3
    2455828.781           -3.0            4.2
    2455831.849            7.2            5.1
    2455861.842            7.9            4.2
    2455864.796            3.4            4.4
    2455892.745           14.2            4.9
