    2451745.994           23.0            4.3
    2451778.895           13.4            3.7
    2451808.867           -4.5            3.6
    2451853.766            7.4            4.1
    2451856.801           -4.9            4.6
    2451898.637           13.1            8.0
    2451932.609           16.9            3.9
    2452163.861           -1.5            4.9
    2452175.851           24.2            4.0
    2452307.598           24.2            4.5
    2452465.989          -11.0            5.3
    2452483.985           20.6            5.0
    2452494.987            9.5            5.0
    2452517.936           11.1            5.2
     2452528.91           -5.9            5.2
     2452530.91           -7.2            4.5
    2452541.904            7.6            4.5
    2452543.883            9.9            5.0
    2452559.914            8.3            6.4
    2452561.795           24.8            8.4
    2452571.791           -4.9            5.0
     2452589.81          -13.7            5.7
    2452603.782           -4.9            4.9
    2452605.724           -7.1            4.8
    2452616.772           10.0            5.9
    2452665.604            0.1            4.2
    2452668.611            2.9            5.3
    2452837.972           18.6            5.4
    2452861.963           11.6            4.1
    2452863.985           19.0            5.2
    2452879.918           20.8            4.2
    2452880.947           -6.1            5.0
    2452898.911            1.8            4.7
    2452900.928           -1.4            4.8
    2452932.839           -9.2            4.3
    2452934.804            3.4            4.6
    2452963.753            7.4            5.2
    2452965.809           14.8            5.4
     2453022.63           11.4            5.6
     2453208.01           15.3            3.8
    2453209.978          -18.0            3.7
    2453214.961            7.5            4.2
    2453231.961           13.0            4.0
    2453233.909            3.1            3.9
     2453235.96          -12.3            4.2
    2453265.899           10.9            3.8
    2453268.919            8.6            4.0
     2453269.81           -8.4            3.5
    2453286.828            6.3            3.8
    2453324.713           21.0            5.5
    2453354.654           12.8            3.8
    2453400.642            3.4            7.5
    2453550.983           -4.9            4.4
    2453578.964           12.8            4.6
    2453613.923          -14.9            4.2
    2453654.771          -13.0            4.1
    2453701.724           20.3            4.6
    2453740.745            5.8            4.7
    2453911.993           27.4            3.6
    2453917.013           -5.0            3.9
    2453934.974            6.2            3.9
    2453968.925            6.9            3.2
    2453981.851            2.1            3.8
    2453985.899           29.1            4.0
    2454055.755           -5.3            3.9
    2454297.975            9.2            4.1
    2454300.974            3.5            4.0
    2454314.939           14.0            3.6
    2454318.981            9.9            4.2
    2454344.859            6.4            4.3
    2454348.917           18.4            4.0
    2454391.887           -9.1            5.4
    2454394.775            7.3            4.2
    2454418.777          -17.8            4.5
    2454420.763           17.7            4.2
    2454440.653           -4.1            3.4
    2454443.651           -8.2            3.6
    2454481.638           -2.6            3.9
    2454503.651           -6.0            4.3
    2454645.984          -18.5            4.5
    2454646.968          -14.1            4.2
    2454668.009           10.2            3.7
    2454681.904           25.1            3.8
     2454683.97           -4.3            3.8
    2454711.893           -0.2            4.1
    2454713.873          -19.2            4.2
    2454715.882           20.9            4.6
    2454716.875            2.0            4.1
    2454753.885           -2.6            3.6
     2454755.85            1.4            3.8
    2454777.733          -16.2            4.1
    2454806.796            0.2            5.5
     2454808.77           22.9            4.3
    2454809.763           19.2            6.1
    2455026.973           13.8            5.7
    2455063.965            8.1            5.0
    2455099.996            2.2            4.9
    2455116.856            3.0            6.8
    2455154.739           -4.2            7.6
    2455174.788            1.0            5.8
    2455364.972          -14.8            5.0
    2455419.012           17.8            4.7
    2455446.847            5.8            3.6
    2455446.856            5.2            3.1
    2455463.833           26.3            5.2
    2455466.842           -0.8            4.8
    2455569.653          -10.2            4.1
    2455571.713           19.0            4.6
    2455572.671           19.2            4.8
    2455621.621           23.8            4.6
    2455757.974            8.7            5.0
    2455803.919            3.2            4.3
    2455806.936            9.1            4.3
    2455828.781          -14.8            4.2
    2455831.849            3.1            5.1
    2455861.842          -15.0            4.2
    2455864.796           16.1            4.4
    2455892.745            3.3            4.9
