    2451745.994            6.5            4.3
    2451778.895            0.5            3.7
    2451808.867           -0.1            3.6
    2451853.766            1.0            4.1
    2451856.801            8.4            4.6
    2451898.637            7.7            8.0
    2451932.609            1.8            3.9
    2452163.861            8.1            4.9
    2452175.851           -0.3            4.0
    2452307.598            6.9            4.5
    2452465.989           -1.8            5.3
    2452483.985           -2.5            5.0
    2452494.987            4.5            5.0
    2452517.936            8.2            5.2
     2452528.91            3.1            5.2
     2452530.91            5.6            4.5
    2452541.904           11.3            4.5
    2452543.883           11.0            5.0
    2452559.914           11.0            6.4
    2452561.795           15.3            8.4
    2452571.791            8.0            5.0
     2452589.81            6.0            5.7
    2452603.782            2.5            4.9
    2452605.724            6.6            4.8
    2452616.772            4.2            5.9
    2452665.604            0.4            4.2
    2452668.611            9.5            5.3
    2452837.972            6.6            5.4
    2452861.963            4.0            4.1
    2452863.985            5.4            5.2
    2452879.918            5.5            4.2
    2452880.947            2.1            5.0
    2452898.911            1.7            4.7
    2452900.928            0.8            4.8
    2452932.839            2.1            4.3
    2452934.804           -2.6            4.6
    2452963.753           -1.0            5.2
    2452965.809            7.6            5.4
     2453022.63           12.9            5.6
     2453208.01            2.8            3.8
    2453209.978            8.2            3.7
    2453214.961           -0.8            4.2
    2453231.961            0.2            4.0
    2453233.909           -3.3            3.9
     2453235.96            3.4            4.2
    2453265.899            3.7            3.8
    2453268.919           -3.5            4.0
     2453269.81           -4.9            3.5
    2453286.828            0.5            3.8
    2453324.713            5.5            5.5
    2453354.654            9.5            3.8
    2453400.642            9.4            7.5
    2453550.983            0.9            4.4
    2453578.964            1.8            4.6
    2453613.923            1.1            4.2
    2453654.771            9.8            4.1
    2453701.724            0.2            4.6
    2453740.745           -1.2            4.7
    2453911.993           -3.6            3.6
    2453917.013            4.5            3.9
    2453934.974            6.7            3.9
    2453968.925            9.2            3.2
    2453981.851            3.0            3.8
    2453985.899            9.1            4.0
    2454055.755           -3.7            3.9
    2454297.975            5.6            4.1
    2454300.974            6.7            4.0
    2454314.939            5.6            3.6
    2454318.981            3.0            4.2
    2454344.859           -1.9            4.3
    2454348.917            7.9            4.0
    2454391.887            2.2            5.4
    2454394.775            5.0            4.2
    2454418.777            6.2            4.5
    2454420.763            8.4            4.2
    2454440.653            9.2            3.4
    2454443.651            2.2            3.6
    2454481.638            3.7            3.9
    2454503.651            4.8            4.3
    2454645.984            8.2            4.5
    2454646.968            9.0            4.2
    2454668.009           -1.3            3.7
    2454681.904            3.7            3.8
     2454683.97            3.6            3.8
    2454711.893            3.9            4.1
    2454713.873           -2.3            4.2
    2454715.882           -1.1            4.6
    2454716.875            1.7            4.1
    2454753.885            8.3            3.6
     2454755.85           11.7            3.8
    2454777.733            3.3            4.1
    2454806.796            6.3            5.5
     2454808.77            7.6            4.3
    2454809.763           11.7            6.1
    2455026.973            7.3            5.7
    2455063.965            8.7            5.0
    2455099.996           10.6            4.9
    2455116.856           11.6            6.8
    2455154.739            4.1            7.6
    2455174.788           -2.5            5.8
    2455364.972           -1.6            5.0
    2455419.012            2.0            4.7
    2455446.847            0.4            3.6
    2455446.856           -0.1            3.1
    2455463.833           -2.3            5.2
    2455466.842            3.0            4.8
    2455569.653            9.7            4.1
    2455571.713            2.6            4.6
    2455572.671            4.0            4.8
    2455621.621            7.9            4.6
    2455757.974           11.9            5.0
    2455803.919            2.7            4.3
    2455806.936           -4.9            4.3
    2455828.781            4.8            4.2
    2455831.849            3.3            5.1
    2455861.842            1.2            4.2
    2455864.796            8.8            4.4
    2455892.745           11.5            4.9
