    2451745.994           19.8            4.3
    2451778.895           -1.1            3.7
    2451808.867           -3.4            3.6
    2451853.766           11.4            4.1
    2451856.801           -8.6            4.6
    2451898.637            1.1            8.0
    2451932.609            8.3            3.9
    2452163.861           13.4            4.9
    2452175.851            9.8            4.0
    2452307.598           -2.2            4.5
    2452465.989            9.3            5.3
    2452483.985           12.5            5.0
    2452494.987            4.4            5.0
    2452517.936            4.0            5.2
     2452528.91            3.2            5.2
     2452530.91            7.6            4.5
    2452541.904            0.3            4.5
    2452543.883           15.2            5.0
    2452559.914           -4.7            6.4
    2452561.795           18.9            8.4
    2452571.791            7.9            5.0
     2452589.81           -1.3            5.7
    2452603.782           -3.7            4.9
    2452605.724           10.4            4.8
    2452616.772            1.7            5.9
    2452665.604            8.6            4.2
    2452668.611            6.9            5.3
    2452837.972            0.0            5.4
    2452861.963           14.4            4.1
    2452863.985           13.4            5.2
    2452879.918           11.2            4.2
    2452880.947           11.1            5.0
    2452898.911           21.9            4.7
    2452900.928            6.0            4.8
    2452932.839            4.7            4.3
    2452934.804            7.6            4.6
    2452963.753            2.2            5.2
    2452965.809           -4.8            5.4
     2453022.63            3.6            5.6
     2453208.01            7.5            3.8
    2453209.978           -1.4            3.7
    2453214.961            4.3            4.2
    2453231.961           -1.3            4.0
    2453233.909           -4.9            3.9
     2453235.96           20.0            4.2
    2453265.899           11.2            3.8
    2453268.919           -2.7            4.0
     2453269.81            7.9            3.5
    2453286.828           -6.3            3.8
    2453324.713            3.4            5.5
    2453354.654            1.1            3.8
    2453400.642            4.9            7.5
    2453550.983            8.8            4.4
    2453578.964           18.6            4.6
    2453613.923           12.7            4.2
    2453654.771           -2.1            4.1
    2453701.724           -3.3            4.6
    2453740.745           14.5            4.7
    2453911.993           -0.2            3.6
    2453917.013           -6.0            3.9
    2453934.974            0.1            3.9
    2453968.925            7.4            3.2
    2453981.851           -3.9            3.8
    2453985.899           12.3            4.0
    2454055.755            1.4            3.9
    2454297.975            4.6            4.1
    2454300.974            7.0            4.0
    2454314.939            2.8            3.6
    2454318.981           -2.0            4.2
    2454344.859           13.8            4.3
    2454348.917            9.3            4.0
    2454391.887            3.5            5.4
    2454394.775           12.7            4.2
    2454418.777            9.7            4.5
    2454420.763          -10.2            4.2
    2454440.653           12.0            3.4
    2454443.651           13.2            3.6
    2454481.638           -4.4            3.9
    2454503.651            6.2            4.3
    2454645.984          -10.8            4.5
    2454646.968            1.9            4.2
    2454668.009           -9.1            3.7
    2454681.904            8.0            3.8
     2454683.97           15.3            3.8
    2454711.893           -3.3            4.1
    2454713.873            0.4            4.2
    2454715.882            9.8            4.6
    2454716.875           -0.6            4.1
    2454753.885            5.6            3.6
     2454755.85           23.4            3.8
    2454777.733            8.8            4.1
    2454806.796          -13.7            5.5
     2454808.77            4.9            4.3
    2454809.763            4.3            6.1
    2455026.973            4.7            5.7
    2455063.965            0.5            5.0
    2455099.996            1.4            4.9
    2455116.856           15.7            6.8
    2455154.739            6.1            7.6
    2455174.788           -0.2            5.8
    2455364.972            2.3            5.0
    2455419.012            9.9            4.7
    2455446.847            2.3            3.6
    2455446.856            1.9            3.1
    2455463.833            9.3            5.2
    2455466.842           13.1            4.8
    2455569.653            6.0            4.1
    2455571.713           19.0            4.6
    2455572.671           14.3            4.8
    2455621.621            7.5            4.6
    2455757.974            9.1            5.0
    2455803.919           13.0            4.3
    2455806.936           10.4            4.3
    2455828.781           10.8            4.2
    2455831.849           12.4            5.1
    2455861.842           21.8            4.2
    2455864.796            4.8            4.4
    2455892.745           10.5            4.9
