    2451745.994            4.5            4.3
    2451778.895          -14.5            3.7
    2451808.867           17.8            3.6
    2451853.766           -9.1            4.1
    2451856.801           -3.3            4.6
    2451898.637           28.9            8.0
    2451932.609           18.4            3.9
    2452163.861            9.6            4.9
    2452175.851           -3.5            4.0
    2452307.598           -9.1            4.5
    2452465.989           15.6            5.3
    2452483.985           11.1            5.0
    2452494.987           15.2            5.0
    2452517.936           18.8            5.2
     2452528.91            1.3            5.2
     2452530.91           23.2            4.5
    2452541.904            3.5            4.5
    2452543.883           15.2            5.0
    2452559.914            3.4            6.4
    2452561.795           20.1            8.4
    2452571.791           12.2            5.0
     2452589.81           14.5            5.7
    2452603.782            8.0            4.9
    2452605.724           19.0            4.8
    2452616.772           -1.8            5.9
    2452665.604            2.6            4.2
    2452668.611           -7.3            5.3
    2452837.972           17.6            5.4
    2452861.963           -4.6            4.1
    2452863.985           23.6            5.2
    2452879.918            6.1            4.2
    2452880.947            5.4            5.0
    2452898.911           -5.5            4.7
    2452900.928          -10.4            4.8
    2452932.839            3.8            4.3
    2452934.804          -10.6            4.6
    2452963.753           12.0            5.2
    2452965.809          -14.4            5.4
     2453022.63           -7.9            5.6
     2453208.01           -9.5            3.8
    2453209.978            0.7            3.7
    2453214.961           10.0            4.2
    2453231.961           -1.6            4.0
    2453233.909          -16.2            3.9
     2453235.96            1.7            4.2
    2453265.899           13.5            3.8
    2453268.919           24.8            4.0
     2453269.81           -7.4            3.5
    2453286.828           23.1            3.8
    2453324.713            4.6            5.5
    2453354.654           -8.4            3.8
    2453400.642           19.6            7.5
    2453550.983           -4.7            4.4
    2453578.964           10.8            4.6
    2453613.923            9.5            4.2
    2453654.771          -13.9            4.1
    2453701.724           19.2            4.6
    2453740.745           24.9            4.7
    2453911.993           -2.8            3.6
    2453917.013            0.5            3.9
    2453934.974            9.5            3.9
    2453968.925           -4.4            3.2
    2453981.851          -11.9            3.8
    2453985.899           24.2            4.0
    2454055.755           18.5            3.9
    2454297.975           13.8            4.1
    2454300.974           21.2            4.0
    2454314.939          -20.0            3.6
    2454318.981           17.8            4.2
    2454344.859           19.7            4.3
    2454348.917           -8.2            4.0
    2454391.887           -2.8            5.4
    2454394.775           -5.9            4.2
    2454418.777            7.2            4.5
    2454420.763          -16.1            4.2
    2454440.653            7.0            3.4
    2454443.651          -13.3            3.6
    2454481.638           10.2            3.9
    2454503.651           -9.2            4.3
    2454645.984           15.9            4.5
    2454646.968            9.3            4.2
    2454668.009           -0.1            3.7
    2454681.904            0.8            3.8
     2454683.97           -5.9            3.8
    2454711.893           -3.2            4.1
    2454713.873           11.1            4.2
    2454715.882           16.3            4.6
    2454716.875            1.8            4.1
    2454753.885          -12.9            3.6
     2454755.85           -6.8            3.8
    2454777.733           20.5            4.1
    2454806.796           21.6            5.5
     2454808.77           16.2            4.3
    2454809.763            0.6            6.1
    2455026.973          -11.7            5.7
    2455063.965           10.1            5.0
    2455099.996           14.7            4.9
    2455116.856            3.4            6.8
    2455154.739           23.3            7.6
    2455174.788            4.2            5.8
    2455364.972          -11.6            5.0
    2455419.012          -17.3            4.7
    2455446.847            0.5            3.6
    2455446.856           -0.3            3.1
    2455463.833            7.8            5.2
    2455466.842           27.1            4.8
    2455569.653            5.4            4.1
    2455571.713           -4.7            4.6
    2455572.671           23.3            4.8
    2455621.621           27.5            4.6
    2455757.974            9.8            5.0
    2455803.919           -7.2            4.3
    2455806.936            6.6            4.3
    2455828.781            0.2            4.2
    2455831.849          -11.8            5.1
    2455861.842           19.5            4.2
    2455864.796            6.4            4.4
    2455892.745           23.4            4.9
