    2451745.994            5.6            4.3
    2451778.895            2.0            3.7
    2451808.867            7.6            3.6
    2451853.766            8.0            4.1
    2451856.801            5.5            4.6
    2451898.637           11.2            8.0
    2451932.609            1.3            3.9
    2452163.861            8.1            4.9
    2452175.851            2.1            4.0
    2452307.598            1.9            4.5
    2452465.989            7.2            5.3
    2452483.985            2.1            5.0
    2452494.987            8.1            5.0
    2452517.936            7.3            5.2
     2452528.91            2.7            5.2
     2452530.91            4.4            4.5
    2452541.904            4.3            4.5
    2452543.883            2.5            5.0
    2452559.914           10.2            6.4
    2452561.795           10.8            8.4
    2452571.791            1.5            5.0
     2452589.81            2.0            5.7
    2452603.782            9.2            4.9
    2452605.724            7.7            4.8
    2452616.772            3.4            5.9
    2452665.604            6.7            4.2
    2452668.611            9.5            5.3
    2452837.972            2.9            5.4
    2452861.963            3.9            4.1
    2452863.985            7.4            5.2
    2452879.918            0.2            4.2
    2452880.947            1.6            5.0
    2452898.911            1.1            4.7
    2452900.928            0.6            4.8
    2452932.839            8.6            4.3
    2452934.804            8.9            4.6
    2452963.753            2.4            5.2
    2452965.809            1.2            5.4
     2453022.63            9.9            5.6
     2453208.01            0.2            3.8
    2453209.978           -0.4            3.7
    2453214.961            3.9            4.2
    2453231.961           -0.2            4.0
    2453233.909            0.4            3.9
     2453235.96            2.6            4.2
    2453265.899            7.9            3.8
    2453268.919            5.8            4.0
     2453269.81            4.3            3.5
    2453286.828            7.9            3.8
    2453324.713            4.2            5.5
    2453354.654            8.0            3.8
    2453400.642           10.2            7.5
    2453550.983            8.6            4.4
    2453578.964            5.3            4.6
    2453613.923            5.5            4.2
    2453654.771            1.8            4.1
    2453701.724            5.4            4.6
    2453740.745            0.3            4.7
    2453911.993            2.1            3.6
    2453917.013           -0.5            3.9
    2453934.974            1.6            3.9
    2453968.925            6.6            3.2
    2453981.851           -0.3            3.8
    2453985.899            1.6            4.0
    2454055.755            5.4            3.9
    2454297.975            5.0            4.1
    2454300.974            7.8            4.0
    2454314.939           -0.6            3.6
    2454318.981            3.7            4.2
    2454344.859            7.7            4.3
    2454348.917            7.5            4.0
    2454391.887            9.7            5.4
    2454394.775            6.5            4.2
    2454418.777            4.6            4.5
    2454420.763            2.0            4.2
    2454440.653            3.7            3.4
    2454443.651            0.5            3.6
    2454481.638            7.2            3.9
    2454503.651            7.7            4.3
    2454645.984            0.1            4.5
    2454646.968            0.3            4.2
    2454668.009           -0.6            3.7
    2454681.904            5.9            3.8
     2454683.97            3.4            3.8
    2454711.893            0.0            4.1
    2454713.873            1.2            4.2
    2454715.882            3.7            4.6
    2454716.875            4.4            4.1
    2454753.885           -0.3            3.6
     2454755.85           -0.5            3.8
    2454777.733           -0.4            4.1
    2454806.796            7.4            5.5
     2454808.77            7.9            4.3
    2454809.763           10.2            6.1
    2455026.973            7.2            5.7
    2455063.965            0.6            5.0
    2455099.996            8.1            4.9
    2455116.856            9.7            6.8
    2455154.739            4.0            7.6
    2455174.788            1.7            5.8
    2455364.972            8.3            5.0
    2455419.012            0.5            4.7
    2455446.847            5.4            3.6
    2455446.856            5.0            3.1
    2455463.833            1.6            5.2
    2455466.842            4.2            4.8
    2455569.653            0.9            4.1
    2455571.713            0.3            4.6
    2455572.671            0.4            4.8
    2455621.621            4.3            4.6
    2455757.974            8.8            5.0
    2455803.919            8.6            4.3
    2455806.936            7.4            4.3
    2455828.781            7.3            4.2
    2455831.849            4.9            5.1
    2455861.842            0.7            4.2
    2455864.796            4.1            4.4
    2455892.745            9.3            4.9
