    2451745.994            4.0            4.3
    2451778.895            4.1            3.7
    2451808.867            2.9            3.6
    2451853.766            2.6            4.1
    2451856.801            5.2            4.6
    2451898.637            8.2            8.0
    2451932.609            4.6            3.9
    2452163.861            5.3            4.9
    2452175.851            3.8            4.0
    2452307.598            4.3            4.5
    2452465.989            6.4            5.3
    2452483.985            5.3            5.0
    2452494.987            3.4            5.0
    2452517.936            6.2            5.2
     2452528.91            6.2            5.2
     2452530.91            6.0            4.5
    2452541.904            5.5            4.5
    2452543.883            6.0            5.0
    2452559.914            5.8            6.4
    2452561.795            8.5            8.4
    2452571.791            5.6            5.0
     2452589.81            5.9            5.7
    2452603.782            4.7            4.9
    2452605.724            4.1            4.8
    2452616.772            6.4            5.9
    2452665.604            3.8            4.2
    2452668.611            5.7            5.3
    2452837.972            6.3            5.4
    2452861.963            3.9            4.1
    2452863.985            5.8            5.2
    2452879.918            2.5            4.2
    2452880.947            5.4            5.0
    2452898.911            3.8            4.7
    2452900.928            4.0            4.8
    2452932.839            4.7            4.3
    2452934.804            5.4            4.6
    2452963.753            4.1            5.2
    2452965.809            4.9            5.4
     2453022.63            5.6            5.6
     2453208.01            2.3            3.8
    2453209.978            2.1            3.7
    2453214.961            3.3            4.2
    2453231.961            2.9            4.0
    2453233.909            2.3            3.9
     2453235.96            2.5            4.2
    2453265.899            2.8            3.8
    2453268.919            3.4            4.0
     2453269.81            4.4            3.5
    2453286.828            4.5            3.8
    2453324.713            4.7            5.5
    2453354.654            3.5            3.8
    2453400.642            7.4            7.5
    2453550.983            4.1            4.4
    2453578.964            5.1            4.6
    2453613.923            3.3            4.2
    2453654.771            3.7            4.1
    2453701.724            5.3            4.6
    2453740.745            5.9            4.7
    2453911.993            3.0            3.6
    2453917.013            4.4            3.9
    2453934.974            5.2            3.9
    2453968.925            3.9            3.2
    2453981.851            3.3            3.8
    2453985.899            3.2            4.0
    2454055.755            4.5            3.9
    2454297.975            5.8            4.1
    2454300.974            3.3            4.0
    2454314.939            4.4            3.6
    2454318.981            5.0            4.2
    2454344.859            5.1            4.3
    2454348.917            4.2            4.0
    2454391.887            3.9            5.4
    2454394.775            5.4            4.2
    2454418.777            5.5            4.5
    2454420.763            5.6            4.2
    2454440.653            3.4            3.4
    2454443.651            2.1            3.6
    2454481.638            5.1            3.9
    2454503.651            4.4            4.3
    2454645.984            4.1            4.5
    2454646.968            3.2            4.2
    2454668.009            1.9            3.7
    2454681.904            5.3            3.8
     2454683.97            4.9            3.8
    2454711.893            4.3            4.1
    2454713.873            3.5            4.2
    2454715.882            3.2            4.6
    2454716.875            4.9            4.1
    2454753.885            4.4            3.6
     2454755.85            5.4            3.8
    2454777.733            4.4            4.1
    2454806.796            5.4            5.5
     2454808.77            3.9            4.3
    2454809.763            8.0            6.1
    2455026.973            4.0            5.7
    2455063.965            5.5            5.0
    2455099.996            3.3            4.9
    2455116.856            7.7            6.8
    2455154.739            7.0            7.6
    2455174.788            6.8            5.8
    2455364.972            6.0            5.0
    2455419.012            6.1            4.7
    2455446.847            5.5            3.6
    2455446.856            5.0            3.1
    2455463.833            5.5            5.2
    2455466.842            4.7            4.8
    2455569.653            4.8            4.1
    2455571.713            5.3            4.6
    2455572.671            5.3            4.8
    2455621.621            5.8            4.6
    2455757.974            6.7            5.0
    2455803.919            4.5            4.3
    2455806.936            4.6            4.3
    2455828.781            5.2            4.2
    2455831.849            5.9            5.1
    2455861.842            5.4            4.2
    2455864.796            2.9            4.4
    2455892.745            3.2            4.9
