    2451745.994           17.9            4.3
    2451778.895            5.2            3.7
    2451808.867           13.4            3.6
    2451853.766           15.3            4.1
    2451856.801           -6.8            4.6
    2451898.637           14.7            8.0
    2451932.609           -5.3            3.9
    2452163.861           -4.8            4.9
    2452175.851           11.7            4.0
    2452307.598           14.5            4.5
    2452465.989           -2.7            5.3
    2452483.985           -1.7            5.0
    2452494.987           -4.4            5.0
    2452517.936           10.3            5.2
     2452528.91            0.9            5.2
     2452530.91            5.0            4.5
    2452541.904           -7.9            4.5
    2452543.883            3.7            5.0
    2452559.914           -0.8            6.4
    2452561.795           12.0            8.4
    2452571.791           -0.1            5.0
     2452589.81            8.2            5.7
    2452603.782            8.6            4.9
    2452605.724            5.2            4.8
    2452616.772            4.5            5.9
    2452665.604            7.8            4.2
    2452668.611           13.0            5.3
    2452837.972            8.6            5.4
    2452861.963            5.0            4.1
    2452863.985           15.9            5.2
    2452879.918            1.5            4.2
    2452880.947            8.1            5.0
    2452898.911           -0.7            4.7
    2452900.928            5.2            4.8
    2452932.839           15.0            4.3
    2452934.804            7.4            4.6
    2452963.753           -2.4            5.2
    2452965.809            2.5            5.4
     2453022.63           20.3            5.6
     2453208.01            5.4            3.8
    2453209.978           -5.1            3.7
    2453214.961           15.9            4.2
    2453231.961           -5.5            4.0
    2453233.909            5.2            3.9
     2453235.96            3.3            4.2
    2453265.899            1.7            3.8
    2453268.919            4.1            4.0
     2453269.81           -8.0            3.5
    2453286.828           10.0            3.8
    2453324.713           17.9            5.5
    2453354.654            4.8            3.8
    2453400.642           11.3            7.5
    2453550.983            4.4            4.4
    2453578.964            5.3            4.6
    2453613.923           14.2            4.2
    2453654.771           16.0            4.1
    2453701.724            8.4            4.6
    2453740.745           -5.0            4.7
    2453911.993            9.4            3.6
    2453917.013            7.6            3.9
    2453934.974            0.9            3.9
    2453968.925            3.6            3.2
    2453981.851            9.2            3.8
    2453985.899           11.3            4.0
    2454055.755           -1.8            3.9
    2454297.975           -7.4            4.1
    2454300.974            3.9            4.0
    2454314.939           19.2            3.6
    2454318.981            8.4            4.2
    2454344.859            5.9            4.3
    2454348.917            4.1            4.0
    2454391.887            5.3            5.4
    2454394.775           -8.6            4.2
    2454418.777            0.7            4.5
    2454420.763           13.3            4.2
    2454440.653           10.1            3.4
    2454443.651           -4.0            3.6
    2454481.638           -7.0            3.9
    2454503.651            0.2            4.3
    2454645.984            6.3            4.5
    2454646.968           10.8            4.2
    2454668.009           -5.2            3.7
    2454681.904           -5.7            3.8
     2454683.97            0.9            3.8
    2454711.893           10.8            4.1
    2454713.873           10.4            4.2
    2454715.882           17.6            4.6
    2454716.875            4.3            4.1
    2454753.885           13.2            3.6
     2454755.85            6.4            3.8
    2454777.733           -3.7            4.1
    2454806.796            2.7            5.5
     2454808.77           -6.9            4.3
    2454809.763            4.8            6.1
    2455026.973            5.5            5.7
    2455063.965            1.9            5.0
    2455099.996            2.4            4.9
    2455116.856            7.5            6.8
    2455154.739           11.5            7.6
    2455174.788            7.5            5.8
    2455364.972           -1.9            5.0
    2455419.012           15.2            4.7
    2455446.847            1.2            3.6
    2455446.856            0.4            3.1
    2455463.833           12.9            5.2
    2455466.842            0.6            4.8
    2455569.653            7.3            4.1
    2455571.713           18.3            4.6
    2455572.671            5.3            4.8
    2455621.621            0.8            4.6
    2455757.974           16.2            5.0
    2455803.919           -1.2            4.3
    2455806.936            5.9            4.3
    2455828.781           10.4            4.2
    2455831.849           12.3            5.1
    2455861.842           -0.3            4.2
    2455864.796           10.5            4.4
    2455892.745            4.3            4.9
