    2451745.994            2.8            4.3
    2451778.895            7.4            3.7
    2451808.867            7.1            3.6
    2451853.766            0.4            4.1
    2451856.801           15.7            4.6
    2451898.637            5.2            8.0
    2451932.609           -1.2            3.9
    2452163.861           -1.0            4.9
    2452175.851           -5.3            4.0
    2452307.598            6.1            4.5
    2452465.989           10.1            5.3
    2452483.985           19.2            5.0
    2452494.987           10.3            5.0
    2452517.936            7.6            5.2
     2452528.91           -7.6            5.2
     2452530.91            1.6            4.5
    2452541.904            9.8            4.5
    2452543.883            7.9            5.0
    2452559.914           -2.8            6.4
    2452561.795            4.0            8.4
    2452571.791           -3.5            5.0
     2452589.81           16.3            5.7
    2452603.782           -2.3            4.9
    2452605.724            0.4            4.8
    2452616.772           17.2            5.9
    2452665.604           13.3            4.2
    2452668.611           12.8            5.3
    2452837.972           -8.3            5.4
    2452861.963            8.4            4.1
    2452863.985           13.1            5.2
    2452879.918           12.6            4.2
    2452880.947           17.3            5.0
    2452898.911            8.3            4.7
    2452900.928           10.2            4.8
    2452932.839            7.6            4.3
    2452934.804            5.2            4.6
    2452963.753           10.5            5.2
    2452965.809            3.0            5.4
     2453022.63            2.7            5.6
     2453208.01           -4.4            3.8
    2453209.978            3.4            3.7
    2453214.961           10.6            4.2
    2453231.961           -7.7            4.0
    2453233.909           -2.2            3.9
     2453235.96           -4.6            4.2
    2453265.899            1.8            3.8
    2453268.919           10.4            4.0
     2453269.81            4.1            3.5
    2453286.828           -1.1            3.8
    2453324.713           16.4            5.5
    2453354.654            4.0            3.8
    2453400.642           19.0            7.5
    2453550.983           11.0            4.4
    2453578.964           -2.6            4.6
    2453613.923            1.3            4.2
    2453654.771            6.0            4.1
    2453701.724           11.0            4.6
    2453740.745            6.0            4.7
    2453911.993            7.5            3.6
    2453917.013           -2.4            3.9
    2453934.974            7.7            3.9
    2453968.925           -6.6            3.2
    2453981.851            3.6            3.8
    2453985.899           -1.4            4.0
    2454055.755            6.1            3.9
    2454297.975           16.7            4.1
    2454300.974            0.3            4.0
    2454314.939            5.0            3.6
    2454318.981           13.9            4.2
    2454344.859            6.6            4.3
    2454348.917            6.5            4.0
    2454391.887            0.9            5.4
    2454394.775            5.4            4.2
    2454418.777           -2.5            4.5
    2454420.763            6.6            4.2
    2454440.653            7.3            3.4
    2454443.651           -7.5            3.6
    2454481.638            8.4            3.9
    2454503.651            5.8            4.3
    2454645.984           -4.0            4.5
    2454646.968            8.6            4.2
    2454668.009            3.3            3.7
    2454681.904           15.0            3.8
     2454683.97           14.2            3.8
    2454711.893            0.3            4.1
    2454713.873            6.6            4.2
    2454715.882            2.7            4.6
    2454716.875           13.8            4.1
    2454753.885            1.1            3.6
     2454755.85           -6.1            3.8
    2454777.733           -2.3            4.1
    2454806.796           -6.4            5.5
     2454808.77           -4.1            4.3
    2454809.763            7.0            6.1
    2455026.973           10.9            5.7
    2455063.965           14.8            5.0
    2455099.996            1.2            4.9
    2455116.856           -3.6            6.8
    2455154.739           17.2            7.6
    2455174.788            0.3            5.8
    2455364.972           14.1            5.0
    2455419.012           10.8            4.7
    2455446.847            2.5            3.6
    2455446.856            1.8            3.1
    2455463.833            6.7            5.2
    2455466.842           -5.5            4.8
    2455569.653            5.6            4.1
    2455571.713           17.0            4.6
    2455572.671            2.3            4.8
    2455621.621            4.7            4.6
    2455757.974            5.1            5.0
    2455803.919           -5.0            4.3
    2455806.936           11.3            4.3
    2455828.781           -2.2            4.2
    2455831.849           -2.3            5.1
    2455861.842            2.7            4.2
    2455864.796           10.7            4.4
    2455892.745            6.2            4.9
