    2451745.994           17.9            4.3
    2451778.895           15.2            3.7
    2451808.867           -6.6            3.6
    2451853.766            2.5            4.1
    2451856.801            6.8            4.6
    2451898.637           17.4            8.0
    2451932.609            8.0            3.9
    2452163.861            5.1            4.9
    2452175.851          -11.7            4.0
    2452307.598           28.5            4.5
    2452465.989           11.1            5.3
    2452483.985           -9.9            5.0
    2452494.987          -16.7            5.0
    2452517.936           21.5            5.2
     2452528.91           31.2            5.2
     2452530.91            3.2            4.5
    2452541.904           16.4            4.5
    2452543.883            1.4            5.0
    2452559.914           -7.1            6.4
    2452561.795           14.1            8.4
    2452571.791            7.4            5.0
     2452589.81            9.6            5.7
    2452603.782            0.1            4.9
    2452605.724            1.8            4.8
    2452616.772          -13.7            5.9
    2452665.604            2.9            4.2
    2452668.611          -16.5            5.3
    2452837.972           -9.4            5.4
    2452861.963            7.4            4.1
    2452863.985           -8.7            5.2
    2452879.918           -0.8            4.2
    2452880.947           23.5            5.0
    2452898.911           -8.4            4.7
    2452900.928           16.8            4.8
    2452932.839           15.1            4.3
    2452934.804            3.3            4.6
    2452963.753            3.4            5.2
    2452965.809           19.1            5.4
     2453022.63           18.0            5.6
     2453208.01            6.6            3.8
    2453209.978           -7.7            3.7
    2453214.961            6.1            4.2
    2453231.961           11.4            4.0
    2453233.909            5.6            3.9
     2453235.96           16.7            4.2
    2453265.899            7.1            3.8
    2453268.919           27.4            4.0
     2453269.81           14.4            3.5
    2453286.828          -16.6            3.8
    2453324.713            2.7            5.5
    2453354.654            2.9            3.8
    2453400.642            8.0            7.5
    2453550.983           20.7            4.4
    2453578.964           12.7            4.6
    2453613.923          -17.0            4.2
    2453654.771           -1.6            4.1
    2453701.724           32.6            4.6
    2453740.745            1.5            4.7
    2453911.993            3.0            3.6
    2453917.013          -10.8            3.9
    2453934.974           15.3            3.9
    2453968.925            3.0            3.2
    2453981.851          -18.2            3.8
    2453985.899           12.4            4.0
    2454055.755            2.1            3.9
    2454297.975            7.4            4.1
    2454300.974            9.3            4.0
    2454314.939           22.4            3.6
    2454318.981           29.1            4.2
    2454344.859           -1.7            4.3
    2454348.917           -3.6            4.0
    2454391.887            9.7            5.4
    2454394.775           17.6            4.2
    2454418.777           11.8            4.5
    2454420.763           33.8            4.2
    2454440.653            1.5            3.4
    2454443.651           -1.7            3.6
    2454481.638            1.0            3.9
    2454503.651          -10.0            4.3
    2454645.984           16.9            4.5
    2454646.968            9.2            4.2
    2454668.009            3.3            3.7
    2454681.904           23.7            3.8
     2454683.97           30.6            3.8
    2454711.893           24.5            4.1
    2454713.873            1.7            4.2
    2454715.882           -6.9            4.6
    2454716.875          -11.5            4.1
    2454753.885           -4.6            3.6
     2454755.85            4.9            3.8
    2454777.733            5.0            4.1
    2454806.796            4.2            5.5
     2454808.77           17.1            4.3
    2454809.763          -12.6            6.1
    2455026.973           24.3            5.7
    2455063.965            6.5            5.0
    2455099.996            4.5            4.9
    2455116.856           13.7            6.8
    2455154.739            2.3            7.6
    2455174.788            6.9            5.8
    2455364.972            8.6            5.0
    2455419.012           14.9            4.7
    2455446.847            6.3            3.6
    2455446.856            6.4            3.1
    2455463.833            0.3            5.2
    2455466.842            7.8            4.8
    2455569.653          -10.5            4.1
    2455571.713           15.2            4.6
    2455572.671            5.7            4.8
    2455621.621            6.8            4.6
    2455757.974           24.0            5.0
    2455803.919          -20.1            4.3
    2455806.936           15.9            4.3
    2455828.781            2.0            4.2
    2455831.849          -15.0            5.1
    2455861.842           16.4            4.2
    2455864.796           -7.2            4.4
    2455892.745          -11.8            4.9
