    2451745.994           14.7            4.3
    2451778.895            2.0            3.7
    2451808.867            1.0            3.6
    2451853.766           -4.4            4.1
    2451856.801            3.8            4.6
    2451898.637           19.5            8.0
    2451932.609            8.7            3.9
    2452163.861           -2.6            4.9
    2452175.851            8.9            4.0
    2452307.598            2.1            4.5
    2452465.989           -8.7            5.3
    2452483.985           -0.5            5.0
    2452494.987           -2.0            5.0
    2452517.936            9.4            5.2
     2452528.91            7.6            5.2
     2452530.91           10.5            4.5
    2452541.904            6.4            4.5
    2452543.883            4.5            5.0
    2452559.914            1.4            6.4
    2452561.795            3.5            8.4
    2452571.791           15.2            5.0
     2452589.81           12.9            5.7
    2452603.782            9.2            4.9
    2452605.724            6.6            4.8
    2452616.772            6.5            5.9
    2452665.604            4.9            4.2
    2452668.611            0.3            5.3
    2452837.972            3.9            5.4
    2452861.963            5.7            4.1
    2452863.985            2.5            5.2
    2452879.918           -6.2            4.2
    2452880.947           13.9            5.0
    2452898.911            6.3            4.7
    2452900.928            1.1            4.8
    2452932.839           -2.3            4.3
    2452934.804           16.8            4.6
    2452963.753           17.8            5.2
    2452965.809            1.3            5.4
     2453022.63           13.3            5.6
     2453208.01            4.9            3.8
    2453209.978           10.2            3.7
    2453214.961           13.6            4.2
    2453231.961           -1.4            4.0
    2453233.909            5.5            3.9
     2453235.96            5.1            4.2
    2453265.899           11.0            3.8
    2453268.919            3.4            4.0
     2453269.81           -9.6            3.5
    2453286.828            7.9            3.8
    2453324.713           14.6            5.5
    2453354.654            5.3            3.8
    2453400.642            3.1            7.5
    2453550.983           13.1            4.4
    2453578.964           -7.9            4.6
    2453613.923           -9.3            4.2
    2453654.771           -3.5            4.1
    2453701.724            0.6            4.6
    2453740.745           15.7            4.7
    2453911.993            7.9            3.6
    2453917.013           12.5            3.9
    2453934.974           -0.5            3.9
    2453968.925           -8.7            3.2
    2453981.851           -1.5            3.8
    2453985.899            3.2            4.0
    2454055.755           10.3            3.9
    2454297.975            4.3            4.1
    2454300.974            9.1            4.0
    2454314.939           10.7            3.6
    2454318.981           -7.2            4.2
    2454344.859            8.1            4.3
    2454348.917           -3.6            4.0
    2454391.887           11.8            5.4
    2454394.775            8.0            4.2
    2454418.777            5.9            4.5
    2454420.763           -1.1            4.2
    2454440.653            7.5            3.4
    2454443.651            6.2            3.6
    2454481.638           -8.4            3.9
    2454503.651            2.4            4.3
    2454645.984           11.6            4.5
    2454646.968            0.9            4.2
    2454668.009            3.2            3.7
    2454681.904           -3.5            3.8
     2454683.97           13.4            3.8
    2454711.893           -0.9            4.1
    2454713.873           -1.4            4.2
    2454715.882            1.9            4.6
    2454716.875           -7.0            4.1
    2454753.885            2.2            3.6
     2454755.85            8.3            3.8
    2454777.733            2.7            4.1
    2454806.796            6.4            5.5
     2454808.77            3.6            4.3
    2454809.763           -5.3            6.1
    2455026.973            3.9            5.7
    2455063.965           -2.4            5.0
    2455099.996            7.9            4.9
    2455116.856           -1.0            6.8
    2455154.739           -0.7            7.6
    2455174.788           12.9            5.8
    2455364.972            3.1            5.0
    2455419.012           -1.2            4.7
    2455446.847            9.7            3.6
    2455446.856            9.3            3.1
    2455463.833            3.8            5.2
    2455466.842           -4.3            4.8
    2455569.653           19.2            4.1
    2455571.713            4.5            4.6
    2455572.671           10.3            4.8
    2455621.621            0.9            4.6
    2455757.974           -1.4            5.0
    2455803.919            0.7            4.3
    2455806.936            0.1            4.3
    2455828.781            4.8            4.2
    2455831.849           10.7            5.1
    2455861.842            2.2            4.2
    2455864.796          -12.7            4.4
    2455892.745           11.9            4.9
