    2451745.994           11.6            4.3
    2451778.895           16.6            3.7
    2451808.867            5.7            3.6
    2451853.766           17.5            4.1
    2451856.801           23.9            4.6
    2451898.637           16.4            8.0
    2451932.609            4.1            3.9
    2452163.861           31.3            4.9
    2452175.851           21.0            4.0
    2452307.598           21.2            4.5
    2452465.989           10.3            5.3
    2452483.985            1.3            5.0
    2452494.987            1.3            5.0
    2452517.936            8.7            5.2
     2452528.91           14.8            5.2
     2452530.91           16.5            4.5
    2452541.904           16.6            4.5
    2452543.883           28.1            5.0
    2452559.914           16.2            6.4
    2452561.795           20.1            8.4
    2452571.791           11.6            5.0
     2452589.81           22.2            5.7
    2452603.782           26.1            4.9
    2452605.724           23.2            4.8
    2452616.772           24.2            5.9
    2452665.604           12.7            4.2
    2452668.611           16.0            5.3
    2452837.972           23.0            5.4
    2452861.963           15.3            4.1
    2452863.985            2.8            5.2
    2452879.918           15.4            4.2
    2452880.947            6.5            5.0
    2452898.911            4.5            4.7
    2452900.928            1.1            4.8
    2452932.839           17.9            4.3
    2452934.804           22.2            4.6
    2452963.753           21.9            5.2
    2452965.809           15.6            5.4
     2453022.63            6.9            5.6
     2453208.01            8.4            3.8
    2453209.978            9.6            3.7
    2453214.961            3.0            4.2
    2453231.961           15.5            4.0
    2453233.909           13.8            3.9
     2453235.96            6.8            4.2
    2453265.899           14.5            3.8
    2453268.919            9.2            4.0
     2453269.81            7.2            3.5
    2453286.828           32.1            3.8
    2453324.713           18.4            5.5
    2453354.654           22.6            3.8
    2453400.642           26.6            7.5
    2453550.983           -7.6            4.4
    2453578.964           12.9            4.6
    2453613.923           19.9            4.2
    2453654.771           15.0            4.1
    2453701.724           35.8            4.6
    2453740.745            8.8            4.7
    2453911.993            4.5            3.6
    2453917.013            7.6            3.9
    2453934.974           -2.0            3.9
    2453968.925           14.9            3.2
    2453981.851           22.0            3.8
    2453985.899           13.8            4.0
    2454055.755           19.5            3.9
    2454297.975           13.0            4.1
    2454300.974           12.4            4.0
    2454314.939            1.1            3.6
    2454318.981           12.7            4.2
    2454344.859           22.1            4.3
    2454348.917            7.0            4.0
    2454391.887           12.0            5.4
    2454394.775           12.0            4.2
    2454418.777           19.4            4.5
    2454420.763           24.9            4.2
    2454440.653           15.0            3.4
    2454443.651           19.0            3.6
    2454481.638           15.2            3.9
    2454503.651            9.7            4.3
    2454645.984           18.3            4.5
    2454646.968           12.3            4.2
    2454668.009           19.8            3.7
    2454681.904           12.9            3.8
     2454683.97           -0.9            3.8
    2454711.893           23.0            4.1
    2454713.873           21.5            4.2
    2454715.882           16.4            4.6
    2454716.875           11.4            4.1
    2454753.885           19.0            3.6
     2454755.85           22.6            3.8
    2454777.733           24.3            4.1
    2454806.796           19.3            5.5
     2454808.77           13.5            4.3
    2454809.763           16.6            6.1
    2455026.973           13.0            5.7
    2455063.965            8.0            5.0
    2455099.996           -7.5            4.9
    2455116.856           27.7            6.8
    2455154.739           22.3            7.6
    2455174.788           20.1            5.8
    2455364.972            8.0            5.0
    2455419.012           14.7            4.7
    2455446.847           11.6            3.6
    2455446.856           10.4            3.1
    2455463.833           25.0            5.2
    2455466.842           19.1            4.8
    2455569.653           19.5            4.1
    2455571.713           16.4            4.6
    2455572.671            3.6            4.8
    2455621.621           20.9            4.6
    2455757.974           12.8            5.0
    2455803.919           20.4            4.3
    2455806.936            0.4            4.3
    2455828.781           13.9            4.2
    2455831.849           12.0            5.1
    2455861.842           14.1            4.2
    2455864.796           10.2            4.4
    2455892.745           28.7            4.9
