    2451745.994           17.3            4.3
    2451778.895           18.3            3.7
    2451808.867           18.6            3.6
    2451853.766           24.0            4.1
    2451856.801           15.6            4.6
    2451898.637            9.2            8.0
    2451932.609            4.2            3.9
    2452163.861           23.9            4.9
    2452175.851           28.8            4.0
    2452307.598           -2.7            4.5
    2452465.989           11.0            5.3
    2452483.985           14.7            5.0
    2452494.987           11.7            5.0
    2452517.936           23.0            5.2
     2452528.91           29.2            5.2
     2452530.91           33.2            4.5
    2452541.904           30.2            4.5
    2452543.883           23.9            5.0
    2452559.914           30.3            6.4
    2452561.795           28.7            8.4
    2452571.791           22.8            5.0
     2452589.81           28.9            5.7
    2452603.782           15.4            4.9
    2452605.724           12.8            4.8
    2452616.772           23.3            5.9
    2452665.604           -0.6            4.2
    2452668.611            8.9            5.3
    2452837.972           19.2            5.4
    2452861.963           16.2            4.1
    2452863.985           22.8            5.2
    2452879.918           16.8            4.2
    2452880.947           17.9            5.0
    2452898.911           19.5            4.7
    2452900.928           20.8            4.8
    2452932.839           25.8            4.3
    2452934.804           24.7            4.6
    2452963.753           25.6            5.2
    2452965.809           22.9            5.4
     2453022.63           12.3            5.6
     2453208.01           18.5            3.8
    2453209.978           20.7            3.7
    2453214.961           11.5            4.2
    2453231.961           13.3            4.0
    2453233.909           13.7            3.9
     2453235.96           17.4            4.2
    2453265.899           28.0            3.8
    2453268.919           30.9            4.0
     2453269.81           27.8            3.5
    2453286.828           30.2            3.8
    2453324.713           15.0            5.5
    2453354.654           13.2            3.8
    2453400.642            2.3            7.5
    2453550.983           24.2            4.4
    2453578.964           15.0            4.6
    2453613.923           24.1            4.2
    2453654.771           16.3            4.1
    2453701.724           21.7            4.6
    2453740.745           27.7            4.7
    2453911.993           12.7            3.6
    2453917.013           24.0            3.9
    2453934.974           22.5            3.9
    2453968.925           16.3            3.2
    2453981.851           18.2            3.8
    2453985.899           29.8            4.0
    2454055.755           20.1            3.9
    2454297.975           23.4            4.1
    2454300.974           26.7            4.0
    2454314.939           14.2            3.6
    2454318.981           23.1            4.2
    2454344.859           14.5            4.3
    2454348.917           27.2            4.0
    2454391.887           22.4            5.4
    2454394.775           16.2            4.2
    2454418.777           24.6            4.5
    2454420.763           15.9            4.2
    2454440.653            5.7            3.4
    2454443.651            3.2            3.6
    2454481.638            3.2            3.9
    2454503.651            4.0            4.3
    2454645.984           22.9            4.5
    2454646.968           19.6            4.2
    2454668.009           10.2            3.7
    2454681.904           24.3            3.8
     2454683.97           23.8            3.8
    2454711.893           25.9            4.1
    2454713.873           27.5            4.2
    2454715.882           21.0            4.6
    2454716.875           17.0            4.1
    2454753.885           30.2            3.6
     2454755.85           21.9            3.8
    2454777.733           10.8            4.1
    2454806.796           13.2            5.5
     2454808.77           17.3            4.3
    2454809.763           23.0            6.1
    2455026.973           30.6            5.7
    2455063.965           16.8            5.0
    2455099.996           13.1            4.9
    2455116.856           33.1            6.8
    2455154.739           25.3            7.6
    2455174.788           27.9            5.8
    2455364.972           15.2            5.0
    2455419.012           18.4            4.7
    2455446.847           16.4            3.6
    2455446.856           16.0            3.1
    2455463.833           20.1            5.2
    2455466.842           22.8            4.8
    2455569.653           14.4            4.1
    2455571.713           13.2            4.6
    2455572.671            6.6            4.8
    2455621.621           -1.9            4.6
    2455757.974           21.1            5.0
    2455803.919           26.5            4.3
    2455806.936           16.6            4.3
    2455828.781           12.3            4.2
    2455831.849           24.9            5.1
    2455861.842           30.6            4.2
    2455864.796           27.1            4.4
    2455892.745           25.0            4.9
