    2451745.994            6.7            4.3
    2451778.895            1.1            3.7
    2451808.867           -9.0            3.6
    2451853.766            8.2            4.1
    2451856.801           -2.6            4.6
    2451898.637           -1.7            8.0
    2451932.609            1.2            3.9
    2452163.861            5.4            4.9
    2452175.851           -1.3            4.0
    2452307.598            4.6            4.5
    2452465.989           -0.2            5.3
    2452483.985           13.3            5.0
    2452494.987           -1.9            5.0
    2452517.936            9.9            5.2
     2452528.91           -3.6            5.2
     2452530.91            6.0            4.5
    2452541.904           -8.2            4.5
    2452543.883            5.4            5.0
    2452559.914           10.9            6.4
    2452561.795           18.2            8.4
    2452571.791            8.8            5.0
     2452589.81           -0.6            5.7
    2452603.782           13.1            4.9
    2452605.724            8.1            4.8
    2452616.772            5.8            5.9
    2452665.604            6.9            4.2
    2452668.611            1.2            5.3
    2452837.972            7.4            5.4
    2452861.963            6.9            4.1
    2452863.985           16.6            5.2
    2452879.918            4.9            4.2
    2452880.947           13.0            5.0
    2452898.911            4.0            4.7
    2452900.928            3.3            4.8
    2452932.839           16.2            4.3
    2452934.804            7.0            4.6
    2452963.753            7.0            5.2
    2452965.809            4.4            5.4
     2453022.63           19.8            5.6
     2453208.01           10.7            3.8
    2453209.978            7.0            3.7
    2453214.961           -2.9            4.2
    2453231.961           -4.1            4.0
    2453233.909            3.2            3.9
     2453235.96            0.1            4.2
    2453265.899            1.3            3.8
    2453268.919           12.3            4.0
     2453269.81            0.8            3.5
    2453286.828            0.7            3.8
    2453324.713           10.2            5.5
    2453354.654            8.3            3.8
    2453400.642            1.1            7.5
    2453550.983            5.3            4.4
    2453578.964            5.5            4.6
    2453613.923            3.8            4.2
    2453654.771            0.4            4.1
    2453701.724           -5.8            4.6
    2453740.745            2.0            4.7
    2453911.993            7.4            3.6
    2453917.013            8.1            3.9
    2453934.974            2.0            3.9
    2453968.925           -0.6            3.2
    2453981.851            6.2            3.8
    2453985.899            1.0            4.0
    2454055.755            0.4            3.9
    2454297.975           -3.8            4.1
    2454300.974           -2.5            4.0
    2454314.939           -6.9            3.6
    2454318.981            0.6            4.2
    2454344.859           -3.1            4.3
    2454348.917           -0.9            4.0
    2454391.887            4.7            5.4
    2454394.775            7.6            4.2
    2454418.777            2.1            4.5
    2454420.763           14.7            4.2
    2454440.653           -2.8            3.4
    2454443.651            3.2            3.6
    2454481.638           10.1            3.9
    2454503.651           -3.8            4.3
    2454645.984           11.5            4.5
    2454646.968           -0.2            4.2
    2454668.009           -1.1            3.7
    2454681.904            4.1            3.8
     2454683.97           12.2            3.8
    2454711.893           -6.8            4.1
    2454713.873            2.5            4.2
    2454715.882           -9.0            4.6
    2454716.875           -1.0            4.1
    2454753.885           -2.9            3.6
     2454755.85           -5.9            3.8
    2454777.733           11.7            4.1
    2454806.796            6.5            5.5
     2454808.77           16.5            4.3
    2454809.763            9.2            6.1
    2455026.973           -0.9            5.7
    2455063.965           10.6            5.0
    2455099.996           -1.7            4.9
    2455116.856           -4.7            6.8
    2455154.739            9.2            7.6
    2455174.788            8.0            5.8
    2455364.972           -1.3            5.0
    2455419.012           -0.3            4.7
    2455446.847            2.7            3.6
    2455446.856            2.4            3.1
    2455463.833            9.4            5.2
    2455466.842            4.5            4.8
    2455569.653           -1.3            4.1
    2455571.713            5.0            4.6
    2455572.671            8.9            4.8
    2455621.621            0.3            4.6
    2455757.974           12.7            5.0
    2455803.919           -1.5            4.3
    2455806.936            0.2            4.3
    2455828.781            0.8            4.2
    2455831.849            8.7            5.1
    2455861.842            1.3            4.2
    2455864.796            9.6            4.4
    2455892.745           -0.1            4.9
