    2451745.994            2.9            4.3
    2451778.895            7.6            3.7
    2451808.867           -7.4            3.6
    2451853.766           -2.7            4.1
    2451856.801            0.7            4.6
    2451898.637            3.3            8.0
    2451932.609            6.3            3.9
    2452163.861           14.0            4.9
    2452175.851           11.6            4.0
    2452307.598            3.0            4.5
    2452465.989            1.6            5.3
    2452483.985            1.5            5.0
    2452494.987           -2.3            5.0
    2452517.936           11.3            5.2
     2452528.91            3.8            5.2
     2452530.91           -2.9            4.5
    2452541.904           12.5            4.5
    2452543.883           13.2            5.0
    2452559.914            6.1            6.4
    2452561.795           17.1            8.4
    2452571.791            7.2            5.0
     2452589.81            5.2            5.7
    2452603.782           10.7            4.9
    2452605.724            9.5            4.8
    2452616.772           -0.6            5.9
    2452665.604           -0.8            4.2
    2452668.611           10.2            5.3
    2452837.972            6.3            5.4
    2452861.963           11.2            4.1
    2452863.985            6.0            5.2
    2452879.918            8.2            4.2
    2452880.947            1.4            5.0
    2452898.911           -0.0            4.7
    2452900.928           11.7            4.8
    2452932.839            7.2            4.3
    2452934.804            0.9            4.6
    2452963.753            4.2            5.2
    2452965.809           12.5            5.4
     2453022.63           11.9            5.6
     2453208.01            0.1            3.8
    2453209.978           13.1            3.7
    2453214.961           -0.2            4.2
    2453231.961            1.0            4.0
    2453233.909            3.3            3.9
     2453235.96            8.1            4.2
    2453265.899            6.0            3.8
    2453268.919           16.4            4.0
     2453269.81            7.2            3.5
    2453286.828           14.0            3.8
    2453324.713            3.2            5.5
    2453354.654            6.3            3.8
    2453400.642           12.4            7.5
    2453550.983           11.7            4.4
    2453578.964           -3.1            4.6
    2453613.923            9.3            4.2
    2453654.771           10.1            4.1
    2453701.724            0.1            4.6
    2453740.745           13.6            4.7
    2453911.993            4.6            3.6
    2453917.013            6.8            3.9
    2453934.974            6.6            3.9
    2453968.925            4.4            3.2
    2453981.851            8.7            3.8
    2453985.899           -5.0            4.0
    2454055.755           13.5            3.9
    2454297.975            1.9            4.1
    2454300.974           -7.7            4.0
    2454314.939            8.4            3.6
    2454318.981           -7.9            4.2
    2454344.859           -0.8            4.3
    2454348.917           -4.3            4.0
    2454391.887           10.7            5.4
    2454394.775            6.6            4.2
    2454418.777           11.1            4.5
    2454420.763            4.5            4.2
    2454440.653            2.5            3.4
    2454443.651            2.2            3.6
    2454481.638            9.6            3.9
    2454503.651            3.0            4.3
    2454645.984           -4.2            4.5
    2454646.968            3.7            4.2
    2454668.009            8.0            3.7
    2454681.904            4.8            3.8
     2454683.97           -3.5            3.8
    2454711.893            1.5            4.1
    2454713.873           -0.3            4.2
    2454715.882            9.5            4.6
    2454716.875           -1.5            4.1
    2454753.885            5.3            3.6
     2454755.85           -2.1            3.8
    2454777.733           12.6            4.1
    2454806.796            7.9            5.5
     2454808.77            4.1            4.3
    2454809.763            4.7            6.1
    2455026.973            2.1            5.7
    2455063.965            0.1            5.0
    2455099.996            3.4            4.9
    2455116.856           13.7            6.8
    2455154.739            8.5            7.6
    2455174.788            0.5            5.8
    2455364.972            0.3            5.0
    2455419.012           12.5            4.7
    2455446.847            5.5            3.6
    2455446.856            4.9            3.1
    2455463.833           18.9            5.2
    2455466.842           11.6            4.8
    2455569.653            0.4            4.1
    2455571.713            9.5            4.6
    2455572.671            3.7            4.8
    2455621.621           11.6            4.6
    2455757.974            7.5            5.0
    2455803.919            1.3            4.3
    2455806.936           -0.2            4.3
    2455828.781           10.4            4.2
    2455831.849           10.8            5.1
    2455861.842            7.8            4.2
    2455864.796            4.5            4.4
    2455892.745            7.1            4.9
