    2451745.994            5.3            4.3
    2451778.895           15.5            3.7
    2451808.867           19.5            3.6
    2451853.766            2.7            4.1
    2451856.801           24.4            4.6
    2451898.637          -12.5            8.0
    2451932.609            6.5            3.9
    2452163.861           11.0            4.9
    2452175.851           16.5            4.0
    2452307.598            8.6            4.5
    2452465.989           -8.2            5.3
    2452483.985            6.2            5.0
    2452494.987            4.4            5.0
    2452517.936          -13.8            5.2
     2452528.91           -3.7            5.2
     2452530.91           28.5            4.5
    2452541.904           16.3            4.5
    2452543.883          -10.5            5.0
    2452559.914           19.0            6.4
    2452561.795            2.4            8.4
    2452571.791           18.6            5.0
     2452589.81           22.5            5.7
    2452603.782           11.9            4.9
    2452605.724            2.8            4.8
    2452616.772          -14.2            5.9
    2452665.604           -3.6            4.2
    2452668.611           -8.6            5.3
    2452837.972            2.4            5.4
    2452861.963            0.6            4.1
    2452863.985           20.5            5.2
    2452879.918           20.4            4.2
    2452880.947           -3.2            5.0
    2452898.911           -9.2            4.7
    2452900.928           15.2            4.8
    2452932.839           -8.6            4.3
    2452934.804            3.8            4.6
    2452963.753           23.7            5.2
    2452965.809          -21.3            5.4
     2453022.63           25.7            5.6
     2453208.01           -6.6            3.8
    2453209.978           -7.0            3.7
    2453214.961           -2.0            4.2
    2453231.961            7.1            4.0
    2453233.909           19.3            3.9
     2453235.96            8.9            4.2
    2453265.899           -4.0            3.8
    2453268.919            4.1            4.0
     2453269.81           -7.5            3.5
    2453286.828            5.3            3.8
    2453324.713          -15.3            5.5
    2453354.654            0.1            3.8
    2453400.642           26.9            7.5
    2453550.983          -12.6            4.4
    2453578.964           20.1            4.6
    2453613.923           -7.2            4.2
    2453654.771           -6.3            4.1
    2453701.724          -14.0            4.6
    2453740.745           10.8            4.7
    2453911.993           16.7            3.6
    2453917.013           10.8            3.9
    2453934.974           16.0            3.9
    2453968.925           -6.2            3.2
    2453981.851           10.4            3.8
    2453985.899           20.6            4.0
    2454055.755           18.8            3.9
    2454297.975           12.5            4.1
    2454300.974            8.6            4.0
    2454314.939            0.6            3.6
    2454318.981           21.1            4.2
    2454344.859           15.6            4.3
    2454348.917           24.4            4.0
    2454391.887          -11.4            5.4
    2454394.775           -8.9            4.2
    2454418.777           30.9            4.5
    2454420.763           -7.4            4.2
    2454440.653           28.2            3.4
    2454443.651            0.0            3.6
    2454481.638            7.6            3.9
    2454503.651           18.2            4.3
    2454645.984           19.3            4.5
    2454646.968           -9.1            4.2
    2454668.009           25.0            3.7
    2454681.904           14.5            3.8
     2454683.97           -5.3            3.8
    2454711.893           23.0            4.1
    2454713.873           -3.8            4.2
    2454715.882           15.8            4.6
    2454716.875          -16.5            4.1
    2454753.885          -15.6            3.6
     2454755.85            7.0            3.8
    2454777.733           15.1            4.1
    2454806.796           -0.6            5.5
     2454808.77           -9.3            4.3
    2454809.763           -8.7            6.1
    2455026.973           17.2            5.7
    2455063.965           23.1            5.0
    2455099.996           10.2            4.9
    2455116.856            2.6            6.8
    2455154.739           16.8            7.6
    2455174.788           19.9            5.8
    2455364.972            9.3            5.0
    2455419.012           18.5            4.7
    2455446.847          -21.6            3.6
    2455446.856          -22.2            3.1
    2455463.833           17.7            5.2
    2455466.842           11.2            4.8
    2455569.653           26.7            4.1
    2455571.713           -0.3            4.6
    2455572.671            2.6            4.8
    2455621.621           11.7            4.6
    2455757.974          -15.4            5.0
    2455803.919           15.0            4.3
    2455806.936           -6.1            4.3
    2455828.781           11.5            4.2
    2455831.849          -19.3            5.1
    2455861.842           -8.6            4.2
    2455864.796           -5.8            4.4
    2455892.745           16.1            4.9
