    2451745.994            1.6            4.3
    2451778.895           -2.0            3.7
    2451808.867           -6.8            3.6
    2451853.766           11.6            4.1
    2451856.801            3.4            4.6
    2451898.637            8.7            8.0
    2451932.609           -6.8            3.9
    2452163.861            5.1            4.9
    2452175.851           -6.2            4.0
    2452307.598            3.3            4.5
    2452465.989           -6.5            5.3
    2452483.985           16.2            5.0
    2452494.987           -3.2            5.0
    2452517.936            8.7            5.2
     2452528.91            1.4            5.2
     2452530.91            5.0            4.5
    2452541.904            4.5            4.5
    2452543.883            3.2            5.0
    2452559.914            5.8            6.4
    2452561.795           -1.6            8.4
    2452571.791            4.8            5.0
     2452589.81           -2.6            5.7
    2452603.782           -1.0            4.9
    2452605.724            1.1            4.8
    2452616.772            3.6            5.9
    2452665.604            7.2            4.2
    2452668.611           -2.0            5.3
    2452837.972            8.6            5.4
    2452861.963           -9.1            4.1
    2452863.985            1.6            5.2
    2452879.918            5.3            4.2
    2452880.947            3.1            5.0
    2452898.911           12.3            4.7
    2452900.928            3.4            4.8
    2452932.839            1.3            4.3
    2452934.804           10.1            4.6
    2452963.753            8.4            5.2
    2452965.809            5.4            5.4
     2453022.63           10.7            5.6
     2453208.01           -8.7            3.8
    2453209.978            5.8            3.7
    2453214.961           -1.7            4.2
    2453231.961            2.9            4.0
    2453233.909           -4.9            3.9
     2453235.96           -7.2            4.2
    2453265.899           15.1            3.8
    2453268.919            7.8            4.0
     2453269.81            1.0            3.5
    2453286.828            6.1            3.8
    2453324.713            4.0            5.5
    2453354.654           -5.8            3.8
    2453400.642            7.6            7.5
    2453550.983            7.0            4.4
    2453578.964            7.9            4.6
    2453613.923            8.8            4.2
    2453654.771            8.8            4.1
    2453701.724            2.7            4.6
    2453740.745           -3.1            4.7
    2453911.993           14.3            3.6
    2453917.013           -1.4            3.9
    2453934.974           -3.7            3.9
    2453968.925            4.8            3.2
    2453981.851           13.7            3.8
    2453985.899           -0.1            4.0
    2454055.755            0.7            3.9
    2454297.975            7.5            4.1
    2454300.974           -0.9            4.0
    2454314.939            0.9            3.6
    2454318.981           11.7            4.2
    2454344.859           -6.4            4.3
    2454348.917           14.6            4.0
    2454391.887            7.4            5.4
    2454394.775            2.7            4.2
    2454418.777           15.4            4.5
    2454420.763            3.5            4.2
    2454440.653           -5.4            3.4
    2454443.651           11.3            3.6
    2454481.638           -5.0            3.9
    2454503.651           -4.5            4.3
    2454645.984            7.5            4.5
    2454646.968            7.0            4.2
    2454668.009            9.2            3.7
    2454681.904            5.2            3.8
     2454683.97           -9.3            3.8
    2454711.893          -12.9            4.1
    2454713.873           -3.0            4.2
    2454715.882            5.8            4.6
    2454716.875            3.3            4.1
    2454753.885           -7.9            3.6
     2454755.85            6.3            3.8
    2454777.733           12.1            4.1
    2454806.796            1.2            5.5
     2454808.77          -11.2            4.3
    2454809.763           -6.1            6.1
    2455026.973            5.8            5.7
    2455063.965            4.1            5.0
    2455099.996            1.6            4.9
    2455116.856           21.9            6.8
    2455154.739           -1.0            7.6
    2455174.788            2.9            5.8
    2455364.972            9.9            5.0
    2455419.012            4.5            4.7
    2455446.847            6.9            3.6
    2455446.856            6.5            3.1
    2455463.833            9.6            5.2
    2455466.842           -7.8            4.8
    2455569.653            9.6            4.1
    2455571.713            2.3            4.6
    2455572.671            4.7            4.8
    2455621.621            9.2            4.6
    2455757.974            0.2            5.0
    2455803.919           14.8            4.3
    2455806.936           -6.4            4.3
    2455828.781            8.7            4.2
    2455831.849           11.5            5.1
    2455861.842           -8.4            4.2
    2455864.796            2.6            4.4
    2455892.745            9.3            4.9
