    2451745.994            3.5            4.3
    2451778.895           -3.9            3.7
    2451808.867          -10.0            3.6
    2451853.766            9.9            4.1
    2451856.801            6.3            4.6
    2451898.637            8.5            8.0
    2451932.609           10.2            3.9
    2452163.861            0.9            4.9
    2452175.851            2.5            4.0
    2452307.598           -3.8            4.5
    2452465.989            7.6            5.3
    2452483.985           -0.7            5.0
    2452494.987           17.4            5.0
    2452517.936            8.2            5.2
     2452528.91           11.4            5.2
     2452530.91           10.1            4.5
    2452541.904           -7.7            4.5
    2452543.883           11.1            5.0
    2452559.914           17.5            6.4
    2452561.795            1.4            8.4
    2452571.791           13.7            5.0
     2452589.81            1.0            5.7
    2452603.782           -3.5            4.9
    2452605.724           -3.6            4.8
    2452616.772           10.4            5.9
    2452665.604           15.1            4.2
    2452668.611           -3.3            5.3
    2452837.972           -1.5            5.4
    2452861.963            5.9            4.1
    2452863.985           15.0            5.2
    2452879.918           -4.3            4.2
    2452880.947           -3.9            5.0
    2452898.911            9.2            4.7
    2452900.928            9.9            4.8
    2452932.839           -2.0            4.3
    2452934.804           14.7            4.6
    2452963.753           13.7            5.2
    2452965.809            8.4            5.4
     2453022.63            4.2            5.6
     2453208.01           -7.7            3.8
    2453209.978            3.4            3.7
    2453214.961           -1.2            4.2
    2453231.961            5.1            4.0
    2453233.909            7.2            3.9
     2453235.96           -1.4            4.2
    2453265.899            2.7            3.8
    2453268.919           10.9            4.0
     2453269.81            3.3            3.5
    2453286.828           -4.7            3.8
    2453324.713           10.5            5.5
    2453354.654           17.8            3.8
    2453400.642            0.2            7.5
    2453550.983            3.8            4.4
    2453578.964           -6.8            4.6
    2453613.923            1.8            4.2
    2453654.771            3.9            4.1
    2453701.724            6.0            4.6
    2453740.745            3.5            4.7
    2453911.993           -5.2            3.6
    2453917.013            7.9            3.9
    2453934.974            2.2            3.9
    2453968.925           -2.2            3.2
    2453981.851            2.0            3.8
    2453985.899            2.4            4.0
    2454055.755            3.1            3.9
    2454297.975            6.3            4.1
    2454300.974            2.3            4.0
    2454314.939            2.2            3.6
    2454318.981            5.8            4.2
    2454344.859            1.5            4.3
    2454348.917            6.5            4.0
    2454391.887            9.1            5.4
    2454394.775            2.4            4.2
    2454418.777           -6.1            4.5
    2454420.763           11.6            4.2
    2454440.653            4.7            3.4
    2454443.651            1.8            3.6
    2454481.638           -5.9            3.9
    2454503.651           -6.4            4.3
    2454645.984            9.3            4.5
    2454646.968           10.7            4.2
    2454668.009            3.8            3.7
    2454681.904            5.6            3.8
     2454683.97           10.2            3.8
    2454711.893           12.0            4.1
    2454713.873            3.6            4.2
    2454715.882           -0.7            4.6
    2454716.875           -2.7            4.1
    2454753.885            2.5            3.6
     2454755.85            8.6            3.8
    2454777.733            8.3            4.1
    2454806.796            4.8            5.5
     2454808.77           -5.8            4.3
    2454809.763           -7.5            6.1
    2455026.973            5.4            5.7
    2455063.965            6.9            5.0
    2455099.996           -2.8            4.9
    2455116.856           12.4            6.8
    2455154.739           16.8            7.6
    2455174.788            4.5            5.8
    2455364.972           15.4            5.0
    2455419.012           -0.9            4.7
    2455446.847           -5.9            3.6
    2455446.856           -6.2            3.1
    2455463.833            7.2            5.2
    2455466.842           12.4            4.8
    2455569.653            2.2            4.1
    2455571.713            6.2            4.6
    2455572.671           17.3            4.8
    2455621.621            2.4            4.6
    2455757.974           13.4            5.0
    2455803.919           -4.5            4.3
    2455806.936           10.2            4.3
    2455828.781           14.3            4.2
    2455831.849            3.8            5.1
    2455861.842            2.8            4.2
    2455864.796           10.8            4.4
    2455892.745           15.9            4.9
