    2451745.994            0.1            4.3
    2451778.895            6.2            3.7
    2451808.867           -5.7            3.6
    2451853.766            6.3            4.1
    2451856.801            7.3            4.6
    2451898.637           17.6            8.0
    2451932.609           -1.0            3.9
    2452163.861          -12.7            4.9
    2452175.851           -6.1            4.0
    2452307.598           -0.7            4.5
    2452465.989            7.9            5.3
    2452483.985           -5.2            5.0
    2452494.987            7.4            5.0
    2452517.936            4.9            5.2
     2452528.91           15.4            5.2
     2452530.91            3.7            4.5
    2452541.904            2.7            4.5
    2452543.883           -2.6            5.0
    2452559.914           20.3            6.4
    2452561.795           -5.4            8.4
    2452571.791           10.6            5.0
     2452589.81            0.1            5.7
    2452603.782           20.0            4.9
    2452605.724            9.8            4.8
    2452616.772           14.3            5.9
    2452665.604           16.0            4.2
    2452668.611           15.9            5.3
    2452837.972           -3.5            5.4
    2452861.963            8.4            4.1
    2452863.985           -0.6            5.2
    2452879.918           20.0            4.2
    2452880.947            9.6            5.0
    2452898.911           -8.6            4.7
    2452900.928           11.2            4.8
    2452932.839            7.1            4.3
    2452934.804            1.1            4.6
    2452963.753           18.8            5.2
    2452965.809           11.6            5.4
     2453022.63           -7.1            5.6
     2453208.01            5.9            3.8
    2453209.978            3.3            3.7
    2453214.961           -1.6            4.2
    2453231.961           -2.6            4.0
    2453233.909           -6.2            3.9
     2453235.96           -3.3            4.2
    2453265.899            4.1            3.8
    2453268.919            3.5            4.0
     2453269.81            9.1            3.5
    2453286.828           11.2            3.8
    2453324.713            0.8            5.5
    2453354.654           -3.0            3.8
    2453400.642           16.4            7.5
    2453550.983           -0.9            4.4
    2453578.964           -5.4            4.6
    2453613.923          -15.0            4.2
    2453654.771           14.6            4.1
    2453701.724            4.0            4.6
    2453740.745            6.6            4.7
    2453911.993           -3.4            3.6
    2453917.013            1.2            3.9
    2453934.974            9.5            3.9
    2453968.925           -1.8            3.2
    2453981.851            6.8            3.8
    2453985.899           -5.3            4.0
    2454055.755            5.9            3.9
    2454297.975           -2.7            4.1
    2454300.974           -9.8            4.0
    2454314.939           -8.9            3.6
    2454318.981            3.6            4.2
    2454344.859           11.5            4.3
    2454348.917           -8.9            4.0
    2454391.887           -1.5            5.4
    2454394.775            1.4            4.2
    2454418.777            4.5            4.5
    2454420.763           -7.4            4.2
    2454440.653          -16.5            3.4
    2454443.651            6.6            3.6
    2454481.638           13.0            3.9
    2454503.651            0.5            4.3
    2454645.984            0.8            4.5
    2454646.968           -8.6            4.2
    2454668.009            6.8            3.7
    2454681.904            1.0            3.8
     2454683.97            0.6            3.8
    2454711.893           -9.0            4.1
    2454713.873            5.6            4.2
    2454715.882            4.3            4.6
    2454716.875            0.7            4.1
    2454753.885           15.4            3.6
     2454755.85           -1.5            3.8
    2454777.733            2.7            4.1
    2454806.796            6.4            5.5
     2454808.77           -0.5            4.3
    2454809.763           -2.6            6.1
    2455026.973           -7.9            5.7
    2455063.965          -12.0            5.0
    2455099.996           17.7            4.9
    2455116.856           11.9            6.8
    2455154.739           10.0            7.6
    2455174.788           21.5            5.8
    2455364.972           -1.2            5.0
    2455419.012           -0.8            4.7
    2455446.847           14.1            3.6
    2455446.856           13.4            3.1
    2455463.833           18.8            5.2
    2455466.842            2.2            4.8
    2455569.653           16.8            4.1
    2455571.713           12.2            4.6
    2455572.671            5.9            4.8
    2455621.621           12.6            4.6
    2455757.974           19.3            5.0
    2455803.919           -6.4            4.3
    2455806.936            5.0            4.3
    2455828.781            9.0            4.2
    2455831.849           20.5            5.1
    2455861.842            6.0            4.2
    2455864.796          -12.0            4.4
    2455892.745            8.9            4.9
