    2451745.994           17.2            4.3
    2451778.895           14.5            3.7
    2451808.867            7.4            3.6
    2451853.766            8.0            4.1
    2451856.801            9.5            4.6
    2451898.637           10.6            8.0
    2451932.609           12.2            3.9
    2452163.861           -1.6            4.9
    2452175.851           -6.3            4.0
    2452307.598           -6.9            4.5
    2452465.989          -10.9            5.3
    2452483.985            9.4            5.0
    2452494.987           15.2            5.0
    2452517.936           -4.0            5.2
     2452528.91           21.8            5.2
     2452530.91           10.8            4.5
    2452541.904           10.4            4.5
    2452543.883           12.5            5.0
    2452559.914            7.0            6.4
    2452561.795           12.3            8.4
    2452571.791            7.8            5.0
     2452589.81           22.2            5.7
    2452603.782          -14.4            4.9
    2452605.724           -2.9            4.8
    2452616.772           13.3            5.9
    2452665.604            4.0            4.2
    2452668.611            6.8            5.3
    2452837.972           22.4            5.4
    2452861.963           16.9            4.1
    2452863.985            8.7            5.2
    2452879.918            5.6            4.2
    2452880.947           13.1            5.0
    2452898.911            7.9            4.7
    2452900.928           -6.2            4.8
    2452932.839           -2.5            4.3
    2452934.804           -9.9            4.6
    2452963.753           13.4            5.2
    2452965.809            7.7            5.4
     2453022.63            6.6            5.6
     2453208.01            9.3            3.8
    2453209.978           -2.6            3.7
    2453214.961           21.8            4.2
    2453231.961           -6.8            4.0
    2453233.909          -15.6            3.9
     2453235.96            8.3            4.2
    2453265.899           12.7            3.8
    2453268.919            8.7            4.0
     2453269.81            8.2            3.5
    2453286.828           -1.7            3.8
    2453324.713           18.1            5.5
    2453354.654           12.2            3.8
    2453400.642            9.2            7.5
    2453550.983           22.4            4.4
    2453578.964            5.3            4.6
    2453613.923           -9.2            4.2
    2453654.771           10.0            4.1
    2453701.724           -7.2            4.6
    2453740.745           11.5            4.7
    2453911.993            7.6            3.6
    2453917.013           -8.9            3.9
    2453934.974            0.7            3.9
    2453968.925           -7.3            3.2
    2453981.851           20.4            3.8
    2453985.899           14.9            4.0
    2454055.755           18.9            3.9
    2454297.975            8.7            4.1
    2454300.974            9.8            4.0
    2454314.939           -0.2            3.6
    2454318.981           14.4            4.2
    2454344.859           -7.3            4.3
    2454348.917            0.7            4.0
    2454391.887           16.7            5.4
    2454394.775           11.3            4.2
    2454418.777            3.1            4.5
    2454420.763           -0.7            4.2
    2454440.653           18.1            3.4
    2454443.651           18.2            3.6
    2454481.638            4.3            3.9
    2454503.651            0.9            4.3
    2454645.984           11.2            4.5
    2454646.968            5.9            4.2
    2454668.009           14.9            3.7
    2454681.904            2.1            3.8
     2454683.97            7.6            3.8
    2454711.893           -5.0            4.1
    2454713.873           13.1            4.2
    2454715.882            9.0            4.6
    2454716.875           19.4            4.1
    2454753.885            4.1            3.6
     2454755.85           -1.0            3.8
    2454777.733           15.3            4.1
    2454806.796          -14.6            5.5
     2454808.77           -2.7            4.3
    2454809.763          -15.4            6.1
    2455026.973           -9.9            5.7
    2455063.965           -4.7            5.0
    2455099.996            3.7            4.9
    2455116.856           11.2            6.8
    2455154.739           15.7            7.6
    2455174.788           12.9            5.8
    2455364.972           13.2            5.0
    2455419.012            5.3            4.7
    2455446.847           -7.6            3.6
    2455446.856           -8.0            3.1
    2455463.833           10.5            5.2
    2455466.842            8.1            4.8
    2455569.653           -2.7            4.1
    2455571.713           -7.2            4.6
    2455572.671            0.3            4.8
    2455621.621            7.1            4.6
    2455757.974            4.1            5.0
    2455803.919           13.4            4.3
    2455806.936            6.8            4.3
    2455828.781           -4.4            4.2
    2455831.849           -4.5            5.1
    2455861.842           10.4            4.2
    2455864.796            2.9            4.4
    2455892.745            0.5            4.9
