    2451745.994            7.6            4.3
    2451778.895            9.7            3.7
    2451808.867           -3.4            3.6
    2451853.766           -5.7            4.1
    2451856.801           -0.6            4.6
    2451898.637           -1.8            8.0
    2451932.609           -3.3            3.9
    2452163.861            7.9            4.9
    2452175.851           10.3            4.0
    2452307.598            7.2            4.5
    2452465.989           -3.3            5.3
    2452483.985            5.5            5.0
    2452494.987            1.4            5.0
    2452517.936            9.7            5.2
     2452528.91            3.2            5.2
     2452530.91           -1.6            4.5
    2452541.904           -1.2            4.5
    2452543.883            6.3            5.0
    2452559.914            3.2            6.4
    2452561.795           -0.6            8.4
    2452571.791           10.2            5.0
     2452589.81           -1.6            5.7
    2452603.782           -2.1            4.9
    2452605.724            4.6            4.8
    2452616.772           13.7            5.9
    2452665.604            0.3            4.2
    2452668.611           -2.4            5.3
    2452837.972            5.4            5.4
    2452861.963            3.5            4.1
    2452863.985           14.0            5.2
    2452879.918            3.5            4.2
    2452880.947           12.4            5.0
    2452898.911            3.1            4.7
    2452900.928            9.3            4.8
    2452932.839           -2.0            4.3
    2452934.804            2.3            4.6
    2452963.753            1.9            5.2
    2452965.809            4.3            5.4
     2453022.63            2.6            5.6
     2453208.01           -2.2            3.8
    2453209.978            8.4            3.7
    2453214.961            9.0            4.2
    2453231.961            9.8            4.0
    2453233.909           -0.7            3.9
     2453235.96           -2.2            4.2
    2453265.899            4.7            3.8
    2453268.919            4.4            4.0
     2453269.81           -3.9            3.5
    2453286.828           -0.2            3.8
    2453324.713           13.4            5.5
    2453354.654            2.0            3.8
    2453400.642           15.1            7.5
    2453550.983           -5.1            4.4
    2453578.964           -2.4            4.6
    2453613.923            6.3            4.2
    2453654.771            2.2            4.1
    2453701.724           11.3            4.6
    2453740.745            7.0            4.7
    2453911.993            4.5            3.6
    2453917.013            4.6            3.9
    2453934.974           11.4            3.9
    2453968.925            5.1            3.2
    2453981.851           10.5            3.8
    2453985.899            5.3            4.0
    2454055.755            4.6            3.9
    2454297.975            3.7            4.1
    2454300.974           -1.4            4.0
    2454314.939            3.5            3.6
    2454318.981            4.3            4.2
    2454344.859           11.9            4.3
    2454348.917           -3.3            4.0
    2454391.887            7.6            5.4
    2454394.775            4.6            4.2
    2454418.777            3.3            4.5
    2454420.763           12.6            4.2
    2454440.653            8.9            3.4
    2454443.651            3.7            3.6
    2454481.638            0.7            3.9
    2454503.651            2.3            4.3
    2454645.984            9.2            4.5
    2454646.968           -0.3            4.2
    2454668.009            4.9            3.7
    2454681.904            5.5            3.8
     2454683.97           -0.2            3.8
    2454711.893           -3.6            4.1
    2454713.873           -3.3            4.2
    2454715.882            6.4            4.6
    2454716.875           -2.3            4.1
    2454753.885            1.7            3.6
     2454755.85            3.5            3.8
    2454777.733            6.5            4.1
    2454806.796           -3.4            5.5
     2454808.77            3.9            4.3
    2454809.763           -2.9            6.1
    2455026.973            3.6            5.7
    2455063.965           11.9            5.0
    2455099.996            7.1            4.9
    2455116.856            9.8            6.8
    2455154.739            5.9            7.6
    2455174.788            4.4            5.8
    2455364.972           13.0            5.0
    2455419.012           -0.0            4.7
    2455446.847            9.2            3.6
    2455446.856            8.6            3.1
    2455463.833            5.2            5.2
    2455466.842           -1.2            4.8
    2455569.653           11.0            4.1
    2455571.713            3.3            4.6
    2455572.671           11.9            4.8
    2455621.621            0.6            4.6
    2455757.974           12.2            5.0
    2455803.919            6.1            4.3
    2455806.936            5.2            4.3
    2455828.781            5.6            4.2
    2455831.849            4.7            5.1
    2455861.842            5.4            4.2
    2455864.796           10.2            4.4
    2455892.745            3.6            4.9
