    2451745.994           12.9            4.3
    2451778.895           -7.0            3.7
    2451808.867            7.0            3.6
    2451853.766            6.6            4.1
    2451856.801           18.5            4.6
    2451898.637           -2.5            8.0
    2451932.609            4.5            3.9
    2452163.861           18.0            4.9
    2452175.851            6.5            4.0
    2452307.598           -0.9            4.5
    2452465.989           12.8            5.3
    2452483.985           14.4            5.0
    2452494.987            6.6            5.0
    2452517.936            9.3            5.2
     2452528.91           18.3            5.2
     2452530.91            9.1            4.5
    2452541.904           -2.2            4.5
    2452543.883           -6.6            5.0
    2452559.914            5.3            6.4
    2452561.795           -1.1            8.4
    2452571.791            2.2            5.0
     2452589.81           -0.5            5.7
    2452603.782           17.6            4.9
    2452605.724           -5.5            4.8
    2452616.772          -10.4            5.9
    2452665.604           17.7            4.2
    2452668.611           12.6            5.3
    2452837.972           16.5            5.4
    2452861.963           -9.0            4.1
    2452863.985           10.4            5.2
    2452879.918           -8.3            4.2
    2452880.947           -4.8            5.0
    2452898.911           -7.8            4.7
    2452900.928            8.2            4.8
    2452932.839            6.1            4.3
    2452934.804          -11.5            4.6
    2452963.753           -3.5            5.2
    2452965.809           14.4            5.4
     2453022.63           18.4            5.6
     2453208.01           -4.5            3.8
    2453209.978           10.3            3.7
    2453214.961           -0.5            4.2
    2453231.961            9.6            4.0
    2453233.909          -11.7            3.9
     2453235.96            1.5            4.2
    2453265.899           10.8            3.8
    2453268.919           10.0            4.0
     2453269.81           -8.9            3.5
    2453286.828            8.8            3.8
    2453324.713           -7.7            5.5
    2453354.654            3.5            3.8
    2453400.642           -4.9            7.5
    2453550.983           -1.4            4.4
    2453578.964            1.0            4.6
    2453613.923            6.1            4.2
    2453654.771            5.5            4.1
    2453701.724           12.9            4.6
    2453740.745           15.4            4.7
    2453911.993           13.9            3.6
    2453917.013           -8.1            3.9
    2453934.974           -9.6            3.9
    2453968.925            9.7            3.2
    2453981.851           -5.9            3.8
    2453985.899           11.8            4.0
    2454055.755            5.4            3.9
    2454297.975           -2.5            4.1
    2454300.974            8.1            4.0
    2454314.939            4.2            3.6
    2454318.981            1.9            4.2
    2454344.859           -2.4            4.3
    2454348.917           12.2            4.0
    2454391.887           -0.6            5.4
    2454394.775           20.8            4.2
    2454418.777           -6.1            4.5
    2454420.763            9.6            4.2
    2454440.653           12.0            3.4
    2454443.651           -7.1            3.6
    2454481.638           -1.9            3.9
    2454503.651            8.2            4.3
    2454645.984           -4.7            4.5
    2454646.968           10.1            4.2
    2454668.009           11.7            3.7
    2454681.904          -10.2            3.8
     2454683.97            7.8            3.8
    2454711.893           13.5            4.1
    2454713.873           10.9            4.2
    2454715.882            9.3            4.6
    2454716.875           -1.0            4.1
    2454753.885           -6.1            3.6
     2454755.85            2.1            3.8
    2454777.733           17.7            4.1
    2454806.796           16.6            5.5
     2454808.77           -4.1            4.3
    2454809.763            0.7            6.1
    2455026.973           -2.2            5.7
    2455063.965           -7.8            5.0
    2455099.996           -2.0            4.9
    2455116.856           10.9            6.8
    2455154.739           -7.3            7.6
    2455174.788            0.4            5.8
    2455364.972            3.3            5.0
    2455419.012           -5.6            4.7
    2455446.847           -6.6            3.6
    2455446.856           -7.5            3.1
    2455463.833           -1.1            5.2
    2455466.842           11.8            4.8
    2455569.653            9.7            4.1
    2455571.713           16.3            4.6
    2455572.671            1.7            4.8
    2455621.621           -0.1            4.6
    2455757.974            6.8            5.0
    2455803.919            5.6            4.3
    2455806.936           13.2            4.3
    2455828.781           -2.6            4.2
    2455831.849           16.5            5.1
    2455861.842            8.0            4.2
    2455864.796           -3.8            4.4
    2455892.745           -1.4            4.9
