    2451745.994            8.1            4.3
    2451778.895           23.4            3.7
    2451808.867            7.6            3.6
    2451853.766           -6.5            4.1
    2451856.801           12.0            4.6
    2451898.637          -12.9            8.0
    2451932.609           -1.7            3.9
    2452163.861            7.1            4.9
    2452175.851           18.4            4.0
    2452307.598          -26.9            4.5
    2452465.989           21.8            5.3
    2452483.985           -4.4            5.0
    2452494.987           14.2            5.0
    2452517.936           14.7            5.2
     2452528.91            5.4            5.2
     2452530.91           15.5            4.5
    2452541.904           14.8            4.5
    2452543.883            8.7            5.0
    2452559.914           12.5            6.4
    2452561.795          -20.8            8.4
    2452571.791            6.4            5.0
     2452589.81           34.6            5.7
    2452603.782           11.3            4.9
    2452605.724           -1.6            4.8
    2452616.772           19.2            5.9
    2452665.604          -26.6            4.2
    2452668.611            8.1            5.3
    2452837.972            6.4            5.4
    2452861.963           20.6            4.1
    2452863.985           -9.0            5.2
    2452879.918           -1.7            4.2
    2452880.947           -2.6            5.0
    2452898.911          -27.1            4.7
    2452900.928            6.9            4.8
    2452932.839          -27.7            4.3
    2452934.804           25.9            4.6
    2452963.753           -9.2            5.2
    2452965.809           16.7            5.4
     2453022.63          -15.2            5.6
     2453208.01           14.8            3.8
    2453209.978            0.9            3.7
    2453214.961           17.6            4.2
    2453231.961           -3.8            4.0
    2453233.909           34.3            3.9
     2453235.96            3.9            4.2
    2453265.899            9.4            3.8
    2453268.919          -13.0            4.0
     2453269.81          -27.4            3.5
    2453286.828            9.8            3.8
    2453324.713            4.2            5.5
    2453354.654           -3.7            3.8
    2453400.642           25.7            7.5
    2453550.983           -5.6            4.4
    2453578.964           18.1            4.6
    2453613.923          -16.7            4.2
    2453654.771           -1.1            4.1
    2453701.724           -1.3            4.6
    2453740.745           19.6            4.7
    2453911.993           11.5            3.6
    2453917.013            1.7            3.9
    2453934.974           -1.9            3.9
    2453968.925           -5.9            3.2
    2453981.851           -7.2            3.8
    2453985.899          -17.8            4.0
    2454055.755            7.8            3.9
    2454297.975            1.6            4.1
    2454300.974           -8.3            4.0
    2454314.939            3.9            3.6
    2454318.981            7.3            4.2
    2454344.859           -2.2            4.3
    2454348.917          -10.4            4.0
    2454391.887           16.0            5.4
    2454394.775           -1.9            4.2
    2454418.777           29.1            4.5
    2454420.763           -4.8            4.2
    2454440.653            5.0            3.4
    2454443.651           -8.8            3.6
    2454481.638            3.2            3.9
    2454503.651            1.1            4.3
    2454645.984            0.4            4.5
    2454646.968           -9.7            4.2
    2454668.009          -14.0            3.7
    2454681.904            1.6            3.8
     2454683.97            2.3            3.8
    2454711.893           11.9            4.1
    2454713.873           -2.1            4.2
    2454715.882           14.5            4.6
    2454716.875           26.4            4.1
    2454753.885           -8.1            3.6
     2454755.85           20.0            3.8
    2454777.733           -0.4            4.1
    2454806.796           17.6            5.5
     2454808.77          -19.8            4.3
    2454809.763          -14.2            6.1
    2455026.973            9.3            5.7
    2455063.965          -19.0            5.0
    2455099.996           26.9            4.9
    2455116.856           -7.1            6.8
    2455154.739           -6.9            7.6
    2455174.788           -4.9            5.8
    2455364.972           21.9            5.0
    2455419.012           12.9            4.7
    2455446.847            6.1            3.6
    2455446.856            4.5            3.1
    2455463.833           14.8            5.2
    2455466.842           -3.1            4.8
    2455569.653           -2.2            4.1
    2455571.713          -10.6            4.6
    2455572.671          -17.5            4.8
    2455621.621           17.3            4.6
    2455757.974           -4.4            5.0
    2455803.919           17.0            4.3
    2455806.936            5.3            4.3
    2455828.781            0.0            4.2
    2455831.849          -15.6            5.1
    2455861.842          -14.3            4.2
    2455864.796           20.2            4.4
    2455892.745           -7.0            4.9
