    2451745.994           -2.4            4.3
    2451778.895           -6.9            3.7
    2451808.867           -7.9            3.6
    2451853.766          -11.8            4.1
    2451856.801           16.5            4.6
    2451898.637            3.6            8.0
    2451932.609           13.4            3.9
    2452163.861           15.0            4.9
    2452175.851           15.1            4.0
    2452307.598           12.5            4.5
    2452465.989           16.7            5.3
    2452483.985           16.9            5.0
    2452494.987            7.1            5.0
    2452517.936           -7.6            5.2
     2452528.91           16.4            5.2
     2452530.91           -6.4            4.5
    2452541.904            6.2            4.5
    2452543.883           -5.7            5.0
    2452559.914           18.3            6.4
    2452561.795           -2.5            8.4
    2452571.791           20.1            5.0
     2452589.81           19.4            5.7
    2452603.782           11.8            4.9
    2452605.724           -9.4            4.8
    2452616.772            5.7            5.9
    2452665.604           12.8            4.2
    2452668.611          -11.7            5.3
    2452837.972           -9.2            5.4
    2452861.963            0.4            4.1
    2452863.985           -2.3            5.2
    2452879.918           12.0            4.2
    2452880.947           -0.2            5.0
    2452898.911           10.8            4.7
    2452900.928           -7.6            4.8
    2452932.839           -3.1            4.3
    2452934.804           19.3            4.6
    2452963.753           -7.3            5.2
    2452965.809           16.7            5.4
     2453022.63           15.4            5.6
     2453208.01           -4.5            3.8
    2453209.978           13.5            3.7
    2453214.961           -7.5            4.2
    2453231.961           -5.3            4.0
    2453233.909          -10.7            3.9
     2453235.96           14.8            4.2
    2453265.899            1.0            3.8
    2453268.919            9.9            4.0
     2453269.81           -1.7            3.5
    2453286.828           16.3            3.8
    2453324.713           19.8            5.5
    2453354.654           14.6            3.8
    2453400.642           11.6            7.5
    2453550.983           14.4            4.4
    2453578.964           -3.4            4.6
    2453613.923           10.8            4.2
    2453654.771            1.2            4.1
    2453701.724            2.5            4.6
    2453740.745           -8.1            4.7
    2453911.993            1.9            3.6
    2453917.013          -11.2            3.9
    2453934.974           -7.0            3.9
    2453968.925           12.0            3.2
    2453981.851           12.4            3.8
    2453985.899           -8.4            4.0
    2454055.755            0.8            3.9
    2454297.975           -0.0            4.1
    2454300.974            7.5            4.0
    2454314.939           14.8            3.6
    2454318.981           -7.7            4.2
    2454344.859           12.9            4.3
    2454348.917           -9.6            4.0
    2454391.887            4.1            5.4
    2454394.775            8.0            4.2
    2454418.777           -8.1            4.5
    2454420.763           16.9            4.2
    2454440.653           17.6            3.4
    2454443.651           -8.9            3.6
    2454481.638          -10.9            3.9
    2454503.651           15.6            4.3
    2454645.984           10.3            4.5
    2454646.968           18.0            4.2
    2454668.009           -3.5            3.7
    2454681.904           -6.0            3.8
     2454683.97           18.8            3.8
    2454711.893           -6.0            4.1
    2454713.873           -4.0            4.2
    2454715.882           18.8            4.6
    2454716.875           13.3            4.1
    2454753.885           17.8            3.6
     2454755.85           -5.8            3.8
    2454777.733           11.4            4.1
    2454806.796           -8.3            5.5
     2454808.77            9.8            4.3
    2454809.763           22.2            6.1
    2455026.973           -3.4            5.7
    2455063.965          -14.3            5.0
    2455099.996            5.8            4.9
    2455116.856           17.5            6.8
    2455154.739           25.5            7.6
    2455174.788            9.0            5.8
    2455364.972           -5.4            5.0
    2455419.012           13.7            4.7
    2455446.847           -7.0            3.6
    2455446.856           -7.5            3.1
    2455463.833            4.1            5.2
    2455466.842            2.6            4.8
    2455569.653            8.4            4.1
    2455571.713          -11.4            4.6
    2455572.671           -6.1            4.8
    2455621.621           -7.2            4.6
    2455757.974           10.2            5.0
    2455803.919           -9.1            4.3
    2455806.936           16.3            4.3
    2455828.781           -8.7            4.2
    2455831.849           23.0            5.1
    2455861.842            0.4            4.2
    2455864.796            7.1            4.4
    2455892.745           -2.7            4.9
