    2451745.994           -1.8            4.3
    2451778.895           18.5            3.7
    2451808.867           13.2            3.6
    2451853.766           -7.5            4.1
    2451856.801           10.0            4.6
    2451898.637           15.3            8.0
    2451932.609           13.5            3.9
    2452163.861           -3.1            4.9
    2452175.851           24.4            4.0
    2452307.598            2.3            4.5
    2452465.989            5.2            5.3
    2452483.985          -14.9            5.0
    2452494.987            9.4            5.0
    2452517.936           -0.9            5.2
     2452528.91           25.7            5.2
     2452530.91           -7.0            4.5
    2452541.904           11.9            4.5
    2452543.883            2.9            5.0
    2452559.914            2.7            6.4
    2452561.795            0.2            8.4
    2452571.791            9.2            5.0
     2452589.81            9.0            5.7
    2452603.782           -7.8            4.9
    2452605.724           14.2            4.8
    2452616.772            5.9            5.9
    2452665.604          -10.1            4.2
    2452668.611          -10.0            5.3
    2452837.972           -6.4            5.4
    2452861.963           12.2            4.1
    2452863.985            2.4            5.2
    2452879.918           -2.8            4.2
    2452880.947          -10.2            5.0
    2452898.911            0.1            4.7
    2452900.928           10.4            4.8
    2452932.839            0.2            4.3
    2452934.804           10.3            4.6
    2452963.753            7.5            5.2
    2452965.809            7.0            5.4
     2453022.63          -12.7            5.6
     2453208.01           -4.0            3.8
    2453209.978           10.8            3.7
    2453214.961           16.1            4.2
    2453231.961           16.6            4.0
    2453233.909           -8.1            3.9
     2453235.96           11.3            4.2
    2453265.899           -1.9            3.8
    2453268.919           -7.6            4.0
     2453269.81          -11.0            3.5
    2453286.828            2.2            3.8
    2453324.713           -7.2            5.5
    2453354.654           -0.9            3.8
    2453400.642           10.1            7.5
    2453550.983            5.5            4.4
    2453578.964           -5.7            4.6
    2453613.923           -0.8            4.2
    2453654.771           15.5            4.1
    2453701.724           17.1            4.6
    2453740.745           22.3            4.7
    2453911.993           -5.9            3.6
    2453917.013           -7.4            3.9
    2453934.974            6.2            3.9
    2453968.925            2.0            3.2
    2453981.851            2.5            3.8
    2453985.899            3.7            4.0
    2454055.755           13.7            3.9
    2454297.975           19.6            4.1
    2454300.974           -0.5            4.0
    2454314.939           14.8            3.6
    2454318.981           14.7            4.2
    2454344.859           11.0            4.3
    2454348.917           15.9            4.0
    2454391.887           16.7            5.4
    2454394.775           -7.3            4.2
    2454418.777           21.2            4.5
    2454420.763           -9.4            4.2
    2454440.653           14.3            3.4
    2454443.651            9.3            3.6
    2454481.638           -0.3            3.9
    2454503.651           11.8            4.3
    2454645.984           -5.7            4.5
    2454646.968           15.9            4.2
    2454668.009            5.0            3.7
    2454681.904            9.0            3.8
     2454683.97           -2.9            3.8
    2454711.893           11.7            4.1
    2454713.873           -6.5            4.2
    2454715.882           15.7            4.6
    2454716.875           20.2            4.1
    2454753.885           11.9            3.6
     2454755.85            7.4            3.8
    2454777.733            1.1            4.1
    2454806.796            9.6            5.5
     2454808.77           -8.7            4.3
    2454809.763            5.4            6.1
    2455026.973           16.8            5.7
    2455063.965           -3.2            5.0
    2455099.996           14.3            4.9
    2455116.856           19.5            6.8
    2455154.739           -0.8            7.6
    2455174.788            2.1            5.8
    2455364.972            8.1            5.0
    2455419.012           25.2            4.7
    2455446.847           -8.0            3.6
    2455446.856           -9.2            3.1
    2455463.833            3.2            5.2
    2455466.842           19.7            4.8
    2455569.653           13.4            4.1
    2455571.713           -5.1            4.6
    2455572.671            2.1            4.8
    2455621.621            9.1            4.6
    2455757.974            0.2            5.0
    2455803.919            7.1            4.3
    2455806.936            2.9            4.3
    2455828.781            5.1            4.2
    2455831.849           -7.9            5.1
    2455861.842           -7.4            4.2
    2455864.796           -2.9            4.4
    2455892.745           11.2            4.9
