    2451745.994          -11.7            4.3
    2451778.895           -2.1            3.7
    2451808.867           13.5            3.6
    2451853.766           10.9            4.1
    2451856.801            5.5            4.6
    2451898.637            5.1            8.0
    2451932.609           -0.6            3.9
    2452163.861          -14.2            4.9
    2452175.851           10.8            4.0
    2452307.598           -3.2            4.5
    2452465.989           18.9            5.3
    2452483.985           -9.2            5.0
    2452494.987          -10.8            5.0
    2452517.936            1.1            5.2
     2452528.91           -2.5            5.2
     2452530.91           -8.9            4.5
    2452541.904           12.9            4.5
    2452543.883           -2.6            5.0
    2452559.914           15.1            6.4
    2452561.795           11.9            8.4
    2452571.791           16.6            5.0
     2452589.81            7.3            5.7
    2452603.782            5.8            4.9
    2452605.724            9.0            4.8
    2452616.772            3.6            5.9
    2452665.604            9.0            4.2
    2452668.611          -11.2            5.3
    2452837.972            3.0            5.4
    2452861.963           -4.6            4.1
    2452863.985           -2.8            5.2
    2452879.918           -6.0            4.2
    2452880.947          -11.3            5.0
    2452898.911            5.7            4.7
    2452900.928            4.0            4.8
    2452932.839           -2.4            4.3
    2452934.804           10.7            4.6
    2452963.753           -1.3            5.2
    2452965.809            1.5            5.4
     2453022.63          -11.3            5.6
     2453208.01            5.2            3.8
    2453209.978            7.2            3.7
    2453214.961            3.6            4.2
    2453231.961           -0.2            4.0
    2453233.909           13.6            3.9
     2453235.96           12.1            4.2
    2453265.899           -5.4            3.8
    2453268.919           -7.8            4.0
     2453269.81            8.4            3.5
    2453286.828           11.6            3.8
    2453324.713           31.6            5.5
    2453354.654           14.9            3.8
    2453400.642            5.2            7.5
    2453550.983           14.7            4.4
    2453578.964           10.0            4.6
    2453613.923          -11.9            4.2
    2453654.771            3.6            4.1
    2453701.724            8.4            4.6
    2453740.745            6.1            4.7
    2453911.993           -1.2            3.6
    2453917.013            8.4            3.9
    2453934.974           18.1            3.9
    2453968.925           21.0            3.2
    2453981.851            3.5            3.8
    2453985.899           16.6            4.0
    2454055.755            8.8            3.9
    2454297.975            8.5            4.1
    2454300.974           -6.1            4.0
    2454314.939           18.4            3.6
    2454318.981           19.1            4.2
    2454344.859            5.0            4.3
    2454348.917            7.7            4.0
    2454391.887           -3.3            5.4
    2454394.775            2.4            4.2
    2454418.777           13.8            4.5
    2454420.763           16.9            4.2
    2454440.653           -1.2            3.4
    2454443.651            5.5            3.6
    2454481.638            1.7            3.9
    2454503.651           -2.7            4.3
    2454645.984           -4.5            4.5
    2454646.968           -2.7            4.2
    2454668.009            1.1            3.7
    2454681.904            8.4            3.8
     2454683.97           18.1            3.8
    2454711.893           -6.5            4.1
    2454713.873            3.9            4.2
    2454715.882            4.0            4.6
    2454716.875            0.0            4.1
    2454753.885           19.0            3.6
     2454755.85           25.0            3.8
    2454777.733           -1.0            4.1
    2454806.796           24.1            5.5
     2454808.77           18.0            4.3
    2454809.763            0.1            6.1
    2455026.973            6.5            5.7
    2455063.965           -6.3            5.0
    2455099.996            0.8            4.9
    2455116.856          -12.3            6.8
    2455154.739           14.6            7.6
    2455174.788           12.0            5.8
    2455364.972            1.1            5.0
    2455419.012           24.6            4.7
    2455446.847            8.8            3.6
    2455446.856            8.3            3.1
    2455463.833            0.5            5.2
    2455466.842           -7.6            4.8
    2455569.653            9.2            4.1
    2455571.713           19.0            4.6
    2455572.671            1.5            4.8
    2455621.621           -8.2            4.6
    2455757.974           -2.0            5.0
    2455803.919            5.8            4.3
    2455806.936           20.8            4.3
    2455828.781            0.9            4.2
    2455831.849          -13.3            5.1
    2455861.842           -4.7            4.2
    2455864.796            2.0            4.4
    2455892.745           -3.3            4.9
