    2451745.994          -10.5            4.3
    2451778.895           -5.5            3.7
    2451808.867            3.9            3.6
    2451853.766           -4.3            4.1
    2451856.801           -8.7            4.6
    2451898.637           12.7            8.0
    2451932.609            5.9            3.9
    2452163.861           -0.5            4.9
    2452175.851            3.8            4.0
    2452307.598           -1.4            4.5
    2452465.989            2.8            5.3
    2452483.985            1.6            5.0
    2452494.987            7.5            5.0
    2452517.936           -1.2            5.2
     2452528.91           24.9            5.2
     2452530.91           11.3            4.5
    2452541.904            8.7            4.5
    2452543.883           15.7            5.0
    2452559.914           21.4            6.4
    2452561.795           11.4            8.4
    2452571.791           -6.9            5.0
     2452589.81           -0.2            5.7
    2452603.782            5.8            4.9
    2452605.724           11.1            4.8
    2452616.772           16.5            5.9
    2452665.604            7.6            4.2
    2452668.611           17.2            5.3
    2452837.972            6.9            5.4
    2452861.963            8.8            4.1
    2452863.985           20.3            5.2
    2452879.918           22.6            4.2
    2452880.947            1.9            5.0
    2452898.911          -14.5            4.7
    2452900.928            2.8            4.8
    2452932.839           -0.6            4.3
    2452934.804            4.9            4.6
    2452963.753            1.6            5.2
    2452965.809            9.2            5.4
     2453022.63           -8.3            5.6
     2453208.01            7.5            3.8
    2453209.978            5.9            3.7
    2453214.961           21.4            4.2
    2453231.961           -3.5            4.0
    2453233.909           -6.1            3.9
     2453235.96           11.0            4.2
    2453265.899           -5.0            3.8
    2453268.919           19.6            4.0
     2453269.81           15.4            3.5
    2453286.828            3.7            3.8
    2453324.713            0.5            5.5
    2453354.654           21.6            3.8
    2453400.642           23.5            7.5
    2453550.983            9.8            4.4
    2453578.964           14.9            4.6
    2453613.923           -2.0            4.2
    2453654.771           -9.3            4.1
    2453701.724           -8.8            4.6
    2453740.745           -1.4            4.7
    2453911.993            4.6            3.6
    2453917.013           18.7            3.9
    2453934.974            3.2            3.9
    2453968.925           12.0            3.2
    2453981.851           -2.2            3.8
    2453985.899           10.7            4.0
    2454055.755           16.5            3.9
    2454297.975           10.9            4.1
    2454300.974            5.5            4.0
    2454314.939            2.2            3.6
    2454318.981            9.8            4.2
    2454344.859           19.8            4.3
    2454348.917           -9.5            4.0
    2454391.887           20.8            5.4
    2454394.775           -0.3            4.2
    2454418.777          -12.9            4.5
    2454420.763            4.3            4.2
    2454440.653            8.4            3.4
    2454443.651            9.2            3.6
    2454481.638            8.2            3.9
    2454503.651          -13.7            4.3
    2454645.984           -1.4            4.5
    2454646.968           21.3            4.2
    2454668.009            0.7            3.7
    2454681.904          -11.2            3.8
     2454683.97           -6.5            3.8
    2454711.893           10.1            4.1
    2454713.873            2.3            4.2
    2454715.882           -2.9            4.6
    2454716.875           14.5            4.1
    2454753.885          -12.6            3.6
     2454755.85           10.4            3.8
    2454777.733           -3.2            4.1
    2454806.796            5.9            5.5
     2454808.77           -5.8            4.3
    2454809.763           13.7            6.1
    2455026.973           -1.4            5.7
    2455063.965          -10.5            5.0
    2455099.996            2.7            4.9
    2455116.856           17.4            6.8
    2455154.739           16.1            7.6
    2455174.788           -6.6            5.8
    2455364.972            8.4            5.0
    2455419.012           14.9            4.7
    2455446.847            3.3            3.6
    2455446.856            2.8            3.1
    2455463.833           -3.4            5.2
    2455466.842           12.6            4.8
    2455569.653           -6.6            4.1
    2455571.713          -11.5            4.6
    2455572.671            2.7            4.8
    2455621.621           10.9            4.6
    2455757.974          -11.9            5.0
    2455803.919          -11.3            4.3
    2455806.936           -3.5            4.3
    2455828.781            6.3            4.2
    2455831.849           12.8            5.1
    2455861.842           16.5            4.2
    2455864.796           18.8            4.4
    2455892.745           11.2            4.9
