    2451745.994            3.7            4.3
    2451778.895            1.4            3.7
    2451808.867            5.9            3.6
    2451853.766            3.3            4.1
    2451856.801            7.0            4.6
    2451898.637            7.6            8.0
    2451932.609            2.8            3.9
    2452163.861            6.1            4.9
    2452175.851            2.2            4.0
    2452307.598            6.3            4.5
    2452465.989            4.4            5.3
    2452483.985            4.6            5.0
    2452494.987            6.1            5.0
    2452517.936            5.6            5.2
     2452528.91            3.8            5.2
     2452530.91            1.6            4.5
    2452541.904            5.6            4.5
    2452543.883            6.1            5.0
    2452559.914            8.6            6.4
    2452561.795            8.1            8.4
    2452571.791            4.6            5.0
     2452589.81            7.7            5.7
    2452603.782            3.4            4.9
    2452605.724            5.6            4.8
    2452616.772            6.4            5.9
    2452665.604            4.2            4.2
    2452668.611            3.5            5.3
    2452837.972            4.8            5.4
    2452861.963            1.9            4.1
    2452863.985            5.4            5.2
    2452879.918            3.3            4.2
    2452880.947            5.4            5.0
    2452898.911            4.9            4.7
    2452900.928            2.3            4.8
    2452932.839            4.2            4.3
    2452934.804            3.8            4.6
    2452963.753            7.3            5.2
    2452965.809            4.7            5.4
     2453022.63            2.5            5.6
     2453208.01            3.2            3.8
    2453209.978            3.9            3.7
    2453214.961            4.6            4.2
    2453231.961            2.3            4.0
    2453233.909            2.4            3.9
     2453235.96            5.4            4.2
    2453265.899            0.9            3.8
    2453268.919            4.7            4.0
     2453269.81            4.0            3.5
    2453286.828            4.1            3.8
    2453324.713            8.3            5.5
    2453354.654            2.2            3.8
    2453400.642            5.9            7.5
    2453550.983            6.8            4.4
    2453578.964            4.3            4.6
    2453613.923            3.2            4.2
    2453654.771            3.9            4.1
    2453701.724            4.3            4.6
    2453740.745            2.0            4.7
    2453911.993            2.5            3.6
    2453917.013            3.7            3.9
    2453934.974            3.1            3.9
    2453968.925            3.2            3.2
    2453981.851            2.5            3.8
    2453985.899            4.2            4.0
    2454055.755            3.0            3.9
    2454297.975            2.9            4.1
    2454300.974            6.2            4.0
    2454314.939            3.3            3.6
    2454318.981            7.1            4.2
    2454344.859            3.9            4.3
    2454348.917            4.6            4.0
    2454391.887            5.7            5.4
    2454394.775            1.3            4.2
    2454418.777            3.2            4.5
    2454420.763            4.4            4.2
    2454440.653            5.6            3.4
    2454443.651            3.0            3.6
    2454481.638            3.3            3.9
    2454503.651            4.9            4.3
    2454645.984            2.3            4.5
    2454646.968            3.3            4.2
    2454668.009            3.2            3.7
    2454681.904            6.8            3.8
     2454683.97            4.2            3.8
    2454711.893            5.1            4.1
    2454713.873            6.6            4.2
    2454715.882            4.6            4.6
    2454716.875            2.8            4.1
    2454753.885            4.2            3.6
     2454755.85            2.7            3.8
    2454777.733            5.6            4.1
    2454806.796            4.9            5.5
     2454808.77            6.1            4.3
    2454809.763            9.1            6.1
    2455026.973            6.3            5.7
    2455063.965            4.7            5.0
    2455099.996            5.9            4.9
    2455116.856            7.5            6.8
    2455154.739            6.5            7.6
    2455174.788            8.1            5.8
    2455364.972            3.3            5.0
    2455419.012            4.0            4.7
    2455446.847            5.9            3.6
    2455446.856            5.4            3.1
    2455463.833            7.2            5.2
    2455466.842            3.7            4.8
    2455569.653            7.0            4.1
    2455571.713            4.7            4.6
    2455572.671            4.0            4.8
    2455621.621            1.3            4.6
    2455757.974            2.3            5.0
    2455803.919            7.2            4.3
    2455806.936            3.7            4.3
    2455828.781            5.6            4.2
    2455831.849            3.7            5.1
    2455861.842            2.6            4.2
    2455864.796            1.9            4.4
    2455892.745            5.9            4.9
