    2451745.994           -0.9            4.3
    2451778.895           -1.2            3.7
    2451808.867           -5.7            3.6
    2451853.766           12.3            4.1
    2451856.801            3.6            4.6
    2451898.637            1.7            8.0
    2451932.609           -2.6            3.9
    2452163.861            3.7            4.9
    2452175.851            7.6            4.0
    2452307.598           14.6            4.5
    2452465.989           -1.4            5.3
    2452483.985            1.9            5.0
    2452494.987            4.4            5.0
    2452517.936           -2.5            5.2
     2452528.91            5.6            5.2
     2452530.91            2.3            4.5
    2452541.904            8.7            4.5
    2452543.883            1.4            5.0
    2452559.914            1.5            6.4
    2452561.795           16.1            8.4
    2452571.791            8.1            5.0
     2452589.81            3.5            5.7
    2452603.782           12.3            4.9
    2452605.724            4.3            4.8
    2452616.772            4.8            5.9
    2452665.604           -3.1            4.2
    2452668.611            3.1            5.3
    2452837.972           10.2            5.4
    2452861.963            4.1            4.1
    2452863.985           13.9            5.2
    2452879.918            4.1            4.2
    2452880.947            2.2            5.0
    2452898.911           -6.3            4.7
    2452900.928            4.1            4.8
    2452932.839            3.6            4.3
    2452934.804           15.6            4.6
    2452963.753            8.8            5.2
    2452965.809           11.3            5.4
     2453022.63           -2.6            5.6
     2453208.01            6.0            3.8
    2453209.978            4.8            3.7
    2453214.961            8.8            4.2
    2453231.961            7.2            4.0
    2453233.909           -4.7            3.9
     2453235.96            7.7            4.2
    2453265.899            4.0            3.8
    2453268.919            5.0            4.0
     2453269.81            9.4            3.5
    2453286.828           12.2            3.8
    2453324.713            5.3            5.5
    2453354.654            4.1            3.8
    2453400.642           10.9            7.5
    2453550.983            9.4            4.4
    2453578.964            7.4            4.6
    2453613.923           10.7            4.2
    2453654.771            2.3            4.1
    2453701.724            9.4            4.6
    2453740.745            6.0            4.7
    2453911.993           -0.5            3.6
    2453917.013           -2.5            3.9
    2453934.974           12.3            3.9
    2453968.925            1.2            3.2
    2453981.851            3.5            3.8
    2453985.899            9.5            4.0
    2454055.755            7.4            3.9
    2454297.975            2.1            4.1
    2454300.974            7.8            4.0
    2454314.939           -2.2            3.6
    2454318.981            9.6            4.2
    2454344.859           -2.1            4.3
    2454348.917            5.0            4.0
    2454391.887           -1.2            5.4
    2454394.775           -2.4            4.2
    2454418.777           10.8            4.5
    2454420.763            3.8            4.2
    2454440.653           15.0            3.4
    2454443.651            1.2            3.6
    2454481.638            8.7            3.9
    2454503.651            2.8            4.3
    2454645.984           -4.1            4.5
    2454646.968           -2.8            4.2
    2454668.009           -1.9            3.7
    2454681.904           13.2            3.8
     2454683.97            4.5            3.8
    2454711.893           14.6            4.1
    2454713.873            4.7            4.2
    2454715.882            7.8            4.6
    2454716.875            0.8            4.1
    2454753.885           14.8            3.6
     2454755.85            0.2            3.8
    2454777.733           -3.9            4.1
    2454806.796            3.3            5.5
     2454808.77            6.9            4.3
    2454809.763            9.6            6.1
    2455026.973            7.9            5.7
    2455063.965           11.3            5.0
    2455099.996           -4.6            4.9
    2455116.856            4.7            6.8
    2455154.739            1.2            7.6
    2455174.788            9.4            5.8
    2455364.972            6.4            5.0
    2455419.012           13.5            4.7
    2455446.847           -0.2            3.6
    2455446.856           -0.8            3.1
    2455463.833           -2.1            5.2
    2455466.842            2.9            4.8
    2455569.653            7.4            4.1
    2455571.713           13.5            4.6
    2455572.671           13.9            4.8
    2455621.621            4.8            4.6
    2455757.974            1.4            5.0
    2455803.919            6.0            4.3
    2455806.936            0.4            4.3
    2455828.781           -5.5            4.2
    2455831.849            7.0            5.1
    2455861.842            1.8            4.2
    2455864.796           13.7            4.4
    2455892.745            4.4            4.9
