    2451745.994            7.2            4.3
    2451778.895            4.7            3.7
    2451808.867           -2.7            3.6
    2451853.766           -2.4            4.1
    2451856.801           -2.9            4.6
    2451898.637           -8.8            8.0
    2451932.609            3.2            3.9
    2452163.861           -0.9            4.9
    2452175.851           18.7            4.0
    2452307.598            2.6            4.5
    2452465.989           -2.8            5.3
    2452483.985           -4.3            5.0
    2452494.987           -4.3            5.0
    2452517.936            6.6            5.2
     2452528.91           12.1            5.2
     2452530.91           15.2            4.5
    2452541.904           10.9            4.5
    2452543.883           11.2            5.0
    2452559.914           19.2            6.4
    2452561.795            8.9            8.4
    2452571.791            0.6            5.0
     2452589.81            7.3            5.7
    2452603.782          -10.4            4.9
    2452605.724            0.7            4.8
    2452616.772           -1.6            5.9
    2452665.604            5.0            4.2
    2452668.611           11.8            5.3
    2452837.972           10.2            5.4
    2452861.963            6.1            4.1
    2452863.985           -1.2            5.2
    2452879.918            5.0            4.2
    2452880.947           15.8            5.0
    2452898.911            7.0            4.7
    2452900.928           -4.6            4.8
    2452932.839            0.6            4.3
    2452934.804           -0.0            4.6
    2452963.753            2.5            5.2
    2452965.809           16.4            5.4
     2453022.63           -8.8            5.6
     2453208.01            1.9            3.8
    2453209.978            7.0            3.7
    2453214.961            8.2            4.2
    2453231.961           -3.6            4.0
    2453233.909            2.8            3.9
     2453235.96           15.3            4.2
    2453265.899            0.9            3.8
    2453268.919           -9.4            4.0
     2453269.81            5.1            3.5
    2453286.828            0.5            3.8
    2453324.713            4.2            5.5
    2453354.654           16.3            3.8
    2453400.642            2.6            7.5
    2453550.983           15.3            4.4
    2453578.964           -4.5            4.6
    2453613.923            2.0            4.2
    2453654.771            8.1            4.1
    2453701.724           10.3            4.6
    2453740.745            4.0            4.7
    2453911.993           13.6            3.6
    2453917.013           16.9            3.9
    2453934.974            7.7            3.9
    2453968.925            4.5            3.2
    2453981.851           -4.3            3.8
    2453985.899            4.3            4.0
    2454055.755           -2.3            3.9
    2454297.975           15.7            4.1
    2454300.974           17.1            4.0
    2454314.939            4.4            3.6
    2454318.981            7.6            4.2
    2454344.859           -6.7            4.3
    2454348.917           13.6            4.0
    2454391.887            2.0            5.4
    2454394.775           -2.9            4.2
    2454418.777            0.5            4.5
    2454420.763            7.5            4.2
    2454440.653            1.8            3.4
    2454443.651           10.9            3.6
    2454481.638            1.5            3.9
    2454503.651            0.4            4.3
    2454645.984           10.2            4.5
    2454646.968           -0.5            4.2
    2454668.009           -7.1            3.7
    2454681.904            5.1            3.8
     2454683.97           -5.1            3.8
    2454711.893           14.2            4.1
    2454713.873            5.2            4.2
    2454715.882            0.5            4.6
    2454716.875           16.1            4.1
    2454753.885            4.4            3.6
     2454755.85           -3.3            3.8
    2454777.733            3.8            4.1
    2454806.796            4.1            5.5
     2454808.77           -5.8            4.3
    2454809.763           13.8            6.1
    2455026.973           15.0            5.7
    2455063.965           14.1            5.0
    2455099.996           -5.4            4.9
    2455116.856           10.4            6.8
    2455154.739           15.5            7.6
    2455174.788            8.7            5.8
    2455364.972           -6.1            5.0
    2455419.012            7.0            4.7
    2455446.847           -1.5            3.6
    2455446.856           -2.2            3.1
    2455463.833            8.8            5.2
    2455466.842           17.5            4.8
    2455569.653           -1.3            4.1
    2455571.713           -8.7            4.6
    2455572.671            7.8            4.8
    2455621.621           -5.0            4.6
    2455757.974            4.2            5.0
    2455803.919            6.6            4.3
    2455806.936            1.4            4.3
    2455828.781           -3.8            4.2
    2455831.849            2.2            5.1
    2455861.842           13.4            4.2
    2455864.796            5.2            4.4
    2455892.745           -3.2            4.9
