    2451745.994           -3.5            4.3
    2451778.895            7.9            3.7
    2451808.867            9.8            3.6
    2451853.766           -2.2            4.1
    2451856.801            5.8            4.6
    2451898.637            0.1            8.0
    2451932.609           15.6            3.9
    2452163.861            1.7            4.9
    2452175.851            1.6            4.0
    2452307.598            4.8            4.5
    2452465.989           -1.3            5.3
    2452483.985            9.9            5.0
    2452494.987           10.0            5.0
    2452517.936            5.1            5.2
     2452528.91            5.4            5.2
     2452530.91            5.1            4.5
    2452541.904            1.5            4.5
    2452543.883            7.1            5.0
    2452559.914           15.4            6.4
    2452561.795            1.0            8.4
    2452571.791           -5.3            5.0
     2452589.81            1.5            5.7
    2452603.782            6.7            4.9
    2452605.724            9.1            4.8
    2452616.772            5.7            5.9
    2452665.604            0.8            4.2
    2452668.611           -2.3            5.3
    2452837.972            2.4            5.4
    2452861.963            0.9            4.1
    2452863.985            4.6            5.2
    2452879.918           13.9            4.2
    2452880.947           12.1            5.0
    2452898.911           12.7            4.7
    2452900.928            6.5            4.8
    2452932.839           -3.5            4.3
    2452934.804            7.4            4.6
    2452963.753            4.0            5.2
    2452965.809           12.2            5.4
     2453022.63           14.3            5.6
     2453208.01            4.3            3.8
    2453209.978           -0.7            3.7
    2453214.961            1.4            4.2
    2453231.961           12.2            4.0
    2453233.909            6.5            3.9
     2453235.96            2.3            4.2
    2453265.899           -7.5            3.8
    2453268.919            2.8            4.0
     2453269.81            7.7            3.5
    2453286.828            2.6            3.8
    2453324.713            4.3            5.5
    2453354.654            2.8            3.8
    2453400.642            9.4            7.5
    2453550.983            1.7            4.4
    2453578.964            3.9            4.6
    2453613.923            4.5            4.2
    2453654.771            2.0            4.1
    2453701.724           -1.8            4.6
    2453740.745            5.5            4.7
    2453911.993           -2.9            3.6
    2453917.013           -0.6            3.9
    2453934.974            6.2            3.9
    2453968.925            7.7            3.2
    2453981.851            4.2            3.8
    2453985.899            6.0            4.0
    2454055.755           12.5            3.9
    2454297.975           -1.2            4.1
    2454300.974            1.6            4.0
    2454314.939           -3.2            3.6
    2454318.981            1.2            4.2
    2454344.859            3.6            4.3
    2454348.917            8.0            4.0
    2454391.887           13.3            5.4
    2454394.775            0.0            4.2
    2454418.777           13.7            4.5
    2454420.763            3.8            4.2
    2454440.653            3.5            3.4
    2454443.651           -5.0            3.6
    2454481.638           -3.3            3.9
    2454503.651            1.2            4.3
    2454645.984            7.9            4.5
    2454646.968            7.8            4.2
    2454668.009           -0.9            3.7
    2454681.904           14.3            3.8
     2454683.97            8.8            3.8
    2454711.893            7.0            4.1
    2454713.873            6.9            4.2
    2454715.882           -6.6            4.6
    2454716.875           -5.3            4.1
    2454753.885           -6.9            3.6
     2454755.85           -6.3            3.8
    2454777.733            6.8            4.1
    2454806.796            8.2            5.5
     2454808.77            7.0            4.3
    2454809.763            3.5            6.1
    2455026.973           11.0            5.7
    2455063.965           14.6            5.0
    2455099.996            8.0            4.9
    2455116.856            1.3            6.8
    2455154.739            2.0            7.6
    2455174.788           13.2            5.8
    2455364.972            4.2            5.0
    2455419.012            0.3            4.7
    2455446.847           -3.2            3.6
    2455446.856           -3.8            3.1
    2455463.833            6.5            5.2
    2455466.842           -2.8            4.8
    2455569.653            3.6            4.1
    2455571.713            4.8            4.6
    2455572.671           11.5            4.8
    2455621.621            6.1            4.6
    2455757.974            8.6            5.0
    2455803.919           11.8            4.3
    2455806.936            3.1            4.3
    2455828.781            5.9            4.2
    2455831.849            3.6            5.1
    2455861.842            8.2            4.2
    2455864.796           -3.6            4.4
    2455892.745            4.6            4.9
