    2451745.994            2.9            4.3
    2451778.895            5.5            3.7
    2451808.867            1.6            3.6
    2451853.766            3.7            4.1
    2451856.801            2.1            4.6
    2451898.637            8.7            8.0
    2451932.609            3.9            3.9
    2452163.861            4.5            4.9
    2452175.851            2.0            4.0
    2452307.598            3.9            4.5
    2452465.989            4.8            5.3
    2452483.985            3.7            5.0
    2452494.987            4.0            5.0
    2452517.936            6.4            5.2
     2452528.91            5.3            5.2
     2452530.91            3.2            4.5
    2452541.904            2.8            4.5
    2452543.883            3.9            5.0
    2452559.914            6.9            6.4
    2452561.795            8.4            8.4
    2452571.791            4.1            5.0
     2452589.81            3.5            5.7
    2452603.782            7.0            4.9
    2452605.724            6.0            4.8
    2452616.772            5.8            5.9
    2452665.604            4.4            4.2
    2452668.611            7.4            5.3
    2452837.972            5.8            5.4
    2452861.963            3.5            4.1
    2452863.985            5.9            5.2
    2452879.918            3.6            4.2
    2452880.947            4.2            5.0
    2452898.911            2.3            4.7
    2452900.928            3.1            4.8
    2452932.839            5.9            4.3
    2452934.804            4.5            4.6
    2452963.753            4.7            5.2
    2452965.809            4.9            5.4
     2453022.63            5.8            5.6
     2453208.01            1.7            3.8
    2453209.978            1.4            3.7
    2453214.961            4.3            4.2
    2453231.961            6.3            4.0
    2453233.909            6.0            3.9
     2453235.96            4.7            4.2
    2453265.899            1.6            3.8
    2453268.919            4.1            4.0
     2453269.81            4.1            3.5
    2453286.828            5.2            3.8
    2453324.713            5.7            5.5
    2453354.654            4.6            3.8
    2453400.642            8.9            7.5
    2453550.983            6.5            4.4
    2453578.964            4.6            4.6
    2453613.923            2.8            4.2
    2453654.771            6.4            4.1
    2453701.724            7.0            4.6
    2453740.745            5.6            4.7
    2453911.993            4.1            3.6
    2453917.013            5.7            3.9
    2453934.974            3.0            3.9
    2453968.925            3.1            3.2
    2453981.851            3.2            3.8
    2453985.899            3.1            4.0
    2454055.755            3.5            3.9
    2454297.975            1.7            4.1
    2454300.974            2.9            4.0
    2454314.939            3.8            3.6
    2454318.981            4.5            4.2
    2454344.859            2.4            4.3
    2454348.917            3.7            4.0
    2454391.887            4.1            5.4
    2454394.775            3.8            4.2
    2454418.777            4.2            4.5
    2454420.763            3.4            4.2
    2454440.653            3.0            3.4
    2454443.651            4.8            3.6
    2454481.638            6.4            3.9
    2454503.651            2.5            4.3
    2454645.984            4.0            4.5
    2454646.968            3.9            4.2
    2454668.009            3.3            3.7
    2454681.904            3.8            3.8
     2454683.97            3.5            3.8
    2454711.893            1.8            4.1
    2454713.873            2.9            4.2
    2454715.882            4.6            4.6
    2454716.875            4.0            4.1
    2454753.885            5.1            3.6
     2454755.85            4.0            3.8
    2454777.733            2.4            4.1
    2454806.796            4.8            5.5
     2454808.77            4.8            4.3
    2454809.763            6.9            6.1
    2455026.973            5.6            5.7
    2455063.965            6.7            5.0
    2455099.996            6.6            4.9
    2455116.856            6.5            6.8
    2455154.739            8.3            7.6
    2455174.788            5.9            5.8
    2455364.972            7.3            5.0
    2455419.012            6.6            4.7
    2455446.847            2.8            3.6
    2455446.856            2.3            3.1
    2455463.833            5.1            5.2
    2455466.842            7.1            4.8
    2455569.653            6.1            4.1
    2455571.713            6.8            4.6
    2455572.671            6.4            4.8
    2455621.621            4.6            4.6
    2455757.974            4.9            5.0
    2455803.919            3.8            4.3
    2455806.936            3.8            4.3
    2455828.781            4.0            4.2
    2455831.849            6.7            5.1
    2455861.842            4.2            4.2
    2455864.796            2.9            4.4
    2455892.745            5.5            4.9
