    2451745.994           -8.4            4.3
    2451778.895           16.1            3.7
    2451808.867            1.0            3.6
    2451853.766           24.7            4.1
    2451856.801            8.9            4.6
    2451898.637           13.7            8.0
    2451932.609           25.2            3.9
    2452163.861            6.0            4.9
    2452175.851            7.0            4.0
    2452307.598            4.1            4.5
    2452465.989            3.3            5.3
    2452483.985            3.8            5.0
    2452494.987           11.8            5.0
    2452517.936          -10.9            5.2
     2452528.91           22.8            5.2
     2452530.91           14.2            4.5
    2452541.904           11.1            4.5
    2452543.883           17.8            5.0
    2452559.914          -10.6            6.4
    2452561.795            4.4            8.4
    2452571.791           14.2            5.0
     2452589.81            0.0            5.7
    2452603.782           28.9            4.9
    2452605.724           28.7            4.8
    2452616.772            5.8            5.9
    2452665.604           20.2            4.2
    2452668.611          -10.9            5.3
    2452837.972           23.8            5.4
    2452861.963           -4.1            4.1
    2452863.985           -4.1            5.2
    2452879.918           -4.5            4.2
    2452880.947            4.4            5.0
    2452898.911           -5.3            4.7
    2452900.928          -13.4            4.8
    2452932.839            7.7            4.3
    2452934.804            4.6            4.6
    2452963.753            7.8            5.2
    2452965.809           15.7            5.4
     2453022.63           -4.5            5.6
     2453208.01           -5.6            3.8
    2453209.978          -14.8            3.7
    2453214.961           12.0            4.2
    2453231.961            5.0            4.0
    2453233.909            7.5            3.9
     2453235.96           13.9            4.2
    2453265.899            5.0            3.8
    2453268.919          -10.7            4.0
     2453269.81          -10.2            3.5
    2453286.828          -11.3            3.8
    2453324.713          -17.4            5.5
    2453354.654            5.3            3.8
    2453400.642            9.1            7.5
    2453550.983           10.4            4.4
    2453578.964            3.4            4.6
    2453613.923           -9.8            4.2
    2453654.771          -19.0            4.1
    2453701.724            8.2            4.6
    2453740.745           21.8            4.7
    2453911.993           17.8            3.6
    2453917.013           -1.7            3.9
    2453934.974           21.9            3.9
    2453968.925           21.1            3.2
    2453981.851            2.0            3.8
    2453985.899           13.9            4.0
    2454055.755           -8.2            3.9
    2454297.975            6.2            4.1
    2454300.974           15.5            4.0
    2454314.939            4.6            3.6
    2454318.981           13.5            4.2
    2454344.859          -14.5            4.3
    2454348.917           -7.4            4.0
    2454391.887            3.3            5.4
    2454394.775           23.2            4.2
    2454418.777            8.2            4.5
    2454420.763            3.3            4.2
    2454440.653          -17.4            3.4
    2454443.651           -5.5            3.6
    2454481.638          -14.0            3.9
    2454503.651           11.4            4.3
    2454645.984           20.4            4.5
    2454646.968           13.2            4.2
    2454668.009           14.3            3.7
    2454681.904           11.8            3.8
     2454683.97           10.1            3.8
    2454711.893           -8.9            4.1
    2454713.873          -10.8            4.2
    2454715.882           -6.7            4.6
    2454716.875           13.7            4.1
    2454753.885          -13.3            3.6
     2454755.85           -2.8            3.8
    2454777.733            8.6            4.1
    2454806.796           -8.1            5.5
     2454808.77           -5.0            4.3
    2454809.763           -6.5            6.1
    2455026.973            9.9            5.7
    2455063.965           17.4            5.0
    2455099.996            9.2            4.9
    2455116.856            3.3            6.8
    2455154.739           -9.0            7.6
    2455174.788            4.5            5.8
    2455364.972          -15.1            5.0
    2455419.012            2.5            4.7
    2455446.847            4.5            3.6
    2455446.856            4.3            3.1
    2455463.833           -2.4            5.2
    2455466.842           10.4            4.8
    2455569.653            3.7            4.1
    2455571.713           -1.1            4.6
    2455572.671           11.8            4.8
    2455621.621           15.7            4.6
    2455757.974           22.0            5.0
    2455803.919           -5.2            4.3
    2455806.936            0.7            4.3
    2455828.781           -0.1            4.2
    2455831.849           -8.9            5.1
    2455861.842           -6.9            4.2
    2455864.796            1.9            4.4
    2455892.745           20.6            4.9
