    2451745.994            1.1            4.3
    2451778.895            8.6            3.7
    2451808.867           -1.1            3.6
    2451853.766            4.0            4.1
    2451856.801           -0.7            4.6
    2451898.637            1.8            8.0
    2451932.609           -4.1            3.9
    2452163.861            7.4            4.9
    2452175.851            0.3            4.0
    2452307.598            5.1            4.5
    2452465.989            7.3            5.3
    2452483.985            0.2            5.0
    2452494.987           15.2            5.0
    2452517.936            0.6            5.2
     2452528.91            4.1            5.2
     2452530.91           -3.9            4.5
    2452541.904            7.4            4.5
    2452543.883            7.4            5.0
    2452559.914            3.7            6.4
    2452561.795            1.7            8.4
    2452571.791           -6.0            5.0
     2452589.81            9.0            5.7
    2452603.782            3.7            4.9
    2452605.724           -0.4            4.8
    2452616.772           10.8            5.9
    2452665.604            4.3            4.2
    2452668.611           -6.4            5.3
    2452837.972           13.0            5.4
    2452861.963            3.4            4.1
    2452863.985           -1.9            5.2
    2452879.918            2.4            4.2
    2452880.947            7.5            5.0
    2452898.911           13.8            4.7
    2452900.928            9.8            4.8
    2452932.839            8.6            4.3
    2452934.804           15.0            4.6
    2452963.753            5.2            5.2
    2452965.809            2.1            5.4
     2453022.63           10.5            5.6
     2453208.01           -3.2            3.8
    2453209.978            5.7            3.7
    2453214.961            9.7            4.2
    2453231.961           11.8            4.0
    2453233.909           11.5            3.9
     2453235.96            7.4            4.2
    2453265.899            1.8            3.8
    2453268.919            3.2            4.0
     2453269.81           11.9            3.5
    2453286.828            7.2            3.8
    2453324.713            3.5            5.5
    2453354.654            5.5            3.8
    2453400.642           -2.7            7.5
    2453550.983           -3.1            4.4
    2453578.964            6.2            4.6
    2453613.923            4.5            4.2
    2453654.771            4.4            4.1
    2453701.724           -6.2            4.6
    2453740.745           -1.8            4.7
    2453911.993            6.1            3.6
    2453917.013            8.1            3.9
    2453934.974           -4.7            3.9
    2453968.925           -0.9            3.2
    2453981.851            2.6            3.8
    2453985.899            3.0            4.0
    2454055.755            4.7            3.9
    2454297.975            4.5            4.1
    2454300.974           10.0            4.0
    2454314.939            3.2            3.6
    2454318.981            2.4            4.2
    2454344.859           11.0            4.3
    2454348.917           12.6            4.0
    2454391.887           -0.4            5.4
    2454394.775           -3.9            4.2
    2454418.777           -0.7            4.5
    2454420.763           -1.5            4.2
    2454440.653            1.5            3.4
    2454443.651           13.0            3.6
    2454481.638           -1.7            3.9
    2454503.651           -0.1            4.3
    2454645.984            7.6            4.5
    2454646.968           -2.7            4.2
    2454668.009            3.2            3.7
    2454681.904           11.2            3.8
     2454683.97            3.7            3.8
    2454711.893           -1.5            4.1
    2454713.873            4.6            4.2
    2454715.882            5.6            4.6
    2454716.875            2.2            4.1
    2454753.885           -8.0            3.6
     2454755.85           -1.7            3.8
    2454777.733            2.5            4.1
    2454806.796            5.7            5.5
     2454808.77            5.7            4.3
    2454809.763           -3.9            6.1
    2455026.973            6.1            5.7
    2455063.965           11.6            5.0
    2455099.996           10.2            4.9
    2455116.856           10.2            6.8
    2455154.739           -1.7            7.6
    2455174.788            6.2            5.8
    2455364.972            4.3            5.0
    2455419.012            5.9            4.7
    2455446.847           -4.2            3.6
    2455446.856           -4.6            3.1
    2455463.833           -0.2            5.2
    2455466.842            8.6            4.8
    2455569.653            0.1            4.1
    2455571.713            6.0            4.6
    2455572.671           -1.3            4.8
    2455621.621            2.7            4.6
    2455757.974            5.2            5.0
    2455803.919           -8.6            4.3
    2455806.936            3.8            4.3
    2455828.781            9.9            4.2
    2455831.849            9.6            5.1
    2455861.842           -4.3            4.2
    2455864.796            1.2            4.4
    2455892.745           11.5            4.9
