    2451745.994            0.1            4.3
    2451778.895           17.0            3.7
    2451808.867           11.5            3.6
    2451853.766           -6.2            4.1
    2451856.801           10.5            4.6
    2451898.637            4.0            8.0
    2451932.609           -4.2            3.9
    2452163.861           19.0            4.9
    2452175.851          -14.9            4.0
    2452307.598           11.8            4.5
    2452465.989           -8.8            5.3
    2452483.985           13.6            5.0
    2452494.987           12.1            5.0
    2452517.936            2.7            5.2
     2452528.91           -5.9            5.2
     2452530.91          -11.3            4.5
    2452541.904            9.4            4.5
    2452543.883            7.4            5.0
    2452559.914            6.8            6.4
    2452561.795           14.1            8.4
    2452571.791            5.3            5.0
     2452589.81           10.6            5.7
    2452603.782            0.1            4.9
    2452605.724            0.2            4.8
    2452616.772          -10.6            5.9
    2452665.604            9.8            4.2
    2452668.611            2.9            5.3
    2452837.972           -0.0            5.4
    2452861.963           -4.1            4.1
    2452863.985           -2.5            5.2
    2452879.918           12.2            4.2
    2452880.947           -8.6            5.0
    2452898.911           15.6            4.7
    2452900.928           11.3            4.8
    2452932.839           -2.2            4.3
    2452934.804           -4.3            4.6
    2452963.753           19.5            5.2
    2452965.809           16.3            5.4
     2453022.63            4.6            5.6
     2453208.01          -11.8            3.8
    2453209.978          -13.1            3.7
    2453214.961            3.2            4.2
    2453231.961           -1.1            4.0
    2453233.909           -8.4            3.9
     2453235.96          -10.3            4.2
    2453265.899          -11.7            3.8
    2453268.919            4.2            4.0
     2453269.81           -8.4            3.5
    2453286.828           10.6            3.8
    2453324.713            4.9            5.5
    2453354.654           -2.2            3.8
    2453400.642           19.0            7.5
    2453550.983           19.2            4.4
    2453578.964           19.3            4.6
    2453613.923           -0.0            4.2
    2453654.771          -10.0            4.1
    2453701.724           11.5            4.6
    2453740.745           -7.6            4.7
    2453911.993           14.6            3.6
    2453917.013           -8.6            3.9
    2453934.974            4.6            3.9
    2453968.925           -5.2            3.2
    2453981.851          -12.9            3.8
    2453985.899           -0.9            4.0
    2454055.755           13.9            3.9
    2454297.975          -11.5            4.1
    2454300.974            6.3            4.0
    2454314.939            1.0            3.6
    2454318.981            7.0            4.2
    2454344.859            4.6            4.3
    2454348.917           13.4            4.0
    2454391.887            0.8            5.4
    2454394.775          -12.0            4.2
    2454418.777           -5.0            4.5
    2454420.763          -11.8            4.2
    2454440.653           13.7            3.4
    2454443.651            2.1            3.6
    2454481.638            9.2            3.9
    2454503.651            5.8            4.3
    2454645.984           -0.1            4.5
    2454646.968           13.3            4.2
    2454668.009            1.9            3.7
    2454681.904            8.4            3.8
     2454683.97            7.2            3.8
    2454711.893            9.3            4.1
    2454713.873            9.1            4.2
    2454715.882            7.8            4.6
    2454716.875           -8.6            4.1
    2454753.885           -4.0            3.6
     2454755.85           -3.6            3.8
    2454777.733           -8.8            4.1
    2454806.796            3.5            5.5
     2454808.77            9.9            4.3
    2454809.763           -6.3            6.1
    2455026.973            3.3            5.7
    2455063.965            7.6            5.0
    2455099.996          -11.1            4.9
    2455116.856            5.4            6.8
    2455154.739           15.8            7.6
    2455174.788            8.2            5.8
    2455364.972            0.6            5.0
    2455419.012           13.9            4.7
    2455446.847           13.4            3.6
    2455446.856           13.1            3.1
    2455463.833           10.9            5.2
    2455466.842           15.6            4.8
    2455569.653           10.0            4.1
    2455571.713            7.1            4.6
    2455572.671          -12.6            4.8
    2455621.621           14.3            4.6
    2455757.974           -4.5            5.0
    2455803.919           12.0            4.3
    2455806.936          -10.3            4.3
    2455828.781           -1.9            4.2
    2455831.849           15.0            5.1
    2455861.842           10.4            4.2
    2455864.796           -2.3            4.4
    2455892.745           -0.1            4.9
