    2451745.994          -10.3            4.3
    2451778.895            7.7            3.7
    2451808.867            7.0            3.6
    2451853.766           12.2            4.1
    2451856.801           -5.4            4.6
    2451898.637           -2.0            8.0
    2451932.609           13.7            3.9
    2452163.861            4.0            4.9
    2452175.851            6.7            4.0
    2452307.598            2.9            4.5
    2452465.989           15.1            5.3
    2452483.985           18.8            5.0
    2452494.987           11.8            5.0
    2452517.936           18.1            5.2
     2452528.91            0.2            5.2
     2452530.91           -0.6            4.5
    2452541.904           11.1            4.5
    2452543.883           -8.5            5.0
    2452559.914            3.5            6.4
    2452561.795           -0.9            8.4
    2452571.791            6.4            5.0
     2452589.81           20.2            5.7
    2452603.782            8.3            4.9
    2452605.724           28.2            4.8
    2452616.772           -0.3            5.9
    2452665.604            4.7            4.2
    2452668.611           13.0            5.3
    2452837.972           15.5            5.4
    2452861.963           17.0            4.1
    2452863.985           10.0            5.2
    2452879.918           14.4            4.2
    2452880.947            1.0            5.0
    2452898.911           18.3            4.7
    2452900.928            7.7            4.8
    2452932.839           14.8            4.3
    2452934.804            5.6            4.6
    2452963.753           14.5            5.2
    2452965.809           -1.7            5.4
     2453022.63           12.6            5.6
     2453208.01           -6.3            3.8
    2453209.978            1.2            3.7
    2453214.961            5.5            4.2
    2453231.961            2.0            4.0
    2453233.909           26.2            3.9
     2453235.96           19.6            4.2
    2453265.899            2.5            3.8
    2453268.919            3.2            4.0
     2453269.81            4.5            3.5
    2453286.828           24.4            3.8
    2453324.713           -6.7            5.5
    2453354.654            9.4            3.8
    2453400.642            9.5            7.5
    2453550.983           -1.2            4.4
    2453578.964           16.8            4.6
    2453613.923           22.6            4.2
    2453654.771          -20.7            4.1
    2453701.724            9.3            4.6
    2453740.745           10.4            4.7
    2453911.993            7.5            3.6
    2453917.013           11.1            3.9
    2453934.974            2.4            3.9
    2453968.925           -1.7            3.2
    2453981.851           -4.3            3.8
    2453985.899           19.1            4.0
    2454055.755           -2.2            3.9
    2454297.975            9.8            4.1
    2454300.974            6.3            4.0
    2454314.939            2.8            3.6
    2454318.981            6.6            4.2
    2454344.859           17.6            4.3
    2454348.917           -7.7            4.0
    2454391.887           -8.3            5.4
    2454394.775            5.6            4.2
    2454418.777           17.6            4.5
    2454420.763           -6.9            4.2
    2454440.653            7.6            3.4
    2454443.651           -5.5            3.6
    2454481.638            6.0            3.9
    2454503.651            8.9            4.3
    2454645.984           13.5            4.5
    2454646.968            0.2            4.2
    2454668.009           10.6            3.7
    2454681.904           -7.8            3.8
     2454683.97           -3.1            3.8
    2454711.893           12.2            4.1
    2454713.873           -9.6            4.2
    2454715.882           -5.7            4.6
    2454716.875            9.0            4.1
    2454753.885           15.9            3.6
     2454755.85            5.7            3.8
    2454777.733           11.0            4.1
    2454806.796           20.1            5.5
     2454808.77           -2.9            4.3
    2454809.763           14.3            6.1
    2455026.973            9.5            5.7
    2455063.965           10.5            5.0
    2455099.996           19.4            4.9
    2455116.856            5.5            6.8
    2455154.739           -3.2            7.6
    2455174.788           -2.5            5.8
    2455364.972           -6.7            5.0
    2455419.012            7.4            4.7
    2455446.847           -3.3            3.6
    2455446.856           -3.9            3.1
    2455463.833           -0.1            5.2
    2455466.842            0.6            4.8
    2455569.653            1.3            4.1
    2455571.713           -0.2            4.6
    2455572.671           23.2            4.8
    2455621.621           -6.8            4.6
    2455757.974            7.2            5.0
    2455803.919          -16.8            4.3
    2455806.936           -3.5            4.3
    2455828.781           21.7            4.2
    2455831.849           17.1            5.1
    2455861.842           -9.1            4.2
    2455864.796            3.5            4.4
    2455892.745            3.9            4.9
