    2451745.994           10.0            4.3
    2451778.895            5.6            3.7
    2451808.867            0.1            3.6
    2451853.766           -4.9            4.1
    2451856.801           14.5            4.6
    2451898.637            9.0            8.0
    2451932.609           -0.2            3.9
    2452163.861           10.7            4.9
    2452175.851            3.3            4.0
    2452307.598            1.2            4.5
    2452465.989           -2.9            5.3
    2452483.985            2.6            5.0
    2452494.987            7.2            5.0
    2452517.936           14.9            5.2
     2452528.91           -0.3            5.2
     2452530.91           -1.0            4.5
    2452541.904            1.8            4.5
    2452543.883           -6.0            5.0
    2452559.914            8.6            6.4
    2452561.795           17.2            8.4
    2452571.791            6.9            5.0
     2452589.81            5.1            5.7
    2452603.782            0.5            4.9
    2452605.724            0.8            4.8
    2452616.772           12.0            5.9
    2452665.604           -4.5            4.2
    2452668.611           10.8            5.3
    2452837.972            7.1            5.4
    2452861.963            7.0            4.1
    2452863.985           12.6            5.2
    2452879.918            1.2            4.2
    2452880.947            8.2            5.0
    2452898.911           11.9            4.7
    2452900.928           13.2            4.8
    2452932.839           -1.8            4.3
    2452934.804            4.5            4.6
    2452963.753            2.6            5.2
    2452965.809            6.8            5.4
     2453022.63           13.7            5.6
     2453208.01            6.3            3.8
    2453209.978           12.9            3.7
    2453214.961            2.9            4.2
    2453231.961            1.2            4.0
    2453233.909           -0.6            3.9
     2453235.96           -4.7            4.2
    2453265.899            7.9            3.8
    2453268.919            1.5            4.0
     2453269.81            8.1            3.5
    2453286.828            0.8            3.8
    2453324.713            2.3            5.5
    2453354.654           12.4            3.8
    2453400.642           -4.8            7.5
    2453550.983            1.6            4.4
    2453578.964            6.7            4.6
    2453613.923           16.8            4.2
    2453654.771            7.7            4.1
    2453701.724           -3.6            4.6
    2453740.745           -7.3            4.7
    2453911.993           -1.3            3.6
    2453917.013            6.5            3.9
    2453934.974            1.4            3.9
    2453968.925            2.6            3.2
    2453981.851           -4.8            3.8
    2453985.899           -2.4            4.0
    2454055.755           -7.1            3.9
    2454297.975           13.7            4.1
    2454300.974           -3.1            4.0
    2454314.939           -0.0            3.6
    2454318.981            8.8            4.2
    2454344.859            2.6            4.3
    2454348.917            8.0            4.0
    2454391.887           -1.1            5.4
    2454394.775            0.3            4.2
    2454418.777            3.0            4.5
    2454420.763            5.5            4.2
    2454440.653            6.2            3.4
    2454443.651            2.3            3.6
    2454481.638            8.5            3.9
    2454503.651            4.4            4.3
    2454645.984            9.7            4.5
    2454646.968            0.3            4.2
    2454668.009           -2.1            3.7
    2454681.904           -2.2            3.8
     2454683.97           -0.7            3.8
    2454711.893            6.8            4.1
    2454713.873            9.1            4.2
    2454715.882           11.4            4.6
    2454716.875           -0.3            4.1
    2454753.885           -5.5            3.6
     2454755.85            0.7            3.8
    2454777.733            7.0            4.1
    2454806.796           12.0            5.5
     2454808.77           11.0            4.3
    2454809.763            1.6            6.1
    2455026.973            6.7            5.7
    2455063.965            8.9            5.0
    2455099.996           -0.5            4.9
    2455116.856            4.5            6.8
    2455154.739           12.4            7.6
    2455174.788            4.7            5.8
    2455364.972            7.6            5.0
    2455419.012           10.0            4.7
    2455446.847           -2.8            3.6
    2455446.856           -3.2            3.1
    2455463.833           16.9            5.2
    2455466.842           -3.5            4.8
    2455569.653           -0.1            4.1
    2455571.713            5.2            4.6
    2455572.671           10.6            4.8
    2455621.621            1.8            4.6
    2455757.974            9.7            5.0
    2455803.919            9.9            4.3
    2455806.936           -3.1            4.3
    2455828.781            5.0            4.2
    2455831.849            3.1            5.1
    2455861.842            7.3            4.2
    2455864.796           -1.2            4.4
    2455892.745            4.7            4.9
