    2451745.994            4.7            4.3
    2451778.895            5.3            3.7
    2451808.867           -1.1            3.6
    2451853.766            1.2            4.1
    2451856.801            3.6            4.6
    2451898.637           12.6            8.0
    2451932.609            2.6            3.9
    2452163.861           -9.2            4.9
    2452175.851            1.9            4.0
    2452307.598           -4.4            4.5
    2452465.989           -0.7            5.3
    2452483.985           13.9            5.0
    2452494.987            5.6            5.0
    2452517.936           -1.0            5.2
     2452528.91           14.2            5.2
     2452530.91           12.5            4.5
    2452541.904           -2.6            4.5
    2452543.883           -3.4            5.0
    2452559.914           -0.6            6.4
    2452561.795            9.5            8.4
    2452571.791           10.9            5.0
     2452589.81            3.3            5.7
    2452603.782            7.5            4.9
    2452605.724           17.0            4.8
    2452616.772           10.0            5.9
    2452665.604            5.7            4.2
    2452668.611            0.2            5.3
    2452837.972           15.3            5.4
    2452861.963           15.1            4.1
    2452863.985           16.2            5.2
    2452879.918            4.2            4.2
    2452880.947           -5.3            5.0
    2452898.911            0.7            4.7
    2452900.928            5.1            4.8
    2452932.839           16.0            4.3
    2452934.804           -5.8            4.6
    2452963.753           -6.6            5.2
    2452965.809           13.4            5.4
     2453022.63            0.9            5.6
     2453208.01           -0.7            3.8
    2453209.978           13.3            3.7
    2453214.961           11.3            4.2
    2453231.961           -1.7            4.0
    2453233.909           16.1            3.9
     2453235.96           16.3            4.2
    2453265.899           20.9            3.8
    2453268.919           15.0            4.0
     2453269.81           -4.8            3.5
    2453286.828           11.8            3.8
    2453324.713            5.3            5.5
    2453354.654           -8.4            3.8
    2453400.642            5.9            7.5
    2453550.983           17.1            4.4
    2453578.964            6.5            4.6
    2453613.923           12.8            4.2
    2453654.771            4.9            4.1
    2453701.724            6.8            4.6
    2453740.745           -5.8            4.7
    2453911.993            9.6            3.6
    2453917.013            1.7            3.9
    2453934.974           -3.8            3.9
    2453968.925            4.5            3.2
    2453981.851           -0.1            3.8
    2453985.899            6.4            4.0
    2454055.755            3.1            3.9
    2454297.975           10.7            4.1
    2454300.974           18.9            4.0
    2454314.939          -10.8            3.6
    2454318.981           13.3            4.2
    2454344.859          -14.7            4.3
    2454348.917           12.8            4.0
    2454391.887            3.5            5.4
    2454394.775           -3.9            4.2
    2454418.777           -3.8            4.5
    2454420.763           15.5            4.2
    2454440.653           -7.1            3.4
    2454443.651           -6.3            3.6
    2454481.638            1.4            3.9
    2454503.651            6.6            4.3
    2454645.984            5.2            4.5
    2454646.968            2.6            4.2
    2454668.009            3.6            3.7
    2454681.904            7.2            3.8
     2454683.97            2.8            3.8
    2454711.893            5.0            4.1
    2454713.873           -2.0            4.2
    2454715.882           12.6            4.6
    2454716.875           -6.5            4.1
    2454753.885            9.9            3.6
     2454755.85            6.4            3.8
    2454777.733            2.4            4.1
    2454806.796           -1.0            5.5
     2454808.77           12.7            4.3
    2454809.763            3.0            6.1
    2455026.973           11.0            5.7
    2455063.965           17.4            5.0
    2455099.996           -5.9            4.9
    2455116.856           21.5            6.8
    2455154.739            2.5            7.6
    2455174.788           -7.1            5.8
    2455364.972           12.0            5.0
    2455419.012           -1.5            4.7
    2455446.847           23.0            3.6
    2455446.856           22.5            3.1
    2455463.833           -0.4            5.2
    2455466.842           -4.1            4.8
    2455569.653           18.1            4.1
    2455571.713            4.8            4.6
    2455572.671           14.3            4.8
    2455621.621           -2.1            4.6
    2455757.974           -3.2            5.0
    2455803.919            5.7            4.3
    2455806.936            6.2            4.3
    2455828.781           -0.2            4.2
    2455831.849           -5.3            5.1
    2455861.842            6.7            4.2
    2455864.796            8.1            4.4
    2455892.745           -6.5            4.9
