    2451745.994           16.4            4.3
    2451778.895            3.4            3.7
    2451808.867            9.1            3.6
    2451853.766            3.4            4.1
    2451856.801           -7.2            4.6
    2451898.637          -10.0            8.0
    2451932.609           -5.4            3.9
    2452163.861            7.3            4.9
    2452175.851           12.9            4.0
    2452307.598            1.1            4.5
    2452465.989          -11.1            5.3
    2452483.985           17.3            5.0
    2452494.987           20.4            5.0
    2452517.936           15.1            5.2
     2452528.91           16.7            5.2
     2452530.91           20.8            4.5
    2452541.904           -3.4            4.5
    2452543.883            0.5            5.0
    2452559.914            9.0            6.4
    2452561.795            4.9            8.4
    2452571.791           -1.9            5.0
     2452589.81           16.9            5.7
    2452603.782           -5.2            4.9
    2452605.724           -7.2            4.8
    2452616.772           15.8            5.9
    2452665.604           23.9            4.2
    2452668.611            1.4            5.3
    2452837.972            4.7            5.4
    2452861.963           13.3            4.1
    2452863.985           14.6            5.2
    2452879.918            0.6            4.2
    2452880.947           25.9            5.0
    2452898.911           -9.0            4.7
    2452900.928          -10.4            4.8
    2452932.839           -3.2            4.3
    2452934.804           -6.0            4.6
    2452963.753            6.0            5.2
    2452965.809            8.1            5.4
     2453022.63           11.1            5.6
     2453208.01           11.4            3.8
    2453209.978           11.8            3.7
    2453214.961           -6.4            4.2
    2453231.961            1.3            4.0
    2453233.909            4.3            3.9
     2453235.96            4.5            4.2
    2453265.899           -3.8            3.8
    2453268.919           21.3            4.0
     2453269.81            4.8            3.5
    2453286.828           -5.1            3.8
    2453324.713            2.5            5.5
    2453354.654           -7.3            3.8
    2453400.642            7.9            7.5
    2453550.983          -11.7            4.4
    2453578.964           18.4            4.6
    2453613.923           -3.1            4.2
    2453654.771            7.6            4.1
    2453701.724           16.2            4.6
    2453740.745          -10.9            4.7
    2453911.993           -6.0            3.6
    2453917.013           12.9            3.9
    2453934.974           -7.0            3.9
    2453968.925            1.9            3.2
    2453981.851            9.3            3.8
    2453985.899            0.5            4.0
    2454055.755           12.0            3.9
    2454297.975          -10.9            4.1
    2454300.974            9.1            4.0
    2454314.939            0.8            3.6
    2454318.981           -3.2            4.2
    2454344.859            3.0            4.3
    2454348.917            1.4            4.0
    2454391.887           13.6            5.4
    2454394.775           -8.8            4.2
    2454418.777           10.6            4.5
    2454420.763            4.4            4.2
    2454440.653            1.9            3.4
    2454443.651           -3.1            3.6
    2454481.638           -6.3            3.9
    2454503.651           18.9            4.3
    2454645.984          -11.2            4.5
    2454646.968           12.3            4.2
    2454668.009           20.6            3.7
    2454681.904           -7.2            3.8
     2454683.97           -9.9            3.8
    2454711.893            9.3            4.1
    2454713.873            5.7            4.2
    2454715.882            3.7            4.6
    2454716.875           17.7            4.1
    2454753.885            3.8            3.6
     2454755.85            1.6            3.8
    2454777.733           13.4            4.1
    2454806.796            6.8            5.5
     2454808.77           -0.7            4.3
    2454809.763           11.7            6.1
    2455026.973           19.1            5.7
    2455063.965            1.2            5.0
    2455099.996            4.0            4.9
    2455116.856            2.1            6.8
    2455154.739            3.3            7.6
    2455174.788            4.7            5.8
    2455364.972            7.2            5.0
    2455419.012           19.2            4.7
    2455446.847           13.0            3.6
    2455446.856           12.3            3.1
    2455463.833           12.7            5.2
    2455466.842           -9.3            4.8
    2455569.653           -3.4            4.1
    2455571.713            1.1            4.6
    2455572.671            2.6            4.8
    2455621.621           17.0            4.6
    2455757.974           -2.8            5.0
    2455803.919            5.3            4.3
    2455806.936           10.8            4.3
    2455828.781            8.6            4.2
    2455831.849          -12.2            5.1
    2455861.842            6.5            4.2
    2455864.796            8.2            4.4
    2455892.745           -2.3            4.9
