    2451745.994            8.7            4.3
    2451778.895            5.8            3.7
    2451808.867            6.2            3.6
    2451853.766           -1.0            4.1
    2451856.801           11.4            4.6
    2451898.637            7.1            8.0
    2451932.609            8.3            3.9
    2452163.861            7.2            4.9
    2452175.851            5.6            4.0
    2452307.598           10.5            4.5
    2452465.989            8.2            5.3
    2452483.985            6.4            5.0
    2452494.987            2.7            5.0
    2452517.936            6.4            5.2
     2452528.91            9.0            5.2
     2452530.91            3.5            4.5
    2452541.904            5.9            4.5
    2452543.883            2.0            5.0
    2452559.914            7.9            6.4
    2452561.795           10.8            8.4
    2452571.791            8.7            5.0
     2452589.81            2.6            5.7
    2452603.782            8.6            4.9
    2452605.724            2.2            4.8
    2452616.772           11.6            5.9
    2452665.604            2.0            4.2
    2452668.611            3.0            5.3
    2452837.972            3.9            5.4
    2452861.963            6.1            4.1
    2452863.985            3.0            5.2
    2452879.918            6.5            4.2
    2452880.947            8.2            5.0
    2452898.911            4.5            4.7
    2452900.928            4.0            4.8
    2452932.839           -2.1            4.3
    2452934.804            9.7            4.6
    2452963.753           -1.6            5.2
    2452965.809            7.3            5.4
     2453022.63            7.2            5.6
     2453208.01            1.9            3.8
    2453209.978            4.2            3.7
    2453214.961            3.6            4.2
    2453231.961            8.0            4.0
    2453233.909            3.9            3.9
     2453235.96            5.0            4.2
    2453265.899            4.4            3.8
    2453268.919            9.4            4.0
     2453269.81            1.2            3.5
    2453286.828            8.5            3.8
    2453324.713            3.1            5.5
    2453354.654            6.8            3.8
    2453400.642            5.5            7.5
    2453550.983            6.3            4.4
    2453578.964           -0.4            4.6
    2453613.923            0.2            4.2
    2453654.771            7.0            4.1
    2453701.724            0.9            4.6
    2453740.745            6.2            4.7
    2453911.993           -0.1            3.6
    2453917.013            2.1            3.9
    2453934.974           -1.9            3.9
    2453968.925            5.8            3.2
    2453981.851            8.5            3.8
    2453985.899            4.8            4.0
    2454055.755            6.7            3.9
    2454297.975           -1.1            4.1
    2454300.974            9.2            4.0
    2454314.939            3.9            3.6
    2454318.981            1.4            4.2
    2454344.859            8.7            4.3
    2454348.917            1.6            4.0
    2454391.887            2.6            5.4
    2454394.775            8.0            4.2
    2454418.777            6.4            4.5
    2454420.763            3.3            4.2
    2454440.653           -2.3            3.4
    2454443.651            8.5            3.6
    2454481.638            3.1            3.9
    2454503.651           -0.9            4.3
    2454645.984            6.1            4.5
    2454646.968            2.7            4.2
    2454668.009            2.4            3.7
    2454681.904           -0.1            3.8
     2454683.97            6.7            3.8
    2454711.893           -0.7            4.1
    2454713.873            5.0            4.2
    2454715.882            3.5            4.6
    2454716.875           -1.1            4.1
    2454753.885            4.7            3.6
     2454755.85            5.0            3.8
    2454777.733            1.9            4.1
    2454806.796            6.9            5.5
     2454808.77           10.3            4.3
    2454809.763            9.7            6.1
    2455026.973            6.4            5.7
    2455063.965            6.5            5.0
    2455099.996            1.8            4.9
    2455116.856           10.3            6.8
    2455154.739            4.1            7.6
    2455174.788            1.0            5.8
    2455364.972            0.1            5.0
    2455419.012           -0.4            4.7
    2455446.847            7.2            3.6
    2455446.856            6.7            3.1
    2455463.833            1.8            5.2
    2455466.842            8.9            4.8
    2455569.653            7.9            4.1
    2455571.713            4.5            4.6
    2455572.671            1.9            4.8
    2455621.621           10.2            4.6
    2455757.974            5.0            5.0
    2455803.919            3.6            4.3
    2455806.936            3.2            4.3
    2455828.781            7.6            4.2
    2455831.849            3.8            5.1
    2455861.842            1.8            4.2
    2455864.796            9.5            4.4
    2455892.745           -0.6            4.9
