    2451745.994           14.8            4.3
    2451778.895          -14.5            3.7
    2451808.867          -21.1            3.6
    2451853.766           35.5            4.1
    2451856.801           -9.5            4.6
    2451898.637            6.8            8.0
    2451932.609            5.8            3.9
    2452163.861          -20.0            4.9
    2452175.851           13.3            4.0
    2452307.598           20.0            4.5
    2452465.989           -7.4            5.3
    2452483.985          -25.6            5.0
    2452494.987           -6.8            5.0
    2452517.936           22.7            5.2
     2452528.91           14.9            5.2
     2452530.91           25.0            4.5
    2452541.904           47.1            4.5
    2452543.883           44.3            5.0
    2452559.914            1.7            6.4
    2452561.795           14.7            8.4
    2452571.791           35.5            5.0
     2452589.81          -12.1            5.7
    2452603.782           -3.4            4.9
    2452605.724          -23.0            4.8
    2452616.772            1.6            5.9
    2452665.604           34.3            4.2
    2452668.611           14.3            5.3
    2452837.972           20.5            5.4
    2452861.963           12.8            4.1
    2452863.985           16.1            5.2
    2452879.918          -17.4            4.2
    2452880.947          -37.3            5.0
    2452898.911            8.9            4.7
    2452900.928            9.8            4.8
    2452932.839          -18.7            4.3
    2452934.804          -14.0            4.6
    2452963.753          -23.1            5.2
    2452965.809            6.1            5.4
     2453022.63           -1.9            5.6
     2453208.01           11.1            3.8
    2453209.978           23.0            3.7
    2453214.961           -2.9            4.2
    2453231.961           20.4            4.0
    2453233.909           23.3            3.9
     2453235.96            8.2            4.2
    2453265.899          -10.2            3.8
    2453268.919           -8.7            4.0
     2453269.81           -7.6            3.5
    2453286.828           19.0            3.8
    2453324.713          -18.7            5.5
    2453354.654           15.7            3.8
    2453400.642           -6.9            7.5
    2453550.983           -0.4            4.4
    2453578.964           26.1            4.6
    2453613.923          -13.6            4.2
    2453654.771          -21.6            4.1
    2453701.724            1.3            4.6
    2453740.745           31.0            4.7
    2453911.993           39.7            3.6
    2453917.013          -27.0            3.9
    2453934.974           18.2            3.9
    2453968.925          -10.8            3.2
    2453981.851           29.8            3.8
    2453985.899          -13.2            4.0
    2454055.755            6.4            3.9
    2454297.975           10.9            4.1
    2454300.974          -23.1            4.0
    2454314.939           -6.7            3.6
    2454318.981           -3.1            4.2
    2454344.859          -15.4            4.3
    2454348.917           18.4            4.0
    2454391.887            1.2            5.4
    2454394.775           -9.6            4.2
    2454418.777           22.8            4.5
    2454420.763            3.9            4.2
    2454440.653          -10.2            3.4
    2454443.651          -12.5            3.6
    2454481.638           -0.9            3.9
    2454503.651           -9.5            4.3
    2454645.984          -29.3            4.5
    2454646.968          -24.5            4.2
    2454668.009            3.0            3.7
    2454681.904           37.8            3.8
     2454683.97           17.1            3.8
    2454711.893           28.3            4.1
    2454713.873            3.5            4.2
    2454715.882          -30.0            4.6
    2454716.875          -28.6            4.1
    2454753.885            6.3            3.6
     2454755.85           -9.7            3.8
    2454777.733           13.0            4.1
    2454806.796           15.7            5.5
     2454808.77          -14.5            4.3
    2454809.763          -10.4            6.1
    2455026.973           47.7            5.7
    2455063.965          -12.6            5.0
    2455099.996           -5.6            4.9
    2455116.856            2.4            6.8
    2455154.739           -8.3            7.6
    2455174.788           18.0            5.8
    2455364.972          -33.1            5.0
    2455419.012          -20.5            4.7
    2455446.847          -20.4            3.6
    2455446.856          -21.0            3.1
    2455463.833            0.2            5.2
    2455466.842            6.3            4.8
    2455569.653          -25.3            4.1
    2455571.713           11.4            4.6
    2455572.671           28.3            4.8
    2455621.621          -12.8            4.6
    2455757.974           24.7            5.0
    2455803.919          -21.8            4.3
    2455806.936           -3.1            4.3
    2455828.781           29.2            4.2
    2455831.849          -31.0            5.1
    2455861.842          -14.1            4.2
    2455864.796           13.0            4.4
    2455892.745           12.9            4.9
