    2451745.994            7.8            4.3
    2451778.895            5.8            3.7
    2451808.867           -0.7            3.6
    2451853.766           -1.0            4.1
    2451856.801            2.9            4.6
    2451898.637            2.6            8.0
    2451932.609           12.0            3.9
    2452163.861            2.7            4.9
    2452175.851            3.8            4.0
    2452307.598            4.7            4.5
    2452465.989            4.6            5.3
    2452483.985            3.4            5.0
    2452494.987           -0.6            5.0
    2452517.936            5.1            5.2
     2452528.91            7.8            5.2
     2452530.91            4.5            4.5
    2452541.904            2.4            4.5
    2452543.883            4.3            5.0
    2452559.914            3.3            6.4
    2452561.795            7.3            8.4
    2452571.791           15.8            5.0
     2452589.81            7.0            5.7
    2452603.782           -1.1            4.9
    2452605.724           -1.6            4.8
    2452616.772           12.0            5.9
    2452665.604           10.4            4.2
    2452668.611           11.8            5.3
    2452837.972            0.3            5.4
    2452861.963            1.4            4.1
    2452863.985            1.8            5.2
    2452879.918            9.7            4.2
    2452880.947            9.7            5.0
    2452898.911            4.3            4.7
    2452900.928            6.6            4.8
    2452932.839            7.1            4.3
    2452934.804            4.2            4.6
    2452963.753            3.3            5.2
    2452965.809            5.6            5.4
     2453022.63           13.6            5.6
     2453208.01            4.2            3.8
    2453209.978            6.4            3.7
    2453214.961            7.7            4.2
    2453231.961            7.5            4.0
    2453233.909            7.6            3.9
     2453235.96            6.9            4.2
    2453265.899            9.7            3.8
    2453268.919            8.0            4.0
     2453269.81            7.3            3.5
    2453286.828            3.8            3.8
    2453324.713            7.7            5.5
    2453354.654            5.8            3.8
    2453400.642            9.3            7.5
    2453550.983           -2.6            4.4
    2453578.964            1.9            4.6
    2453613.923           16.0            4.2
    2453654.771            2.3            4.1
    2453701.724            1.7            4.6
    2453740.745           -0.9            4.7
    2453911.993            3.9            3.6
    2453917.013            9.4            3.9
    2453934.974           -1.1            3.9
    2453968.925           13.2            3.2
    2453981.851           -2.7            3.8
    2453985.899           -1.8            4.0
    2454055.755            4.4            3.9
    2454297.975            9.7            4.1
    2454300.974           12.5            4.0
    2454314.939            6.0            3.6
    2454318.981            8.1            4.2
    2454344.859            2.0            4.3
    2454348.917            5.3            4.0
    2454391.887            3.5            5.4
    2454394.775            6.0            4.2
    2454418.777           13.2            4.5
    2454420.763           11.9            4.2
    2454440.653            5.4            3.4
    2454443.651            7.7            3.6
    2454481.638           -4.2            3.9
    2454503.651            2.8            4.3
    2454645.984            3.3            4.5
    2454646.968            4.0            4.2
    2454668.009            1.6            3.7
    2454681.904            1.3            3.8
     2454683.97           -0.4            3.8
    2454711.893            2.5            4.1
    2454713.873            0.6            4.2
    2454715.882           -0.3            4.6
    2454716.875           -1.0            4.1
    2454753.885           12.9            3.6
     2454755.85           12.1            3.8
    2454777.733            6.8            4.1
    2454806.796            8.2            5.5
     2454808.77            5.2            4.3
    2454809.763            6.4            6.1
    2455026.973           -3.0            5.7
    2455063.965            5.9            5.0
    2455099.996           10.0            4.9
    2455116.856            7.2            6.8
    2455154.739           15.7            7.6
    2455174.788            2.3            5.8
    2455364.972            7.5            5.0
    2455419.012            3.6            4.7
    2455446.847            7.8            3.6
    2455446.856            7.3            3.1
    2455463.833           13.2            5.2
    2455466.842            8.8            4.8
    2455569.653           -2.3            4.1
    2455571.713           -1.5            4.6
    2455572.671           -0.7            4.8
    2455621.621            0.6            4.6
    2455757.974            2.1            5.0
    2455803.919            8.3            4.3
    2455806.936            6.6            4.3
    2455828.781           -2.0            4.2
    2455831.849            0.0            5.1
    2455861.842            3.4            4.2
    2455864.796            3.3            4.4
    2455892.745            8.2            4.9
