    2451745.994           15.9            4.3
    2451778.895           -8.0            3.7
    2451808.867           11.5            3.6
    2451853.766           13.1            4.1
    2451856.801            5.1            4.6
    2451898.637            9.0            8.0
    2451932.609           -7.4            3.9
    2452163.861           11.1            4.9
    2452175.851            9.2            4.0
    2452307.598           13.3            4.5
    2452465.989            3.0            5.3
    2452483.985           -8.6            5.0
    2452494.987            1.8            5.0
    2452517.936            5.1            5.2
     2452528.91           -3.0            5.2
     2452530.91            8.5            4.5
    2452541.904           15.5            4.5
    2452543.883            0.4            5.0
    2452559.914            3.8            6.4
    2452561.795            7.2            8.4
    2452571.791           -0.4            5.0
     2452589.81            6.1            5.7
    2452603.782            7.7            4.9
    2452605.724           -8.6            4.8
    2452616.772           -2.8            5.9
    2452665.604           -8.9            4.2
    2452668.611           -5.5            5.3
    2452837.972           19.1            5.4
    2452861.963            0.6            4.1
    2452863.985           -7.3            5.2
    2452879.918           16.0            4.2
    2452880.947           10.1            5.0
    2452898.911            1.5            4.7
    2452900.928           17.4            4.8
    2452932.839           10.7            4.3
    2452934.804           -4.9            4.6
    2452963.753           15.9            5.2
    2452965.809           -5.4            5.4
     2453022.63           11.2            5.6
     2453208.01           11.0            3.8
    2453209.978           -4.3            3.7
    2453214.961           22.5            4.2
    2453231.961           11.6            4.0
    2453233.909           -4.1            3.9
     2453235.96            9.1            4.2
    2453265.899          -11.8            3.8
    2453268.919          -12.0            4.0
     2453269.81           -7.4            3.5
    2453286.828           -4.2            3.8
    2453324.713           -3.4            5.5
    2453354.654           10.5            3.8
    2453400.642            4.4            7.5
    2453550.983           -0.4            4.4
    2453578.964            9.0            4.6
    2453613.923           -0.7            4.2
    2453654.771           11.1            4.1
    2453701.724           -3.9            4.6
    2453740.745            3.9            4.7
    2453911.993           -2.3            3.6
    2453917.013           13.7            3.9
    2453934.974            9.4            3.9
    2453968.925            9.3            3.2
    2453981.851            4.2            3.8
    2453985.899            6.2            4.0
    2454055.755           16.1            3.9
    2454297.975            4.4            4.1
    2454300.974            5.8            4.0
    2454314.939           10.6            3.6
    2454318.981           -1.7            4.2
    2454344.859           -2.9            4.3
    2454348.917            3.5            4.0
    2454391.887            7.6            5.4
    2454394.775           13.7            4.2
    2454418.777           11.7            4.5
    2454420.763           -9.6            4.2
    2454440.653            7.2            3.4
    2454443.651           17.4            3.6
    2454481.638            9.2            3.9
    2454503.651            9.3            4.3
    2454645.984           15.5            4.5
    2454646.968            2.6            4.2
    2454668.009           -0.6            3.7
    2454681.904            1.5            3.8
     2454683.97           14.9            3.8
    2454711.893            7.2            4.1
    2454713.873           -3.2            4.2
    2454715.882           18.2            4.6
    2454716.875            5.2            4.1
    2454753.885            6.9            3.6
     2454755.85           -6.9            3.8
    2454777.733            8.3            4.1
    2454806.796           19.3            5.5
     2454808.77            0.6            4.3
    2454809.763           14.6            6.1
    2455026.973            7.5            5.7
    2455063.965            7.1            5.0
    2455099.996           13.2            4.9
    2455116.856           12.5            6.8
    2455154.739            4.2            7.6
    2455174.788           -7.7            5.8
    2455364.972           11.8            5.0
    2455419.012           -0.1            4.7
    2455446.847           -7.6            3.6
    2455446.856           -8.1            3.1
    2455463.833            7.8            5.2
    2455466.842           17.7            4.8
    2455569.653            2.6            4.1
    2455571.713           10.4            4.6
    2455572.671            0.5            4.8
    2455621.621           -8.7            4.6
    2455757.974           -7.0            5.0
    2455803.919            2.7            4.3
    2455806.936           -2.7            4.3
    2455828.781           17.6            4.2
    2455831.849            6.4            5.1
    2455861.842           -9.3            4.2
    2455864.796           -1.6            4.4
    2455892.745           -0.8            4.9
