    2451745.994            5.3            4.3
    2451778.895           14.4            3.7
    2451808.867           17.5            3.6
    2451853.766            9.2            4.1
    2451856.801           -5.0            4.6
    2451898.637           -0.8            8.0
    2451932.609            0.6            3.9
    2452163.861           -0.8            4.9
    2452175.851            6.5            4.0
    2452307.598          -11.2            4.5
    2452465.989          -12.6            5.3
    2452483.985           -1.7            5.0
    2452494.987           -9.5            5.0
    2452517.936           13.4            5.2
     2452528.91          -10.8            5.2
     2452530.91           19.1            4.5
    2452541.904           -7.4            4.5
    2452543.883           11.4            5.0
    2452559.914           23.1            6.4
    2452561.795          -10.7            8.4
    2452571.791           11.0            5.0
     2452589.81           27.2            5.7
    2452603.782          -13.9            4.9
    2452605.724           16.2            4.8
    2452616.772          -11.0            5.9
    2452665.604            2.7            4.2
    2452668.611           23.5            5.3
    2452837.972           -1.6            5.4
    2452861.963            0.4            4.1
    2452863.985           10.4            5.2
    2452879.918           -5.5            4.2
    2452880.947           -1.6            5.0
    2452898.911            4.5            4.7
    2452900.928           -4.0            4.8
    2452932.839           11.4            4.3
    2452934.804           12.2            4.6
    2452963.753           -3.0            5.2
    2452965.809           13.2            5.4
     2453022.63            3.0            5.6
     2453208.01           19.1            3.8
    2453209.978           -3.4            3.7
    2453214.961            4.6            4.2
    2453231.961           15.7            4.0
    2453233.909           -3.9            3.9
     2453235.96            7.6            4.2
    2453265.899           13.7            3.8
    2453268.919            0.5            4.0
     2453269.81           17.8            3.5
    2453286.828           19.3            3.8
    2453324.713            6.1            5.5
    2453354.654           -2.8            3.8
    2453400.642           11.5            7.5
    2453550.983           -1.8            4.4
    2453578.964            4.2            4.6
    2453613.923           13.1            4.2
    2453654.771           20.4            4.1
    2453701.724            5.4            4.6
    2453740.745           -7.5            4.7
    2453911.993            7.1            3.6
    2453917.013           16.0            3.9
    2453934.974           -3.6            3.9
    2453968.925            0.4            3.2
    2453981.851           -7.6            3.8
    2453985.899           -8.6            4.0
    2454055.755            2.7            3.9
    2454297.975           12.1            4.1
    2454300.974           -3.3            4.0
    2454314.939           16.4            3.6
    2454318.981           12.8            4.2
    2454344.859           14.1            4.3
    2454348.917           16.5            4.0
    2454391.887           -2.4            5.4
    2454394.775           25.7            4.2
    2454418.777            6.1            4.5
    2454420.763          -10.6            4.2
    2454440.653            9.6            3.4
    2454443.651           22.0            3.6
    2454481.638           25.4            3.9
    2454503.651           11.7            4.3
    2454645.984          -15.1            4.5
    2454646.968           -3.3            4.2
    2454668.009           -2.0            3.7
    2454681.904           16.9            3.8
     2454683.97          -13.1            3.8
    2454711.893           14.0            4.1
    2454713.873            3.7            4.2
    2454715.882            0.6            4.6
    2454716.875           -7.5            4.1
    2454753.885            5.7            3.6
     2454755.85           -7.2            3.8
    2454777.733           15.8            4.1
    2454806.796           -5.6            5.5
     2454808.77           10.7            4.3
    2454809.763            3.8            6.1
    2455026.973           -6.9            5.7
    2455063.965           -2.8            5.0
    2455099.996           16.2            4.9
    2455116.856           22.3            6.8
    2455154.739           25.2            7.6
    2455174.788           19.5            5.8
    2455364.972            6.3            5.0
    2455419.012           -1.7            4.7
    2455446.847            3.8            3.6
    2455446.856            3.5            3.1
    2455463.833            4.0            5.2
    2455466.842           -5.2            4.8
    2455569.653            7.8            4.1
    2455571.713            6.5            4.6
    2455572.671           22.1            4.8
    2455621.621            0.4            4.6
    2455757.974           -2.6            5.0
    2455803.919           -7.9            4.3
    2455806.936           10.9            4.3
    2455828.781          -13.0            4.2
    2455831.849           -3.0            5.1
    2455861.842          -11.5            4.2
    2455864.796           12.4            4.4
    2455892.745           14.2            4.9
