    2451745.994            5.6            4.3
    2451778.895            5.1            3.7
    2451808.867            2.2            3.6
    2451853.766            2.2            4.1
    2451856.801           -4.3            4.6
    2451898.637           10.6            8.0
    2451932.609            7.8            3.9
    2452163.861            2.5            4.9
    2452175.851           11.1            4.0
    2452307.598           -7.7            4.5
    2452465.989            9.8            5.3
    2452483.985            2.7            5.0
    2452494.987            8.6            5.0
    2452517.936           -2.7            5.2
     2452528.91           12.1            5.2
     2452530.91           15.9            4.5
    2452541.904           -7.1            4.5
    2452543.883           -6.1            5.0
    2452559.914           -7.2            6.4
    2452561.795            3.7            8.4
    2452571.791           16.0            5.0
     2452589.81            8.3            5.7
    2452603.782            7.2            4.9
    2452605.724            8.5            4.8
    2452616.772            3.3            5.9
    2452665.604           -6.7            4.2
    2452668.611           13.9            5.3
    2452837.972           18.7            5.4
    2452861.963           14.8            4.1
    2452863.985           13.0            5.2
    2452879.918            1.1            4.2
    2452880.947            6.6            5.0
    2452898.911           11.7            4.7
    2452900.928           10.7            4.8
    2452932.839            2.1            4.3
    2452934.804            5.9            4.6
    2452963.753            7.1            5.2
    2452965.809           10.9            5.4
     2453022.63           -1.2            5.6
     2453208.01            4.3            3.8
    2453209.978           15.3            3.7
    2453214.961           -0.7            4.2
    2453231.961           16.6            4.0
    2453233.909           19.9            3.9
     2453235.96           18.8            4.2
    2453265.899            3.1            3.8
    2453268.919           -2.7            4.0
     2453269.81            2.6            3.5
    2453286.828            3.4            3.8
    2453324.713           16.3            5.5
    2453354.654            5.1            3.8
    2453400.642           10.3            7.5
    2453550.983           12.7            4.4
    2453578.964           -0.4            4.6
    2453613.923           15.1            4.2
    2453654.771            3.6            4.1
    2453701.724          -14.7            4.6
    2453740.745            6.8            4.7
    2453911.993           -1.1            3.6
    2453917.013           10.6            3.9
    2453934.974           17.0            3.9
    2453968.925            3.0            3.2
    2453981.851            7.1            3.8
    2453985.899            5.1            4.0
    2454055.755            6.5            3.9
    2454297.975            0.5            4.1
    2454300.974            1.0            4.0
    2454314.939           20.0            3.6
    2454318.981            8.1            4.2
    2454344.859           10.4            4.3
    2454348.917            7.1            4.0
    2454391.887            8.4            5.4
    2454394.775           -0.6            4.2
    2454418.777           -1.2            4.5
    2454420.763            3.1            4.2
    2454440.653            0.7            3.4
    2454443.651           14.1            3.6
    2454481.638            5.3            3.9
    2454503.651            0.7            4.3
    2454645.984           13.7            4.5
    2454646.968           -5.6            4.2
    2454668.009           18.4            3.7
    2454681.904            7.2            3.8
     2454683.97            4.3            3.8
    2454711.893            3.8            4.1
    2454713.873           -6.3            4.2
    2454715.882           -9.9            4.6
    2454716.875            0.9            4.1
    2454753.885           -4.7            3.6
     2454755.85            0.6            3.8
    2454777.733           -1.2            4.1
    2454806.796           -5.7            5.5
     2454808.77           -2.4            4.3
    2454809.763           16.8            6.1
    2455026.973           -9.0            5.7
    2455063.965           14.4            5.0
    2455099.996           13.5            4.9
    2455116.856           12.4            6.8
    2455154.739            7.7            7.6
    2455174.788            6.8            5.8
    2455364.972            9.5            5.0
    2455419.012            5.6            4.7
    2455446.847          -13.4            3.6
    2455446.856          -13.8            3.1
    2455463.833            4.9            5.2
    2455466.842           -4.7            4.8
    2455569.653           -8.1            4.1
    2455571.713           -1.5            4.6
    2455572.671            7.2            4.8
    2455621.621           14.5            4.6
    2455757.974          -11.8            5.0
    2455803.919            6.5            4.3
    2455806.936           10.6            4.3
    2455828.781           -0.7            4.2
    2455831.849           20.2            5.1
    2455861.842           10.9            4.2
    2455864.796           -2.4            4.4
    2455892.745           15.4            4.9
