    2451745.994            5.6            4.3
    2451778.895           -0.1            3.7
    2451808.867            7.4            3.6
    2451853.766            0.3            4.1
    2451856.801            6.2            4.6
    2451898.637           11.0            8.0
    2451932.609            6.6            3.9
    2452163.861            0.3            4.9
    2452175.851            7.5            4.0
    2452307.598            2.6            4.5
    2452465.989            5.8            5.3
    2452483.985            8.8            5.0
    2452494.987           -0.4            5.0
    2452517.936            8.1            5.2
     2452528.91            1.1            5.2
     2452530.91            3.3            4.5
    2452541.904            3.9            4.5
    2452543.883            0.7            5.0
    2452559.914           10.5            6.4
    2452561.795           10.3            8.4
    2452571.791            3.1            5.0
     2452589.81            6.5            5.7
    2452603.782            3.4            4.9
    2452605.724           -0.0            4.8
    2452616.772            6.6            5.9
    2452665.604            5.5            4.2
    2452668.611            2.8            5.3
    2452837.972            5.2            5.4
    2452861.963            5.7            4.1
    2452863.985           11.2            5.2
    2452879.918            3.2            4.2
    2452880.947            1.6            5.0
    2452898.911            9.2            4.7
    2452900.928            0.9            4.8
    2452932.839           10.3            4.3
    2452934.804            3.9            4.6
    2452963.753            0.9            5.2
    2452965.809            8.4            5.4
     2453022.63           10.3            5.6
     2453208.01            7.4            3.8
    2453209.978            2.0            3.7
    2453214.961            7.1            4.2
    2453231.961           -2.0            4.0
    2453233.909            2.1            3.9
     2453235.96            9.0            4.2
    2453265.899            0.7            3.8
    2453268.919            5.9            4.0
     2453269.81            8.5            3.5
    2453286.828           -0.1            3.8
    2453324.713            8.3            5.5
    2453354.654            3.0            3.8
    2453400.642           12.5            7.5
    2453550.983            3.4            4.4
    2453578.964            7.2            4.6
    2453613.923            7.3            4.2
    2453654.771            7.2            4.1
    2453701.724            0.6            4.6
    2453740.745            2.9            4.7
    2453911.993            6.3            3.6
    2453917.013            5.4            3.9
    2453934.974           -3.1            3.9
    2453968.925           -1.8            3.2
    2453981.851            4.4            3.8
    2453985.899            7.0            4.0
    2454055.755            8.3            3.9
    2454297.975            6.6            4.1
    2454300.974            1.2            4.0
    2454314.939           -0.6            3.6
    2454318.981            6.2            4.2
    2454344.859            7.8            4.3
    2454348.917           -2.7            4.0
    2454391.887            8.4            5.4
    2454394.775            7.8            4.2
    2454418.777            2.7            4.5
    2454420.763            8.4            4.2
    2454440.653            5.1            3.4
    2454443.651            1.6            3.6
    2454481.638            6.2            3.9
    2454503.651           10.6            4.3
    2454645.984            2.7            4.5
    2454646.968            6.5            4.2
    2454668.009            6.1            3.7
    2454681.904            7.8            3.8
     2454683.97            6.4            3.8
    2454711.893            4.3            4.1
    2454713.873           -0.0            4.2
    2454715.882            7.7            4.6
    2454716.875           10.3            4.1
    2454753.885            2.2            3.6
     2454755.85            0.9            3.8
    2454777.733            4.9            4.1
    2454806.796           12.1            5.5
     2454808.77            5.2            4.3
    2454809.763            3.9            6.1
    2455026.973           12.0            5.7
    2455063.965            2.4            5.0
    2455099.996            1.3            4.9
    2455116.856           13.5            6.8
    2455154.739            3.6            7.6
    2455174.788            0.9            5.8
    2455364.972           10.1            5.0
    2455419.012            8.5            4.7
    2455446.847            6.9            3.6
    2455446.856            6.4            3.1
    2455463.833            1.2            5.2
    2455466.842            4.6            4.8
    2455569.653            3.7            4.1
    2455571.713            8.6            4.6
    2455572.671            6.1            4.8
    2455621.621            5.2            4.6
    2455757.974            9.0            5.0
    2455803.919            3.2            4.3
    2455806.936            5.2            4.3
    2455828.781            0.7            4.2
    2455831.849            5.9            5.1
    2455861.842            7.1            4.2
    2455864.796           -0.8            4.4
    2455892.745            2.1            4.9
