    2451745.994           29.5            4.3
    2451778.895           41.6            3.7
    2451808.867          -26.8            3.6
    2451853.766           37.4            4.1
    2451856.801          -18.2            4.6
    2451898.637            4.5            8.0
    2451932.609           28.5            3.9
    2452163.861           29.6            4.9
    2452175.851          -28.8            4.0
    2452307.598           -3.9            4.5
    2452465.989           35.7            5.3
    2452483.985           10.1            5.0
    2452494.987           31.2            5.0
    2452517.936           37.5            5.2
     2452528.91          -25.8            5.2
     2452530.91           20.3            4.5
    2452541.904           18.9            4.5
    2452543.883           -7.9            5.0
    2452559.914           33.0            6.4
    2452561.795          -23.9            8.4
    2452571.791           -6.3            5.0
     2452589.81          -21.3            5.7
    2452603.782          -31.3            4.9
    2452605.724           30.6            4.8
    2452616.772           11.4            5.9
    2452665.604           21.4            4.2
    2452668.611          -22.2            5.3
    2452837.972           35.4            5.4
    2452861.963           16.6            4.1
    2452863.985          -21.6            5.2
    2452879.918           39.4            4.2
    2452880.947           10.9            5.0
    2452898.911           32.7            4.7
    2452900.928          -25.4            4.8
    2452932.839          -15.2            4.3
    2452934.804           19.3            4.6
    2452963.753           29.7            5.2
    2452965.809          -26.6            5.4
     2453022.63           -3.1            5.6
     2453208.01           -8.8            3.8
    2453209.978           18.7            3.7
    2453214.961           10.6            4.2
    2453231.961           20.3            4.0
    2453233.909           -9.4            3.9
     2453235.96           -4.9            4.2
    2453265.899           32.1            3.8
    2453268.919            6.4            4.0
     2453269.81           34.1            3.5
    2453286.828           -8.9            3.8
    2453324.713           11.7            5.5
    2453354.654            5.9            3.8
    2453400.642           34.7            7.5
    2453550.983          -10.3            4.4
    2453578.964          -14.8            4.6
    2453613.923           26.0            4.2
    2453654.771           32.8            4.1
    2453701.724           35.9            4.6
    2453740.745           10.1            4.7
    2453911.993          -17.2            3.6
    2453917.013          -22.7            3.9
    2453934.974           -0.1            3.9
    2453968.925          -29.5            3.2
    2453981.851          -17.3            3.8
    2453985.899           19.2            4.0
    2454055.755           18.9            3.9
    2454297.975          -20.8            4.1
    2454300.974           30.0            4.0
    2454314.939           27.1            3.6
    2454318.981           39.8            4.2
    2454344.859          -19.7            4.3
    2454348.917          -14.8            4.0
    2454391.887          -21.4            5.4
    2454394.775           10.2            4.2
    2454418.777          -10.9            4.5
    2454420.763           15.3            4.2
    2454440.653           32.2            3.4
    2454443.651           10.1            3.6
    2454481.638           22.7            3.9
    2454503.651          -29.7            4.3
    2454645.984          -29.6            4.5
    2454646.968          -13.7            4.2
    2454668.009           24.8            3.7
    2454681.904           26.6            3.8
     2454683.97          -25.2            3.8
    2454711.893          -29.8            4.1
    2454713.873           32.6            4.2
    2454715.882          -26.9            4.6
    2454716.875          -24.1            4.1
    2454753.885          -23.7            3.6
     2454755.85           38.6            3.8
    2454777.733            1.7            4.1
    2454806.796           18.3            5.5
     2454808.77           -2.6            4.3
    2454809.763          -28.7            6.1
    2455026.973          -31.0            5.7
    2455063.965           -3.4            5.0
    2455099.996           29.4            4.9
    2455116.856           -3.1            6.8
    2455154.739           25.9            7.6
    2455174.788           29.6            5.8
    2455364.972          -12.5            5.0
    2455419.012            9.6            4.7
    2455446.847           27.8            3.6
    2455446.856           26.1            3.1
    2455463.833          -31.1            5.2
    2455466.842           32.1            4.8
    2455569.653           29.7            4.1
    2455571.713          -24.4            4.6
    2455572.671           10.8            4.8
    2455621.621           10.0            4.6
    2455757.974           30.0            5.0
    2455803.919           -7.7            4.3
    2455806.936           -1.9            4.3
    2455828.781           33.1            4.2
    2455831.849           -1.8            5.1
    2455861.842           35.0            4.2
    2455864.796            1.2            4.4
    2455892.745           -2.8            4.9
