    2451745.994           -1.1            4.3
    2451778.895            2.6            3.7
    2451808.867          -10.3            3.6
    2451853.766            0.8            4.1
    2451856.801           18.5            4.6
    2451898.637           19.2            8.0
    2451932.609            1.5            3.9
    2452163.861           17.9            4.9
    2452175.851           14.8            4.0
    2452307.598           -3.3            4.5
    2452465.989           10.2            5.3
    2452483.985           14.2            5.0
    2452494.987           10.5            5.0
    2452517.936           -1.5            5.2
     2452528.91           18.3            5.2
     2452530.91          -10.2            4.5
    2452541.904           14.9            4.5
    2452543.883           -8.5            5.0
    2452559.914           -7.4            6.4
    2452561.795           19.3            8.4
    2452571.791            0.5            5.0
     2452589.81           -1.4            5.7
    2452603.782           19.8            4.9
    2452605.724           -8.5            4.8
    2452616.772           14.3            5.9
    2452665.604           16.3            4.2
    2452668.611           -3.4            5.3
    2452837.972           -8.7            5.4
    2452861.963            6.8            4.1
    2452863.985            2.7            5.2
    2452879.918           -8.4            4.2
    2452880.947           10.2            5.0
    2452898.911           14.3            4.7
    2452900.928           -5.7            4.8
    2452932.839           -1.2            4.3
    2452934.804            6.7            4.6
    2452963.753            6.8            5.2
    2452965.809            6.6            5.4
     2453022.63           17.9            5.6
     2453208.01           -8.3            3.8
    2453209.978           14.6            3.7
    2453214.961           -0.1            4.2
    2453231.961           -6.8            4.0
    2453233.909           12.4            3.9
     2453235.96           -3.6            4.2
    2453265.899           -8.7            3.8
    2453268.919            1.4            4.0
     2453269.81           -9.9            3.5
    2453286.828           -7.9            3.8
    2453324.713            4.2            5.5
    2453354.654           18.2            3.8
    2453400.642           20.1            7.5
    2453550.983            4.5            4.4
    2453578.964           17.9            4.6
    2453613.923           -8.2            4.2
    2453654.771            3.1            4.1
    2453701.724           -8.1            4.6
    2453740.745           19.8            4.7
    2453911.993            4.4            3.6
    2453917.013           -8.7            3.9
    2453934.974            7.3            3.9
    2453968.925           15.9            3.2
    2453981.851           15.7            3.8
    2453985.899           17.0            4.0
    2454055.755           13.7            3.9
    2454297.975            4.7            4.1
    2454300.974           19.1            4.0
    2454314.939           -3.5            3.6
    2454318.981           -1.4            4.2
    2454344.859          -10.3            4.3
    2454348.917          -10.8            4.0
    2454391.887           16.9            5.4
    2454394.775           -7.0            4.2
    2454418.777           -4.6            4.5
    2454420.763           12.0            4.2
    2454440.653           -7.3            3.4
    2454443.651           -6.2            3.6
    2454481.638           -9.5            3.9
    2454503.651           10.4            4.3
    2454645.984           14.4            4.5
    2454646.968           -5.1            4.2
    2454668.009           -8.0            3.7
    2454681.904            6.5            3.8
     2454683.97            3.6            3.8
    2454711.893           17.8            4.1
    2454713.873          -10.2            4.2
    2454715.882           17.9            4.6
    2454716.875            8.4            4.1
    2454753.885           14.7            3.6
     2454755.85           -7.9            3.8
    2454777.733           14.2            4.1
    2454806.796           13.9            5.5
     2454808.77           -3.9            4.3
    2454809.763           -7.1            6.1
    2455026.973           17.5            5.7
    2455063.965           12.9            5.0
    2455099.996          -10.0            4.9
    2455116.856           -6.7            6.8
    2455154.739            4.7            7.6
    2455174.788           -8.1            5.8
    2455364.972           -4.1            5.0
    2455419.012           -5.6            4.7
    2455446.847           16.4            3.6
    2455446.856           15.8            3.1
    2455463.833           11.0            5.2
    2455466.842           16.9            4.8
    2455569.653           -2.1            4.1
    2455571.713           10.0            4.6
    2455572.671           -8.1            4.8
    2455621.621            9.3            4.6
    2455757.974           17.5            5.0
    2455803.919           14.4            4.3
    2455806.936           13.9            4.3
    2455828.781           15.2            4.2
    2455831.849           15.2            5.1
    2455861.842           15.0            4.2
    2455864.796            8.0            4.4
    2455892.745           -9.2            4.9
