    2451745.994           11.4            4.3
    2451778.895           -3.0            3.7
    2451808.867           15.3            3.6
    2451853.766           -1.3            4.1
    2451856.801           11.8            4.6
    2451898.637           -1.4            8.0
    2451932.609           -3.5            3.9
    2452163.861           -8.0            4.9
    2452175.851           22.6            4.0
    2452307.598          -11.7            4.5
    2452465.989            4.5            5.3
    2452483.985           -9.4            5.0
    2452494.987           13.5            5.0
    2452517.936           -9.9            5.2
     2452528.91           16.8            5.2
     2452530.91           -8.5            4.5
    2452541.904           22.9            4.5
    2452543.883           13.2            5.0
    2452559.914           -0.8            6.4
    2452561.795           18.8            8.4
    2452571.791           -0.1            5.0
     2452589.81           19.3            5.7
    2452603.782           12.2            4.9
    2452605.724           -1.6            4.8
    2452616.772           19.3            5.9
    2452665.604           18.0            4.2
    2452668.611          -10.6            5.3
    2452837.972           -4.0            5.4
    2452861.963           16.1            4.1
    2452863.985           -3.0            5.2
    2452879.918          -10.5            4.2
    2452880.947            6.0            5.0
    2452898.911          -15.7            4.7
    2452900.928           -0.2            4.8
    2452932.839          -15.3            4.3
    2452934.804           -3.0            4.6
    2452963.753           20.7            5.2
    2452965.809            3.7            5.4
     2453022.63          -12.0            5.6
     2453208.01           18.1            3.8
    2453209.978           12.7            3.7
    2453214.961           11.4            4.2
    2453231.961          -12.8            4.0
    2453233.909           -7.7            3.9
     2453235.96           16.4            4.2
    2453265.899          -11.3            3.8
    2453268.919            9.8            4.0
     2453269.81           12.8            3.5
    2453286.828          -16.7            3.8
    2453324.713           22.2            5.5
    2453354.654          -18.6            3.8
    2453400.642           16.3            7.5
    2453550.983           -5.3            4.4
    2453578.964          -13.3            4.6
    2453613.923          -10.1            4.2
    2453654.771          -12.4            4.1
    2453701.724          -10.9            4.6
    2453740.745            2.6            4.7
    2453911.993          -11.3            3.6
    2453917.013            7.0            3.9
    2453934.974            7.9            3.9
    2453968.925            4.0            3.2
    2453981.851           -5.4            3.8
    2453985.899           -3.5            4.0
    2454055.755          -12.3            3.9
    2454297.975            4.5            4.1
    2454300.974          -12.0            4.0
    2454314.939           -8.3            3.6
    2454318.981           -2.2            4.2
    2454344.859           23.7            4.3
    2454348.917           -7.8            4.0
    2454391.887           20.5            5.4
    2454394.775           -3.0            4.2
    2454418.777           14.9            4.5
    2454420.763            1.4            4.2
    2454440.653            8.0            3.4
    2454443.651           -5.1            3.6
    2454481.638           12.9            3.9
    2454503.651           -8.7            4.3
    2454645.984           -5.6            4.5
    2454646.968          -17.0            4.2
    2454668.009          -11.0            3.7
    2454681.904           -8.3            3.8
     2454683.97            9.2            3.8
    2454711.893           20.3            4.1
    2454713.873           -2.3            4.2
    2454715.882           -5.3            4.6
    2454716.875            1.5            4.1
    2454753.885           -2.9            3.6
     2454755.85          -14.1            3.8
    2454777.733            9.2            4.1
    2454806.796           12.7            5.5
     2454808.77           -1.5            4.3
    2454809.763          -11.0            6.1
    2455026.973           -1.7            5.7
    2455063.965           13.6            5.0
    2455099.996           12.0            4.9
    2455116.856           -6.1            6.8
    2455154.739           10.1            7.6
    2455174.788           10.0            5.8
    2455364.972           13.4            5.0
    2455419.012           13.5            4.7
    2455446.847           19.6            3.6
    2455446.856           19.0            3.1
    2455463.833            2.2            5.2
    2455466.842           17.6            4.8
    2455569.653           13.6            4.1
    2455571.713          -12.5            4.6
    2455572.671           -5.4            4.8
    2455621.621           15.9            4.6
    2455757.974           22.0            5.0
    2455803.919           -9.3            4.3
    2455806.936           15.2            4.3
    2455828.781            8.2            4.2
    2455831.849           11.2            5.1
    2455861.842           15.8            4.2
    2455864.796           -0.1            4.4
    2455892.745           -3.2            4.9
