    2451745.994           13.3            4.3
    2451778.895           -8.9            3.7
    2451808.867           -2.1            3.6
    2451853.766            7.8            4.1
    2451856.801           -7.1            4.6
    2451898.637           12.9            8.0
    2451932.609           15.9            3.9
    2452163.861           -4.9            4.9
    2452175.851            9.4            4.0
    2452307.598           -1.3            4.5
    2452465.989            9.6            5.3
    2452483.985           -1.3            5.0
    2452494.987           15.0            5.0
    2452517.936            8.2            5.2
     2452528.91            4.6            5.2
     2452530.91           10.8            4.5
    2452541.904            1.2            4.5
    2452543.883            8.2            5.0
    2452559.914           10.8            6.4
    2452561.795            1.4            8.4
    2452571.791           -0.5            5.0
     2452589.81           10.6            5.7
    2452603.782           12.8            4.9
    2452605.724           -5.6            4.8
    2452616.772           16.2            5.9
    2452665.604            0.4            4.2
    2452668.611           16.6            5.3
    2452837.972           14.3            5.4
    2452861.963           -3.4            4.1
    2452863.985           12.7            5.2
    2452879.918            5.0            4.2
    2452880.947           13.1            5.0
    2452898.911           10.6            4.7
    2452900.928           -3.1            4.8
    2452932.839           16.6            4.3
    2452934.804           -4.4            4.6
    2452963.753            9.5            5.2
    2452965.809           -4.6            5.4
     2453022.63            2.7            5.6
     2453208.01           -7.4            3.8
    2453209.978           13.9            3.7
    2453214.961           11.8            4.2
    2453231.961           15.2            4.0
    2453233.909           -2.6            3.9
     2453235.96           17.0            4.2
    2453265.899           11.4            3.8
    2453268.919           -4.0            4.0
     2453269.81            7.3            3.5
    2453286.828            3.1            3.8
    2453324.713           -6.6            5.5
    2453354.654           -3.6            3.8
    2453400.642           17.8            7.5
    2453550.983            6.1            4.4
    2453578.964            6.9            4.6
    2453613.923            3.2            4.2
    2453654.771            3.9            4.1
    2453701.724           -3.9            4.6
    2453740.745           -1.8            4.7
    2453911.993           10.5            3.6
    2453917.013            3.8            3.9
    2453934.974           -5.5            3.9
    2453968.925           -0.6            3.2
    2453981.851            3.4            3.8
    2453985.899            5.2            4.0
    2454055.755            0.8            3.9
    2454297.975            5.5            4.1
    2454300.974           16.4            4.0
    2454314.939            6.0            3.6
    2454318.981           14.0            4.2
    2454344.859           12.8            4.3
    2454348.917           11.4            4.0
    2454391.887           12.8            5.4
    2454394.775           -3.8            4.2
    2454418.777           11.8            4.5
    2454420.763           -1.0            4.2
    2454440.653            7.7            3.4
    2454443.651           13.3            3.6
    2454481.638            1.5            3.9
    2454503.651            7.4            4.3
    2454645.984           -1.1            4.5
    2454646.968           11.3            4.2
    2454668.009            1.7            3.7
    2454681.904           14.0            3.8
     2454683.97           -4.0            3.8
    2454711.893            9.2            4.1
    2454713.873           -2.8            4.2
    2454715.882            5.9            4.6
    2454716.875           13.8            4.1
    2454753.885           -7.2            3.6
     2454755.85           13.0            3.8
    2454777.733           13.4            4.1
    2454806.796            7.6            5.5
     2454808.77            2.7            4.3
    2454809.763           -5.4            6.1
    2455026.973            0.7            5.7
    2455063.965           12.7            5.0
    2455099.996           -4.4            4.9
    2455116.856           -1.1            6.8
    2455154.739           11.8            7.6
    2455174.788            5.4            5.8
    2455364.972            3.1            5.0
    2455419.012            7.9            4.7
    2455446.847           -2.4            3.6
    2455446.856           -2.9            3.1
    2455463.833           -4.2            5.2
    2455466.842            8.2            4.8
    2455569.653           14.9            4.1
    2455571.713           -5.9            4.6
    2455572.671           -0.9            4.8
    2455621.621           15.4            4.6
    2455757.974           -5.1            5.0
    2455803.919           15.2            4.3
    2455806.936            7.2            4.3
    2455828.781            9.2            4.2
    2455831.849           -5.1            5.1
    2455861.842           -5.9            4.2
    2455864.796           12.3            4.4
    2455892.745           -3.3            4.9
