    2451745.994            8.9            4.3
    2451778.895           -1.3            3.7
    2451808.867            9.3            3.6
    2451853.766           -4.5            4.1
    2451856.801            1.9            4.6
    2451898.637           15.2            8.0
    2451932.609            1.6            3.9
    2452163.861           -0.9            4.9
    2452175.851            5.4            4.0
    2452307.598            8.6            4.5
    2452465.989           11.8            5.3
    2452483.985           -2.7            5.0
    2452494.987            4.9            5.0
    2452517.936            0.7            5.2
     2452528.91           17.8            5.2
     2452530.91           -6.3            4.5
    2452541.904            9.7            4.5
    2452543.883            6.8            5.0
    2452559.914           -1.5            6.4
    2452561.795           16.2            8.4
    2452571.791            5.6            5.0
     2452589.81            1.4            5.7
    2452603.782           13.4            4.9
    2452605.724           -7.4            4.8
    2452616.772            8.7            5.9
    2452665.604           12.0            4.2
    2452668.611           -3.9            5.3
    2452837.972            6.1            5.4
    2452861.963            6.1            4.1
    2452863.985            9.5            5.2
    2452879.918            7.4            4.2
    2452880.947            2.4            5.0
    2452898.911           -2.3            4.7
    2452900.928            7.4            4.8
    2452932.839            2.8            4.3
    2452934.804            0.5            4.6
    2452963.753           12.5            5.2
    2452965.809           -2.5            5.4
     2453022.63            4.6            5.6
     2453208.01            4.4            3.8
    2453209.978           12.6            3.7
    2453214.961           -5.0            4.2
    2453231.961           -3.3            4.0
    2453233.909           12.6            3.9
     2453235.96           -8.1            4.2
    2453265.899           -2.9            3.8
    2453268.919            6.0            4.0
     2453269.81            2.4            3.5
    2453286.828           -8.6            3.8
    2453324.713            6.8            5.5
    2453354.654           12.7            3.8
    2453400.642            6.9            7.5
    2453550.983           12.1            4.4
    2453578.964           -8.6            4.6
    2453613.923            9.1            4.2
    2453654.771            1.4            4.1
    2453701.724           15.0            4.6
    2453740.745            8.1            4.7
    2453911.993           -0.6            3.6
    2453917.013          -13.2            3.9
    2453934.974            2.8            3.9
    2453968.925           14.9            3.2
    2453981.851           10.7            3.8
    2453985.899            7.9            4.0
    2454055.755           -0.7            3.9
    2454297.975           -2.7            4.1
    2454300.974           -9.7            4.0
    2454314.939            4.5            3.6
    2454318.981            4.5            4.2
    2454344.859            8.7            4.3
    2454348.917            3.2            4.0
    2454391.887            6.9            5.4
    2454394.775            4.2            4.2
    2454418.777            3.8            4.5
    2454420.763           11.4            4.2
    2454440.653            6.0            3.4
    2454443.651           -2.4            3.6
    2454481.638           -3.8            3.9
    2454503.651           -0.9            4.3
    2454645.984            7.3            4.5
    2454646.968           -5.1            4.2
    2454668.009            8.4            3.7
    2454681.904            1.4            3.8
     2454683.97            5.9            3.8
    2454711.893           -1.2            4.1
    2454713.873            5.0            4.2
    2454715.882           -5.8            4.6
    2454716.875           11.6            4.1
    2454753.885            2.6            3.6
     2454755.85           12.4            3.8
    2454777.733           -1.6            4.1
    2454806.796           -1.4            5.5
     2454808.77            2.3            4.3
    2454809.763           12.9            6.1
    2455026.973           12.2            5.7
    2455063.965           15.7            5.0
    2455099.996            1.5            4.9
    2455116.856            8.5            6.8
    2455154.739            1.7            7.6
    2455174.788           -2.9            5.8
    2455364.972            9.5            5.0
    2455419.012            8.7            4.7
    2455446.847           -0.1            3.6
    2455446.856           -0.9            3.1
    2455463.833            3.2            5.2
    2455466.842            0.1            4.8
    2455569.653           15.2            4.1
    2455571.713            0.1            4.6
    2455572.671           -4.9            4.8
    2455621.621            6.6            4.6
    2455757.974           12.0            5.0
    2455803.919           12.6            4.3
    2455806.936            9.1            4.3
    2455828.781           12.4            4.2
    2455831.849            3.5            5.1
    2455861.842            9.6            4.2
    2455864.796           -6.9            4.4
    2455892.745            2.5            4.9
