    2451745.994           26.7            4.3
    2451778.895            2.7            3.7
    2451808.867           -2.1            3.6
    2451853.766           -5.4            4.1
    2451856.801           28.3            4.6
    2451898.637            6.2            8.0
    2451932.609            9.6            3.9
    2452163.861           -3.9            4.9
    2452175.851           -3.5            4.0
    2452307.598           24.5            4.5
    2452465.989           -7.0            5.3
    2452483.985          -18.8            5.0
    2452494.987          -16.7            5.0
    2452517.936            4.8            5.2
     2452528.91            3.1            5.2
     2452530.91           -1.8            4.5
    2452541.904           -8.4            4.5
    2452543.883          -16.8            5.0
    2452559.914            4.8            6.4
    2452561.795            0.1            8.4
    2452571.791           27.0            5.0
     2452589.81           28.7            5.7
    2452603.782           -9.7            4.9
    2452605.724           -6.1            4.8
    2452616.772           -0.5            5.9
    2452665.604           -5.1            4.2
    2452668.611           -7.7            5.3
    2452837.972           11.2            5.4
    2452861.963            6.4            4.1
    2452863.985           -4.7            5.2
    2452879.918            4.4            4.2
    2452880.947           10.7            5.0
    2452898.911           -6.4            4.7
    2452900.928           13.0            4.8
    2452932.839           -0.8            4.3
    2452934.804          -11.6            4.6
    2452963.753            2.2            5.2
    2452965.809           -8.4            5.4
     2453022.63           31.2            5.6
     2453208.01          -15.1            3.8
    2453209.978          -16.2            3.7
    2453214.961           10.7            4.2
    2453231.961            0.4            4.0
    2453233.909           18.6            3.9
     2453235.96           20.2            4.2
    2453265.899           -1.9            3.8
    2453268.919            6.1            4.0
     2453269.81          -19.7            3.5
    2453286.828           18.9            3.8
    2453324.713           20.8            5.5
    2453354.654            5.8            3.8
    2453400.642           -7.9            7.5
    2453550.983           10.8            4.4
    2453578.964           -4.1            4.6
    2453613.923           -4.1            4.2
    2453654.771            8.2            4.1
    2453701.724            5.4            4.6
    2453740.745          -11.7            4.7
    2453911.993          -13.2            3.6
    2453917.013           19.9            3.9
    2453934.974           13.9            3.9
    2453968.925            7.0            3.2
    2453981.851            9.8            3.8
    2453985.899           16.0            4.0
    2454055.755          -15.0            3.9
    2454297.975          -14.7            4.1
    2454300.974           20.2            4.0
    2454314.939            1.1            3.6
    2454318.981           23.0            4.2
    2454344.859           -9.7            4.3
    2454348.917           -6.4            4.0
    2454391.887           25.7            5.4
    2454394.775           11.4            4.2
    2454418.777           15.2            4.5
    2454420.763           18.8            4.2
    2454440.653           14.5            3.4
    2454443.651           12.7            3.6
    2454481.638            9.1            3.9
    2454503.651           12.5            4.3
    2454645.984           -3.4            4.5
    2454646.968           -5.1            4.2
    2454668.009           -4.6            3.7
    2454681.904           -6.2            3.8
     2454683.97           -3.8            3.8
    2454711.893           26.6            4.1
    2454713.873           25.1            4.2
    2454715.882            8.5            4.6
    2454716.875            2.0            4.1
    2454753.885           23.4            3.6
     2454755.85            6.7            3.8
    2454777.733           -9.2            4.1
    2454806.796           -0.8            5.5
     2454808.77          -17.2            4.3
    2454809.763            8.8            6.1
    2455026.973           19.6            5.7
    2455063.965           -3.6            5.0
    2455099.996            1.7            4.9
    2455116.856            4.9            6.8
    2455154.739            3.5            7.6
    2455174.788            3.6            5.8
    2455364.972           19.0            5.0
    2455419.012           -4.6            4.7
    2455446.847           24.1            3.6
    2455446.856           23.5            3.1
    2455463.833          -10.8            5.2
    2455466.842           22.4            4.8
    2455569.653            4.7            4.1
    2455571.713           -1.6            4.6
    2455572.671           -4.3            4.8
    2455621.621            3.8            4.6
    2455757.974           20.3            5.0
    2455803.919            4.7            4.3
    2455806.936            2.4            4.3
    2455828.781           23.8            4.2
    2455831.849           -6.2            5.1
    2455861.842           18.7            4.2
    2455864.796          -12.7            4.4
    2455892.745           18.2            4.9
