    2451745.994          -17.4            4.3
    2451778.895            5.1            3.7
    2451808.867           -9.5            3.6
    2451853.766            3.4            4.1
    2451856.801           -6.4            4.6
    2451898.637           19.4            8.0
    2451932.609            6.9            3.9
    2452163.861          -14.7            4.9
    2452175.851           16.2            4.0
    2452307.598           -3.5            4.5
    2452465.989          -17.3            5.3
    2452483.985           -4.5            5.0
    2452494.987           -7.0            5.0
    2452517.936           16.6            5.2
     2452528.91           -5.5            5.2
     2452530.91          -21.5            4.5
    2452541.904           12.7            4.5
    2452543.883           24.0            5.0
    2452559.914            2.1            6.4
    2452561.795           13.7            8.4
    2452571.791           11.6            5.0
     2452589.81           31.0            5.7
    2452603.782          -15.9            4.9
    2452605.724            6.9            4.8
    2452616.772            2.8            5.9
    2452665.604           20.0            4.2
    2452668.611          -15.1            5.3
    2452837.972            9.1            5.4
    2452861.963            3.3            4.1
    2452863.985          -20.1            5.2
    2452879.918           10.4            4.2
    2452880.947          -19.6            5.0
    2452898.911           -7.9            4.7
    2452900.928            3.8            4.8
    2452932.839           20.4            4.3
    2452934.804            9.1            4.6
    2452963.753          -13.9            5.2
    2452965.809           10.6            5.4
     2453022.63           38.3            5.6
     2453208.01           21.2            3.8
    2453209.978           22.4            3.7
    2453214.961            2.7            4.2
    2453231.961          -16.2            4.0
    2453233.909           -8.5            3.9
     2453235.96           15.5            4.2
    2453265.899            1.0            3.8
    2453268.919          -19.0            4.0
     2453269.81           -3.1            3.5
    2453286.828          -12.9            3.8
    2453324.713          -17.9            5.5
    2453354.654           19.7            3.8
    2453400.642           33.5            7.5
    2453550.983           15.2            4.4
    2453578.964            2.9            4.6
    2453613.923            7.7            4.2
    2453654.771           13.5            4.1
    2453701.724          -12.0            4.6
    2453740.745            2.0            4.7
    2453911.993           21.6            3.6
    2453917.013           -9.0            3.9
    2453934.974           -3.0            3.9
    2453968.925          -13.4            3.2
    2453981.851          -13.7            3.8
    2453985.899           16.2            4.0
    2454055.755           -3.8            3.9
    2454297.975           32.1            4.1
    2454300.974            4.5            4.0
    2454314.939           26.1            3.6
    2454318.981            4.1            4.2
    2454344.859           20.4            4.3
    2454348.917          -25.2            4.0
    2454391.887          -15.7            5.4
    2454394.775          -11.9            4.2
    2454418.777            8.5            4.5
    2454420.763            1.3            4.2
    2454440.653           -9.6            3.4
    2454443.651           12.4            3.6
    2454481.638           15.6            3.9
    2454503.651            1.3            4.3
    2454645.984          -18.7            4.5
    2454646.968            2.1            4.2
    2454668.009           29.1            3.7
    2454681.904          -22.2            3.8
     2454683.97           -9.5            3.8
    2454711.893           10.6            4.1
    2454713.873           20.9            4.2
    2454715.882            6.3            4.6
    2454716.875           -9.0            4.1
    2454753.885          -13.1            3.6
     2454755.85           -1.2            3.8
    2454777.733           27.1            4.1
    2454806.796           -7.8            5.5
     2454808.77          -21.3            4.3
    2454809.763           -2.6            6.1
    2455026.973           24.1            5.7
    2455063.965           20.8            5.0
    2455099.996           26.6            4.9
    2455116.856            5.8            6.8
    2455154.739           26.3            7.6
    2455174.788           36.5            5.8
    2455364.972            7.5            5.0
    2455419.012          -16.0            4.7
    2455446.847          -14.1            3.6
    2455446.856          -14.7            3.1
    2455463.833           -0.8            5.2
    2455466.842            2.3            4.8
    2455569.653           26.1            4.1
    2455571.713           16.3            4.6
    2455572.671           23.3            4.8
    2455621.621          -17.3            4.6
    2455757.974           31.5            5.0
    2455803.919           -0.1            4.3
    2455806.936           -5.6            4.3
    2455828.781            9.2            4.2
    2455831.849            3.1            5.1
    2455861.842          -15.9            4.2
    2455864.796           25.6            4.4
    2455892.745           16.3            4.9
