    2451745.994           17.7            4.3
    2451778.895          -18.3            3.7
    2451808.867          -13.2            3.6
    2451853.766            5.6            4.1
    2451856.801           29.6            4.6
    2451898.637           -5.5            8.0
    2451932.609           -1.7            3.9
    2452163.861           11.0            4.9
    2452175.851           -3.7            4.0
    2452307.598           -0.3            4.5
    2452465.989          -19.7            5.3
    2452483.985           15.2            5.0
    2452494.987            0.2            5.0
    2452517.936          -15.2            5.2
     2452528.91           23.9            5.2
     2452530.91           26.3            4.5
    2452541.904          -11.0            4.5
    2452543.883           17.9            5.0
    2452559.914           35.2            6.4
    2452561.795           13.8            8.4
    2452571.791          -11.2            5.0
     2452589.81           36.7            5.7
    2452603.782            9.6            4.9
    2452605.724           18.2            4.8
    2452616.772            7.5            5.9
    2452665.604           -9.2            4.2
    2452668.611           -6.3            5.3
    2452837.972           12.2            5.4
    2452861.963            2.2            4.1
    2452863.985           -7.9            5.2
    2452879.918          -20.4            4.2
    2452880.947            1.2            5.0
    2452898.911           -0.3            4.7
    2452900.928            0.5            4.8
    2452932.839           18.4            4.3
    2452934.804           18.0            4.6
    2452963.753           11.3            5.2
    2452965.809          -13.9            5.4
     2453022.63           13.1            5.6
     2453208.01            7.1            3.8
    2453209.978           14.8            3.7
    2453214.961           -2.0            4.2
    2453231.961           -6.3            4.0
    2453233.909            3.3            3.9
     2453235.96            3.6            4.2
    2453265.899           18.0            3.8
    2453268.919           14.6            4.0
     2453269.81           14.9            3.5
    2453286.828           21.7            3.8
    2453324.713           42.5            5.5
    2453354.654           16.1            3.8
    2453400.642          -17.2            7.5
    2453550.983            8.9            4.4
    2453578.964           36.4            4.6
    2453613.923          -15.3            4.2
    2453654.771           -9.7            4.1
    2453701.724          -21.3            4.6
    2453740.745           15.9            4.7
    2453911.993          -18.7            3.6
    2453917.013            4.2            3.9
    2453934.974           -5.9            3.9
    2453968.925            3.9            3.2
    2453981.851           23.5            3.8
    2453985.899           -8.5            4.0
    2454055.755           22.6            3.9
    2454297.975           24.3            4.1
    2454300.974           -8.4            4.0
    2454314.939            7.5            3.6
    2454318.981            4.7            4.2
    2454344.859          -12.5            4.3
    2454348.917           11.9            4.0
    2454391.887           19.6            5.4
    2454394.775           31.1            4.2
    2454418.777          -12.7            4.5
    2454420.763            3.0            4.2
    2454440.653            4.9            3.4
    2454443.651           -7.2            3.6
    2454481.638           29.6            3.9
    2454503.651           -2.3            4.3
    2454645.984          -11.5            4.5
    2454646.968           18.7            4.2
    2454668.009           14.6            3.7
    2454681.904          -17.5            3.8
     2454683.97           -3.8            3.8
    2454711.893          -29.6            4.1
    2454713.873           -4.8            4.2
    2454715.882           34.7            4.6
    2454716.875           25.1            4.1
    2454753.885            6.7            3.6
     2454755.85          -24.8            3.8
    2454777.733            5.1            4.1
    2454806.796            3.0            5.5
     2454808.77          -16.8            4.3
    2454809.763           -3.8            6.1
    2455026.973          -10.2            5.7
    2455063.965          -36.3            5.0
    2455099.996            7.2            4.9
    2455116.856           18.4            6.8
    2455154.739           11.3            7.6
    2455174.788          -11.6            5.8
    2455364.972          -15.3            5.0
    2455419.012           10.8            4.7
    2455446.847          -11.8            3.6
    2455446.856          -11.4            3.1
    2455463.833           21.6            5.2
    2455466.842           -6.8            4.8
    2455569.653            9.8            4.1
    2455571.713          -21.0            4.6
    2455572.671          -22.6            4.8
    2455621.621          -13.5            4.6
    2455757.974            2.4            5.0
    2455803.919           -9.4            4.3
    2455806.936           26.1            4.3
    2455828.781          -23.8            4.2
    2455831.849            3.2            5.1
    2455861.842           21.4            4.2
    2455864.796           19.3            4.4
    2455892.745           14.7            4.9
