    2451745.994           10.2            4.3
    2451778.895            8.4            3.7
    2451808.867            5.5            3.6
    2451853.766           -3.3            4.1
    2451856.801           -0.8            4.6
    2451898.637           11.5            8.0
    2451932.609            6.9            3.9
    2452163.861            1.2            4.9
    2452175.851            8.5            4.0
    2452307.598            4.3            4.5
    2452465.989            3.8            5.3
    2452483.985            1.9            5.0
    2452494.987            8.2            5.0
    2452517.936            9.0            5.2
     2452528.91            5.9            5.2
     2452530.91            2.4            4.5
    2452541.904            7.4            4.5
    2452543.883            1.6            5.0
    2452559.914            6.7            6.4
    2452561.795           16.5            8.4
    2452571.791           11.3            5.0
     2452589.81            1.1            5.7
    2452603.782            1.8            4.9
    2452605.724            5.7            4.8
    2452616.772            0.1            5.9
    2452665.604            1.8            4.2
    2452668.611            4.7            5.3
    2452837.972            9.3            5.4
    2452861.963            7.0            4.1
    2452863.985            5.7            5.2
    2452879.918           -0.6            4.2
    2452880.947            7.0            5.0
    2452898.911            8.5            4.7
    2452900.928           11.9            4.8
    2452932.839           -1.4            4.3
    2452934.804            7.1            4.6
    2452963.753            3.3            5.2
    2452965.809            1.9            5.4
     2453022.63            5.0            5.6
     2453208.01            7.5            3.8
    2453209.978            1.6            3.7
    2453214.961            5.7            4.2
    2453231.961            6.1            4.0
    2453233.909            9.8            3.9
     2453235.96            2.8            4.2
    2453265.899           -4.6            3.8
    2453268.919           -2.0            4.0
     2453269.81           -2.1            3.5
    2453286.828            5.1            3.8
    2453324.713            9.1            5.5
    2453354.654            7.8            3.8
    2453400.642            9.7            7.5
    2453550.983            8.1            4.4
    2453578.964            1.5            4.6
    2453613.923            7.2            4.2
    2453654.771            4.3            4.1
    2453701.724            5.1            4.6
    2453740.745            6.4            4.7
    2453911.993           -0.7            3.6
    2453917.013            8.4            3.9
    2453934.974           -2.4            3.9
    2453968.925            2.8            3.2
    2453981.851           -0.6            3.8
    2453985.899            1.5            4.0
    2454055.755            1.2            3.9
    2454297.975            4.1            4.1
    2454300.974            6.7            4.0
    2454314.939            1.5            3.6
    2454318.981            3.3            4.2
    2454344.859            1.1            4.3
    2454348.917            3.7            4.0
    2454391.887            1.6            5.4
    2454394.775           -1.2            4.2
    2454418.777            1.2            4.5
    2454420.763            3.5            4.2
    2454440.653            6.0            3.4
    2454443.651            7.9            3.6
    2454481.638            1.3            3.9
    2454503.651            7.8            4.3
    2454645.984           11.9            4.5
    2454646.968            8.9            4.2
    2454668.009           -3.9            3.7
    2454681.904            2.1            3.8
     2454683.97            2.2            3.8
    2454711.893            1.3            4.1
    2454713.873            1.2            4.2
    2454715.882            6.6            4.6
    2454716.875            4.2            4.1
    2454753.885            1.0            3.6
     2454755.85            6.6            3.8
    2454777.733            3.4            4.1
    2454806.796            6.5            5.5
     2454808.77            5.4            4.3
    2454809.763           10.0            6.1
    2455026.973            5.1            5.7
    2455063.965            0.4            5.0
    2455099.996            7.0            4.9
    2455116.856            8.0            6.8
    2455154.739            7.2            7.6
    2455174.788            3.4            5.8
    2455364.972            8.7            5.0
    2455419.012           10.8            4.7
    2455446.847            1.8            3.6
    2455446.856            1.3            3.1
    2455463.833           -0.2            5.2
    2455466.842           -0.5            4.8
    2455569.653            5.0            4.1
    2455571.713           10.6            4.6
    2455572.671            9.3            4.8
    2455621.621            9.3            4.6
    2455757.974           10.0            5.0
    2455803.919           -0.3            4.3
    2455806.936           -2.8            4.3
    2455828.781            7.9            4.2
    2455831.849           10.4            5.1
    2455861.842            6.1            4.2
    2455864.796            6.1            4.4
    2455892.745            5.3            4.9
