    2451745.994            5.1            4.3
    2451778.895            2.1            3.7
    2451808.867            4.6            3.6
    2451853.766           -0.8            4.1
    2451856.801           14.7            4.6
    2451898.637            7.3            8.0
    2451932.609            0.6            3.9
    2452163.861           11.3            4.9
    2452175.851           -6.7            4.0
    2452307.598            2.7            4.5
    2452465.989            2.8            5.3
    2452483.985           12.1            5.0
    2452494.987            0.4            5.0
    2452517.936            2.4            5.2
     2452528.91           15.2            5.2
     2452530.91            4.6            4.5
    2452541.904            0.8            4.5
    2452543.883           10.7            5.0
    2452559.914            8.6            6.4
    2452561.795            4.1            8.4
    2452571.791           10.8            5.0
     2452589.81            1.3            5.7
    2452603.782            5.4            4.9
    2452605.724           -2.5            4.8
    2452616.772           11.5            5.9
    2452665.604            0.7            4.2
    2452668.611           14.9            5.3
    2452837.972           -2.1            5.4
    2452861.963           -0.9            4.1
    2452863.985           12.3            5.2
    2452879.918           17.3            4.2
    2452880.947           11.7            5.0
    2452898.911           -2.4            4.7
    2452900.928            8.2            4.8
    2452932.839           -1.9            4.3
    2452934.804           -2.1            4.6
    2452963.753           -5.7            5.2
    2452965.809            6.4            5.4
     2453022.63           -3.0            5.6
     2453208.01           14.4            3.8
    2453209.978            0.4            3.7
    2453214.961            4.3            4.2
    2453231.961           -0.5            4.0
    2453233.909           -3.3            3.9
     2453235.96            8.8            4.2
    2453265.899           11.5            3.8
    2453268.919            1.5            4.0
     2453269.81            0.2            3.5
    2453286.828           15.2            3.8
    2453324.713            7.8            5.5
    2453354.654            8.7            3.8
    2453400.642            0.2            7.5
    2453550.983           17.5            4.4
    2453578.964            6.7            4.6
    2453613.923           -2.8            4.2
    2453654.771            7.5            4.1
    2453701.724           -1.3            4.6
    2453740.745           16.9            4.7
    2453911.993           -2.7            3.6
    2453917.013            6.8            3.9
    2453934.974          -10.0            3.9
    2453968.925            4.0            3.2
    2453981.851           10.5            3.8
    2453985.899           -5.0            4.0
    2454055.755           15.7            3.9
    2454297.975           -3.3            4.1
    2454300.974           -0.3            4.0
    2454314.939           -3.9            3.6
    2454318.981            6.2            4.2
    2454344.859            1.3            4.3
    2454348.917           -0.6            4.0
    2454391.887            5.5            5.4
    2454394.775           -7.1            4.2
    2454418.777           12.6            4.5
    2454420.763           10.6            4.2
    2454440.653            3.0            3.4
    2454443.651           -0.6            3.6
    2454481.638           -2.3            3.9
    2454503.651           -8.8            4.3
    2454645.984            9.0            4.5
    2454646.968            8.5            4.2
    2454668.009           20.7            3.7
    2454681.904           15.9            3.8
     2454683.97            8.8            3.8
    2454711.893           11.3            4.1
    2454713.873            3.4            4.2
    2454715.882           -3.3            4.6
    2454716.875            3.2            4.1
    2454753.885            2.4            3.6
     2454755.85           12.1            3.8
    2454777.733           16.5            4.1
    2454806.796           10.3            5.5
     2454808.77            2.7            4.3
    2454809.763           -2.4            6.1
    2455026.973            9.9            5.7
    2455063.965            9.4            5.0
    2455099.996            2.4            4.9
    2455116.856           -6.7            6.8
    2455154.739            7.1            7.6
    2455174.788           -0.3            5.8
    2455364.972           -5.6            5.0
    2455419.012            7.7            4.7
    2455446.847            1.5            3.6
    2455446.856            1.1            3.1
    2455463.833           11.0            5.2
    2455466.842           -2.5            4.8
    2455569.653           -5.8            4.1
    2455571.713            1.4            4.6
    2455572.671            9.4            4.8
    2455621.621           -6.3            4.6
    2455757.974            3.3            5.0
    2455803.919           -1.6            4.3
    2455806.936           11.0            4.3
    2455828.781           11.0            4.2
    2455831.849           -0.6            5.1
    2455861.842           -1.9            4.2
    2455864.796           13.8            4.4
    2455892.745            9.0            4.9
