    2451745.994           -3.2            4.3
    2451778.895            5.9            3.7
    2451808.867           -4.7            3.6
    2451853.766           25.2            4.1
    2451856.801           14.3            4.6
    2451898.637            9.1            8.0
    2451932.609           11.5            3.9
    2452163.861           13.9            4.9
    2452175.851           16.9            4.0
    2452307.598           -5.8            4.5
    2452465.989           -8.6            5.3
    2452483.985          -15.4            5.0
    2452494.987           18.0            5.0
    2452517.936           -3.6            5.2
     2452528.91            9.6            5.2
     2452530.91           11.8            4.5
    2452541.904            0.7            4.5
    2452543.883            8.3            5.0
    2452559.914           15.4            6.4
    2452561.795           17.0            8.4
    2452571.791           -7.1            5.0
     2452589.81           -9.8            5.7
    2452603.782           -4.6            4.9
    2452605.724            2.2            4.8
    2452616.772           -0.4            5.9
    2452665.604           12.5            4.2
    2452668.611           -9.9            5.3
    2452837.972            3.7            5.4
    2452861.963            2.1            4.1
    2452863.985           -1.4            5.2
    2452879.918           16.8            4.2
    2452880.947            8.4            5.0
    2452898.911           13.9            4.7
    2452900.928           11.7            4.8
    2452932.839           -7.0            4.3
    2452934.804            2.6            4.6
    2452963.753           26.7            5.2
    2452965.809           -1.0            5.4
     2453022.63           -8.9            5.6
     2453208.01            5.5            3.8
    2453209.978            1.8            3.7
    2453214.961           -4.0            4.2
    2453231.961           -1.2            4.0
    2453233.909           -7.3            3.9
     2453235.96           10.1            4.2
    2453265.899           10.6            3.8
    2453268.919           25.9            4.0
     2453269.81            5.6            3.5
    2453286.828           -2.2            3.8
    2453324.713           14.3            5.5
    2453354.654           -0.1            3.8
    2453400.642           10.0            7.5
    2453550.983           14.0            4.4
    2453578.964           10.7            4.6
    2453613.923           21.7            4.2
    2453654.771            1.5            4.1
    2453701.724           25.1            4.6
    2453740.745           18.7            4.7
    2453911.993           16.9            3.6
    2453917.013            0.4            3.9
    2453934.974           -7.5            3.9
    2453968.925           10.4            3.2
    2453981.851           21.5            3.8
    2453985.899           -7.8            4.0
    2454055.755            1.9            3.9
    2454297.975           13.8            4.1
    2454300.974           -0.1            4.0
    2454314.939            6.3            3.6
    2454318.981           12.0            4.2
    2454344.859           13.3            4.3
    2454348.917           10.8            4.0
    2454391.887            1.7            5.4
    2454394.775            0.2            4.2
    2454418.777           16.6            4.5
    2454420.763            7.4            4.2
    2454440.653            8.5            3.4
    2454443.651            1.2            3.6
    2454481.638           13.4            3.9
    2454503.651           -2.3            4.3
    2454645.984           -2.7            4.5
    2454646.968            3.5            4.2
    2454668.009           22.0            3.7
    2454681.904           10.4            3.8
     2454683.97           14.0            3.8
    2454711.893           -8.6            4.1
    2454713.873            9.3            4.2
    2454715.882           19.4            4.6
    2454716.875            7.5            4.1
    2454753.885            1.4            3.6
     2454755.85           11.6            3.8
    2454777.733           -1.3            4.1
    2454806.796           10.7            5.5
     2454808.77            5.9            4.3
    2454809.763           22.5            6.1
    2455026.973           10.8            5.7
    2455063.965           -8.6            5.0
    2455099.996          -11.5            4.9
    2455116.856           32.2            6.8
    2455154.739           -1.1            7.6
    2455174.788            5.0            5.8
    2455364.972            5.9            5.0
    2455419.012          -11.8            4.7
    2455446.847           16.4            3.6
    2455446.856           16.0            3.1
    2455463.833            3.9            5.2
    2455466.842          -22.7            4.8
    2455569.653           -2.8            4.1
    2455571.713           -0.3            4.6
    2455572.671           -6.6            4.8
    2455621.621            2.8            4.6
    2455757.974           17.3            5.0
    2455803.919          -15.0            4.3
    2455806.936           -4.0            4.3
    2455828.781           -5.6            4.2
    2455831.849           11.3            5.1
    2455861.842           -9.9            4.2
    2455864.796           -5.3            4.4
    2455892.745            3.9            4.9
