    2451745.994            3.2            4.3
    2451778.895            4.7            3.7
    2451808.867           -5.7            3.6
    2451853.766            2.9            4.1
    2451856.801           -9.2            4.6
    2451898.637           -1.3            8.0
    2451932.609            7.4            3.9
    2452163.861           17.2            4.9
    2452175.851            1.8            4.0
    2452307.598           13.0            4.5
    2452465.989           -0.8            5.3
    2452483.985           13.9            5.0
    2452494.987           -1.6            5.0
    2452517.936           22.4            5.2
     2452528.91           11.8            5.2
     2452530.91           11.0            4.5
    2452541.904           -3.3            4.5
    2452543.883            5.0            5.0
    2452559.914           -9.0            6.4
    2452561.795            5.2            8.4
    2452571.791           19.8            5.0
     2452589.81           14.9            5.7
    2452603.782           16.5            4.9
    2452605.724            8.9            4.8
    2452616.772           11.9            5.9
    2452665.604           20.3            4.2
    2452668.611           -1.4            5.3
    2452837.972           -1.4            5.4
    2452861.963           10.7            4.1
    2452863.985           -1.9            5.2
    2452879.918            4.9            4.2
    2452880.947           14.6            5.0
    2452898.911          -16.9            4.7
    2452900.928           -1.9            4.8
    2452932.839          -11.3            4.3
    2452934.804           12.0            4.6
    2452963.753            7.9            5.2
    2452965.809           -4.9            5.4
     2453022.63           19.3            5.6
     2453208.01           10.3            3.8
    2453209.978           21.2            3.7
    2453214.961           -8.1            4.2
    2453231.961           15.5            4.0
    2453233.909            3.6            3.9
     2453235.96           -0.9            4.2
    2453265.899           13.5            3.8
    2453268.919            9.4            4.0
     2453269.81          -12.7            3.5
    2453286.828           11.4            3.8
    2453324.713           -5.2            5.5
    2453354.654           24.7            3.8
    2453400.642           11.9            7.5
    2453550.983            4.9            4.4
    2453578.964           -1.7            4.6
    2453613.923            9.3            4.2
    2453654.771            1.1            4.1
    2453701.724            6.2            4.6
    2453740.745           15.7            4.7
    2453911.993            3.6            3.6
    2453917.013          -21.3            3.9
    2453934.974           10.5            3.9
    2453968.925           16.8            3.2
    2453981.851            6.2            3.8
    2453985.899          -10.3            4.0
    2454055.755            0.9            3.9
    2454297.975           -2.7            4.1
    2454300.974            5.2            4.0
    2454314.939           -4.5            3.6
    2454318.981            2.2            4.2
    2454344.859            1.2            4.3
    2454348.917          -10.5            4.0
    2454391.887           -2.0            5.4
    2454394.775           29.0            4.2
    2454418.777           -8.0            4.5
    2454420.763            9.1            4.2
    2454440.653           13.7            3.4
    2454443.651           10.6            3.6
    2454481.638            2.4            3.9
    2454503.651           15.9            4.3
    2454645.984           -0.2            4.5
    2454646.968          -24.3            4.2
    2454668.009           -5.5            3.7
    2454681.904           -1.0            3.8
     2454683.97           16.5            3.8
    2454711.893           11.5            4.1
    2454713.873           -1.0            4.2
    2454715.882           -1.1            4.6
    2454716.875            6.8            4.1
    2454753.885            6.2            3.6
     2454755.85          -11.5            3.8
    2454777.733           -1.0            4.1
    2454806.796            9.0            5.5
     2454808.77           -4.1            4.3
    2454809.763          -13.6            6.1
    2455026.973            7.0            5.7
    2455063.965           23.8            5.0
    2455099.996          -21.8            4.9
    2455116.856           28.4            6.8
    2455154.739          -19.1            7.6
    2455174.788            8.1            5.8
    2455364.972            5.0            5.0
    2455419.012           11.3            4.7
    2455446.847           -7.1            3.6
    2455446.856           -7.8            3.1
    2455463.833           14.0            5.2
    2455466.842           10.9            4.8
    2455569.653           25.6            4.1
    2455571.713           24.5            4.6
    2455572.671           11.1            4.8
    2455621.621           -2.4            4.6
    2455757.974           34.5            5.0
    2455803.919          -11.0            4.3
    2455806.936           24.8            4.3
    2455828.781          -11.8            4.2
    2455831.849           -1.1            5.1
    2455861.842           27.0            4.2
    2455864.796           -1.3            4.4
    2455892.745           14.7            4.9
