    2451745.994            0.2            4.3
    2451778.895           -1.8            3.7
    2451808.867            6.5            3.6
    2451853.766           -0.9            4.1
    2451856.801           -1.9            4.6
    2451898.637           14.8            8.0
    2451932.609            1.6            3.9
    2452163.861            7.6            4.9
    2452175.851            2.5            4.0
    2452307.598            5.9            4.5
    2452465.989           -3.4            5.3
    2452483.985           10.2            5.0
    2452494.987            5.2            5.0
    2452517.936            8.8            5.2
     2452528.91           -5.1            5.2
     2452530.91           -2.1            4.5
    2452541.904           10.8            4.5
    2452543.883            6.6            5.0
    2452559.914            2.1            6.4
    2452561.795           13.5            8.4
    2452571.791            9.8            5.0
     2452589.81           11.8            5.7
    2452603.782           -3.7            4.9
    2452605.724            8.7            4.8
    2452616.772            4.5            5.9
    2452665.604            3.4            4.2
    2452668.611           10.5            5.3
    2452837.972           12.0            5.4
    2452861.963            8.6            4.1
    2452863.985            3.4            5.2
    2452879.918           11.6            4.2
    2452880.947            9.3            5.0
    2452898.911            2.0            4.7
    2452900.928            9.8            4.8
    2452932.839           -0.1            4.3
    2452934.804            8.3            4.6
    2452963.753           14.4            5.2
    2452965.809           11.9            5.4
     2453022.63            9.7            5.6
     2453208.01           -0.6            3.8
    2453209.978            6.0            3.7
    2453214.961            9.2            4.2
    2453231.961            3.0            4.0
    2453233.909            8.1            3.9
     2453235.96           -0.1            4.2
    2453265.899           -0.4            3.8
    2453268.919           10.0            4.0
     2453269.81            6.9            3.5
    2453286.828            7.6            3.8
    2453324.713            9.3            5.5
    2453354.654           -4.2            3.8
    2453400.642            6.1            7.5
    2453550.983            3.0            4.4
    2453578.964            9.3            4.6
    2453613.923           -3.9            4.2
    2453654.771            5.7            4.1
    2453701.724            2.4            4.6
    2453740.745            3.4            4.7
    2453911.993           10.5            3.6
    2453917.013            3.4            3.9
    2453934.974           -1.1            3.9
    2453968.925            4.2            3.2
    2453981.851            5.2            3.8
    2453985.899            6.2            4.0
    2454055.755           -5.5            3.9
    2454297.975            1.0            4.1
    2454300.974            7.4            4.0
    2454314.939            6.9            3.6
    2454318.981           13.1            4.2
    2454344.859            9.8            4.3
    2454348.917            2.4            4.0
    2454391.887            6.9            5.4
    2454394.775           -4.2            4.2
    2454418.777            0.1            4.5
    2454420.763           -2.7            4.2
    2454440.653           -3.9            3.4
    2454443.651            2.0            3.6
    2454481.638           11.4            3.9
    2454503.651            2.8            4.3
    2454645.984            1.2            4.5
    2454646.968            7.9            4.2
    2454668.009            2.5            3.7
    2454681.904           12.8            3.8
     2454683.97           12.2            3.8
    2454711.893            6.9            4.1
    2454713.873           -1.4            4.2
    2454715.882            0.2            4.6
    2454716.875           11.6            4.1
    2454753.885           -3.6            3.6
     2454755.85            3.5            3.8
    2454777.733           -3.9            4.1
    2454806.796            5.5            5.5
     2454808.77           -0.7            4.3
    2454809.763           10.7            6.1
    2455026.973            9.8            5.7
    2455063.965            0.6            5.0
    2455099.996           13.3            4.9
    2455116.856            2.6            6.8
    2455154.739           13.0            7.6
    2455174.788            9.9            5.8
    2455364.972            6.2            5.0
    2455419.012           14.6            4.7
    2455446.847            0.2            3.6
    2455446.856           -0.1            3.1
    2455463.833           10.7            5.2
    2455466.842            9.6            4.8
    2455569.653            0.7            4.1
    2455571.713            7.9            4.6
    2455572.671           11.8            4.8
    2455621.621            6.8            4.6
    2455757.974           14.1            5.0
    2455803.919            7.2            4.3
    2455806.936            5.3            4.3
    2455828.781           -2.2            4.2
    2455831.849            7.5            5.1
    2455861.842            7.7            4.2
    2455864.796            4.1            4.4
    2455892.745           -1.9            4.9
