    2451745.994            8.1            4.3
    2451778.895           15.8            3.7
    2451808.867            5.1            3.6
    2451853.766            3.6            4.1
    2451856.801            0.7            4.6
    2451898.637            2.6            8.0
    2451932.609           -8.7            3.9
    2452163.861           11.4            4.9
    2452175.851           15.0            4.0
    2452307.598           15.3            4.5
    2452465.989            4.0            5.3
    2452483.985            7.9            5.0
    2452494.987           -4.3            5.0
    2452517.936           -1.4            5.2
     2452528.91            2.9            5.2
     2452530.91            0.0            4.5
    2452541.904           10.5            4.5
    2452543.883           -3.0            5.0
    2452559.914           13.9            6.4
    2452561.795           22.1            8.4
    2452571.791           -1.7            5.0
     2452589.81           16.0            5.7
    2452603.782            2.7            4.9
    2452605.724           -9.3            4.8
    2452616.772           15.6            5.9
    2452665.604           -0.7            4.2
    2452668.611            1.3            5.3
    2452837.972            1.9            5.4
    2452861.963            4.2            4.1
    2452863.985            8.4            5.2
    2452879.918           -5.7            4.2
    2452880.947           -1.6            5.0
    2452898.911           13.6            4.7
    2452900.928            4.7            4.8
    2452932.839           11.5            4.3
    2452934.804           -3.0            4.6
    2452963.753            2.2            5.2
    2452965.809           11.4            5.4
     2453022.63            0.9            5.6
     2453208.01            9.9            3.8
    2453209.978            3.9            3.7
    2453214.961            0.5            4.2
    2453231.961           10.8            4.0
    2453233.909           18.3            3.9
     2453235.96            6.2            4.2
    2453265.899            7.7            3.8
    2453268.919           12.3            4.0
     2453269.81            1.6            3.5
    2453286.828            9.3            3.8
    2453324.713            5.7            5.5
    2453354.654           -1.5            3.8
    2453400.642            5.6            7.5
    2453550.983            2.8            4.4
    2453578.964           -1.7            4.6
    2453613.923           -8.2            4.2
    2453654.771            3.5            4.1
    2453701.724           -1.7            4.6
    2453740.745           18.7            4.7
    2453911.993           12.6            3.6
    2453917.013           -2.7            3.9
    2453934.974           11.1            3.9
    2453968.925            7.4            3.2
    2453981.851            8.8            3.8
    2453985.899            4.0            4.0
    2454055.755            6.7            3.9
    2454297.975           12.8            4.1
    2454300.974            5.5            4.0
    2454314.939           -5.1            3.6
    2454318.981            5.0            4.2
    2454344.859            8.9            4.3
    2454348.917           -1.3            4.0
    2454391.887            9.9            5.4
    2454394.775           -5.1            4.2
    2454418.777            4.1            4.5
    2454420.763            6.9            4.2
    2454440.653           18.0            3.4
    2454443.651           -0.6            3.6
    2454481.638            4.5            3.9
    2454503.651            5.9            4.3
    2454645.984            8.3            4.5
    2454646.968            6.1            4.2
    2454668.009           13.4            3.7
    2454681.904            5.5            3.8
     2454683.97           -4.7            3.8
    2454711.893           -6.3            4.1
    2454713.873            7.6            4.2
    2454715.882           14.5            4.6
    2454716.875           11.6            4.1
    2454753.885           -2.5            3.6
     2454755.85            8.2            3.8
    2454777.733           16.7            4.1
    2454806.796            3.2            5.5
     2454808.77           -0.9            4.3
    2454809.763            9.8            6.1
    2455026.973            2.8            5.7
    2455063.965            6.9            5.0
    2455099.996            5.7            4.9
    2455116.856            1.2            6.8
    2455154.739            9.3            7.6
    2455174.788           12.1            5.8
    2455364.972            9.5            5.0
    2455419.012            2.3            4.7
    2455446.847            3.7            3.6
    2455446.856            3.2            3.1
    2455463.833            5.9            5.2
    2455466.842           -4.2            4.8
    2455569.653           -7.3            4.1
    2455571.713            4.9            4.6
    2455572.671            6.2            4.8
    2455621.621           10.9            4.6
    2455757.974           16.9            5.0
    2455803.919            3.6            4.3
    2455806.936           12.3            4.3
    2455828.781           -4.9            4.2
    2455831.849            8.2            5.1
    2455861.842           12.9            4.2
    2455864.796            2.9            4.4
    2455892.745            7.7            4.9
