    2451745.994           10.1            4.3
    2451778.895            9.0            3.7
    2451808.867            6.8            3.6
    2451853.766           17.7            4.1
    2451856.801           -1.1            4.6
    2451898.637           -0.3            8.0
    2451932.609            4.1            3.9
    2452163.861           20.6            4.9
    2452175.851            3.6            4.0
    2452307.598            6.3            4.5
    2452465.989            6.7            5.3
    2452483.985           -1.7            5.0
    2452494.987           12.1            5.0
    2452517.936            6.5            5.2
     2452528.91            9.0            5.2
     2452530.91           -1.6            4.5
    2452541.904           14.4            4.5
    2452543.883           11.0            5.0
    2452559.914          -14.0            6.4
    2452561.795            8.3            8.4
    2452571.791            0.6            5.0
     2452589.81           17.7            5.7
    2452603.782           18.2            4.9
    2452605.724            1.0            4.8
    2452616.772            9.5            5.9
    2452665.604           12.6            4.2
    2452668.611           -2.4            5.3
    2452837.972            9.8            5.4
    2452861.963           -4.6            4.1
    2452863.985           -3.8            5.2
    2452879.918           11.5            4.2
    2452880.947            3.4            5.0
    2452898.911           11.2            4.7
    2452900.928           21.4            4.8
    2452932.839            1.8            4.3
    2452934.804           15.3            4.6
    2452963.753            8.1            5.2
    2452965.809            4.4            5.4
     2453022.63           23.0            5.6
     2453208.01           -3.6            3.8
    2453209.978           10.5            3.7
    2453214.961            1.8            4.2
    2453231.961           16.5            4.0
    2453233.909           -7.9            3.9
     2453235.96           -6.3            4.2
    2453265.899           13.4            3.8
    2453268.919          -11.9            4.0
     2453269.81            1.8            3.5
    2453286.828           11.0            3.8
    2453324.713            4.9            5.5
    2453354.654            2.0            3.8
    2453400.642           20.5            7.5
    2453550.983            1.5            4.4
    2453578.964          -11.4            4.6
    2453613.923           -5.3            4.2
    2453654.771           -1.1            4.1
    2453701.724           -5.8            4.6
    2453740.745            0.8            4.7
    2453911.993            8.4            3.6
    2453917.013           -3.5            3.9
    2453934.974            4.2            3.9
    2453968.925            1.1            3.2
    2453981.851           12.6            3.8
    2453985.899            1.1            4.0
    2454055.755           16.2            3.9
    2454297.975           16.2            4.1
    2454300.974           -1.9            4.0
    2454314.939           -0.4            3.6
    2454318.981            9.6            4.2
    2454344.859            0.9            4.3
    2454348.917           -2.7            4.0
    2454391.887            7.3            5.4
    2454394.775            7.2            4.2
    2454418.777           -0.6            4.5
    2454420.763           12.8            4.2
    2454440.653            9.3            3.4
    2454443.651           -2.8            3.6
    2454481.638           18.9            3.9
    2454503.651            5.5            4.3
    2454645.984            4.0            4.5
    2454646.968           -1.0            4.2
    2454668.009           -0.4            3.7
    2454681.904            8.0            3.8
     2454683.97           13.4            3.8
    2454711.893           12.5            4.1
    2454713.873           -2.7            4.2
    2454715.882            4.3            4.6
    2454716.875           13.6            4.1
    2454753.885           -7.7            3.6
     2454755.85           -6.4            3.8
    2454777.733           12.1            4.1
    2454806.796            9.5            5.5
     2454808.77           -6.6            4.3
    2454809.763           -0.3            6.1
    2455026.973           19.5            5.7
    2455063.965           -0.4            5.0
    2455099.996           -5.2            4.9
    2455116.856           19.6            6.8
    2455154.739            7.5            7.6
    2455174.788           -1.0            5.8
    2455364.972           15.7            5.0
    2455419.012            7.2            4.7
    2455446.847            6.0            3.6
    2455446.856            5.6            3.1
    2455463.833          -11.0            5.2
    2455466.842           18.4            4.8
    2455569.653           19.0            4.1
    2455571.713            7.2            4.6
    2455572.671           -7.4            4.8
    2455621.621            3.7            4.6
    2455757.974           16.8            5.0
    2455803.919            2.5            4.3
    2455806.936            6.6            4.3
    2455828.781           -1.8            4.2
    2455831.849           13.4            5.1
    2455861.842            2.0            4.2
    2455864.796            6.5            4.4
    2455892.745           17.8            4.9
