    2451745.994            0.3            4.3
    2451778.895           -6.1            3.7
    2451808.867            8.1            3.6
    2451853.766          -12.5            4.1
    2451856.801          -15.3            4.6
    2451898.637           25.9            8.0
    2451932.609           -0.4            3.9
    2452163.861            2.5            4.9
    2452175.851           16.7            4.0
    2452307.598           18.4            4.5
    2452465.989           20.1            5.3
    2452483.985            3.5            5.0
    2452494.987            9.9            5.0
    2452517.936            2.0            5.2
     2452528.91           -5.1            5.2
     2452530.91            6.6            4.5
    2452541.904            0.5            4.5
    2452543.883           16.7            5.0
    2452559.914           14.0            6.4
    2452561.795           -7.1            8.4
    2452571.791            0.6            5.0
     2452589.81           20.5            5.7
    2452603.782           -0.7            4.9
    2452605.724           15.2            4.8
    2452616.772           24.6            5.9
    2452665.604            4.0            4.2
    2452668.611           -1.8            5.3
    2452837.972            8.7            5.4
    2452861.963            5.4            4.1
    2452863.985            7.4            5.2
    2452879.918           14.9            4.2
    2452880.947            5.7            5.0
    2452898.911           25.3            4.7
    2452900.928            6.2            4.8
    2452932.839          -12.6            4.3
    2452934.804           -3.5            4.6
    2452963.753           21.3            5.2
    2452965.809            6.8            5.4
     2453022.63           20.3            5.6
     2453208.01            0.7            3.8
    2453209.978          -17.2            3.7
    2453214.961          -11.1            4.2
    2453231.961            3.0            4.0
    2453233.909           -6.9            3.9
     2453235.96            5.2            4.2
    2453265.899            0.2            3.8
    2453268.919          -12.7            4.0
     2453269.81            4.5            3.5
    2453286.828           12.1            3.8
    2453324.713           14.0            5.5
    2453354.654            2.2            3.8
    2453400.642           -7.5            7.5
    2453550.983           -6.5            4.4
    2453578.964            4.7            4.6
    2453613.923            0.3            4.2
    2453654.771           19.2            4.1
    2453701.724           -5.5            4.6
    2453740.745           13.9            4.7
    2453911.993          -10.1            3.6
    2453917.013           -4.9            3.9
    2453934.974           11.2            3.9
    2453968.925           -0.4            3.2
    2453981.851           -3.1            3.8
    2453985.899           18.6            4.0
    2454055.755           16.9            3.9
    2454297.975            8.6            4.1
    2454300.974            4.7            4.0
    2454314.939            4.7            3.6
    2454318.981            5.8            4.2
    2454344.859           -5.4            4.3
    2454348.917           10.2            4.0
    2454391.887           15.5            5.4
    2454394.775           25.5            4.2
    2454418.777           15.1            4.5
    2454420.763           -4.8            4.2
    2454440.653           10.1            3.4
    2454443.651           13.6            3.6
    2454481.638           -3.3            3.9
    2454503.651          -12.2            4.3
    2454645.984           -5.7            4.5
    2454646.968            5.7            4.2
    2454668.009           -0.8            3.7
    2454681.904            4.2            3.8
     2454683.97           -7.8            3.8
    2454711.893            6.6            4.1
    2454713.873          -15.2            4.2
    2454715.882           -9.8            4.6
    2454716.875            1.5            4.1
    2454753.885          -12.9            3.6
     2454755.85            4.4            3.8
    2454777.733           -5.4            4.1
    2454806.796           14.1            5.5
     2454808.77           23.7            4.3
    2454809.763           12.7            6.1
    2455026.973           15.2            5.7
    2455063.965            3.8            5.0
    2455099.996           15.9            4.9
    2455116.856          -11.6            6.8
    2455154.739           -5.5            7.6
    2455174.788           13.7            5.8
    2455364.972            4.7            5.0
    2455419.012            4.3            4.7
    2455446.847           17.9            3.6
    2455446.856           17.2            3.1
    2455463.833           -5.3            5.2
    2455466.842           -2.7            4.8
    2455569.653            1.3            4.1
    2455571.713          -14.2            4.6
    2455572.671           11.4            4.8
    2455621.621           18.6            4.6
    2455757.974           14.5            5.0
    2455803.919            2.5            4.3
    2455806.936           14.9            4.3
    2455828.781           20.4            4.2
    2455831.849            7.0            5.1
    2455861.842           -5.4            4.2
    2455864.796          -15.6            4.4
    2455892.745           12.2            4.9
