    2451745.994          -20.7            4.3
    2451778.895            2.6            3.7
    2451808.867            4.5            3.6
    2451853.766            1.4            4.1
    2451856.801            4.9            4.6
    2451898.637           -9.3            8.0
    2451932.609            5.2            3.9
    2452163.861           -9.3            4.9
    2452175.851           10.6            4.0
    2452307.598           -5.9            4.5
    2452465.989           -7.3            5.3
    2452483.985            2.6            5.0
    2452494.987          -12.5            5.0
    2452517.936           20.9            5.2
     2452528.91            5.3            5.2
     2452530.91           12.9            4.5
    2452541.904           17.8            4.5
    2452543.883            4.6            5.0
    2452559.914            6.5            6.4
    2452561.795           37.9            8.4
    2452571.791          -12.0            5.0
     2452589.81            8.2            5.7
    2452603.782            8.4            4.9
    2452605.724           24.9            4.8
    2452616.772           13.7            5.9
    2452665.604          -11.9            4.2
    2452668.611           11.1            5.3
    2452837.972            2.6            5.4
    2452861.963           18.7            4.1
    2452863.985           31.8            5.2
    2452879.918            4.5            4.2
    2452880.947           10.6            5.0
    2452898.911           23.1            4.7
    2452900.928           29.7            4.8
    2452932.839           -6.1            4.3
    2452934.804          -14.4            4.6
    2452963.753           10.8            5.2
    2452965.809          -15.8            5.4
     2453022.63            6.1            5.6
     2453208.01           34.9            3.8
    2453209.978           23.8            3.7
    2453214.961           27.2            4.2
    2453231.961           28.3            4.0
    2453233.909            7.9            3.9
     2453235.96           14.9            4.2
    2453265.899           -7.1            3.8
    2453268.919            0.3            4.0
     2453269.81           -7.0            3.5
    2453286.828            7.1            3.8
    2453324.713           16.5            5.5
    2453354.654           -0.3            3.8
    2453400.642           38.1            7.5
    2453550.983            3.1            4.4
    2453578.964           -8.7            4.6
    2453613.923           -0.8            4.2
    2453654.771           13.9            4.1
    2453701.724           -0.3            4.6
    2453740.745          -15.0            4.7
    2453911.993           -1.1            3.6
    2453917.013           23.7            3.9
    2453934.974           29.9            3.9
    2453968.925           -5.0            3.2
    2453981.851          -21.0            3.8
    2453985.899          -14.6            4.0
    2454055.755            8.2            3.9
    2454297.975           22.9            4.1
    2454300.974            2.6            4.0
    2454314.939           -5.2            3.6
    2454318.981          -21.4            4.2
    2454344.859           -9.4            4.3
    2454348.917           26.9            4.0
    2454391.887           15.4            5.4
    2454394.775            3.6            4.2
    2454418.777           -1.2            4.5
    2454420.763           26.6            4.2
    2454440.653           17.5            3.4
    2454443.651           -7.2            3.6
    2454481.638          -12.9            3.9
    2454503.651            2.9            4.3
    2454645.984           -7.5            4.5
    2454646.968            5.7            4.2
    2454668.009           11.7            3.7
    2454681.904            3.3            3.8
     2454683.97          -11.8            3.8
    2454711.893           11.1            4.1
    2454713.873            0.9            4.2
    2454715.882           11.0            4.6
    2454716.875           38.9            4.1
    2454753.885           33.9            3.6
     2454755.85            2.3            3.8
    2454777.733            5.3            4.1
    2454806.796            3.2            5.5
     2454808.77           18.6            4.3
    2454809.763            9.0            6.1
    2455026.973          -16.1            5.7
    2455063.965          -18.2            5.0
    2455099.996           27.6            4.9
    2455116.856           14.8            6.8
    2455154.739           42.8            7.6
    2455174.788           15.8            5.8
    2455364.972            1.1            5.0
    2455419.012            8.2            4.7
    2455446.847           -8.6            3.6
    2455446.856           -9.4            3.1
    2455463.833            6.8            5.2
    2455466.842          -17.6            4.8
    2455569.653          -25.3            4.1
    2455571.713          -15.4            4.6
    2455572.671           13.1            4.8
    2455621.621           13.9            4.6
    2455757.974           10.1            5.0
    2455803.919          -18.7            4.3
    2455806.936           31.5            4.3
    2455828.781            1.6            4.2
    2455831.849            8.1            5.1
    2455861.842           20.1            4.2
    2455864.796            1.2            4.4
    2455892.745           36.1            4.9
