    2451745.994            5.7            4.3
    2451778.895            7.7            3.7
    2451808.867           -1.8            3.6
    2451853.766           22.6            4.1
    2451856.801           23.1            4.6
    2451898.637           12.1            8.0
    2451932.609           -2.5            3.9
    2452163.861          -19.4            4.9
    2452175.851           21.2            4.0
    2452307.598            8.3            4.5
    2452465.989          -10.2            5.3
    2452483.985           10.6            5.0
    2452494.987           10.2            5.0
    2452517.936           23.5            5.2
     2452528.91           10.9            5.2
     2452530.91           -5.9            4.5
    2452541.904           20.6            4.5
    2452543.883           -3.6            5.0
    2452559.914            9.7            6.4
    2452561.795           24.8            8.4
    2452571.791           10.1            5.0
     2452589.81           24.6            5.7
    2452603.782            6.6            4.9
    2452605.724           16.7            4.8
    2452616.772           26.9            5.9
    2452665.604          -17.6            4.2
    2452668.611            4.3            5.3
    2452837.972            8.4            5.4
    2452861.963           -9.7            4.1
    2452863.985           28.8            5.2
    2452879.918           -9.9            4.2
    2452880.947           20.2            5.0
    2452898.911            4.5            4.7
    2452900.928           22.8            4.8
    2452932.839           -7.3            4.3
    2452934.804           16.6            4.6
    2452963.753           -0.9            5.2
    2452965.809           16.9            5.4
     2453022.63            1.4            5.6
     2453208.01          -21.1            3.8
    2453209.978            9.9            3.7
    2453214.961          -12.0            4.2
    2453231.961           -3.0            4.0
    2453233.909           14.0            3.9
     2453235.96           -9.6            4.2
    2453265.899           -4.2            3.8
    2453268.919          -10.2            4.0
     2453269.81           -8.5            3.5
    2453286.828            3.4            3.8
    2453324.713           11.0            5.5
    2453354.654            6.6            3.8
    2453400.642           10.2            7.5
    2453550.983           -6.4            4.4
    2453578.964           20.7            4.6
    2453613.923           12.7            4.2
    2453654.771            0.1            4.1
    2453701.724           12.1            4.6
    2453740.745           -1.0            4.7
    2453911.993           13.1            3.6
    2453917.013           -9.5            3.9
    2453934.974           22.1            3.9
    2453968.925           11.7            3.2
    2453981.851            7.4            3.8
    2453985.899            9.5            4.0
    2454055.755          -13.3            3.9
    2454297.975           13.2            4.1
    2454300.974           19.6            4.0
    2454314.939           10.1            3.6
    2454318.981           12.4            4.2
    2454344.859            6.1            4.3
    2454348.917           21.8            4.0
    2454391.887           11.2            5.4
    2454394.775          -11.1            4.2
    2454418.777            3.2            4.5
    2454420.763           13.2            4.2
    2454440.653            6.2            3.4
    2454443.651           18.2            3.6
    2454481.638           23.0            3.9
    2454503.651          -15.3            4.3
    2454645.984          -15.2            4.5
    2454646.968            8.1            4.2
    2454668.009           24.0            3.7
    2454681.904           -5.8            3.8
     2454683.97            6.6            3.8
    2454711.893           19.6            4.1
    2454713.873            2.3            4.2
    2454715.882            1.2            4.6
    2454716.875          -18.7            4.1
    2454753.885          -18.9            3.6
     2454755.85           20.9            3.8
    2454777.733          -11.5            4.1
    2454806.796            7.5            5.5
     2454808.77          -11.9            4.3
    2454809.763           19.7            6.1
    2455026.973           27.5            5.7
    2455063.965           23.2            5.0
    2455099.996           -8.3            4.9
    2455116.856           -5.8            6.8
    2455154.739           -1.8            7.6
    2455174.788          -13.7            5.8
    2455364.972           10.7            5.0
    2455419.012            3.5            4.7
    2455446.847           19.3            3.6
    2455446.856           18.9            3.1
    2455463.833           29.2            5.2
    2455466.842            4.9            4.8
    2455569.653           19.9            4.1
    2455571.713            5.2            4.6
    2455572.671           19.9            4.8
    2455621.621          -10.1            4.6
    2455757.974            2.8            5.0
    2455803.919           18.1            4.3
    2455806.936           10.5            4.3
    2455828.781           -1.7            4.2
    2455831.849           -6.1            5.1
    2455861.842           -5.4            4.2
    2455864.796           21.6            4.4
    2455892.745            2.0            4.9
