    2451745.994            8.4            4.3
    2451778.895            8.8            3.7
    2451808.867           -0.9            3.6
    2451853.766            3.0            4.1
    2451856.801            8.9            4.6
    2451898.637           21.4            8.0
    2451932.609           -9.1            3.9
    2452163.861            7.5            4.9
    2452175.851            7.2            4.0
    2452307.598            2.3            4.5
    2452465.989           15.9            5.3
    2452483.985            0.8            5.0
    2452494.987            4.4            5.0
    2452517.936            8.7            5.2
     2452528.91            3.9            5.2
     2452530.91            7.6            4.5
    2452541.904            4.4            4.5
    2452543.883            6.4            5.0
    2452559.914           18.9            6.4
    2452561.795           21.1            8.4
    2452571.791            6.7            5.0
     2452589.81            6.0            5.7
    2452603.782            7.4            4.9
    2452605.724            5.4            4.8
    2452616.772           10.6            5.9
    2452665.604           -1.4            4.2
    2452668.611           16.2            5.3
    2452837.972            8.7            5.4
    2452861.963            6.7            4.1
    2452863.985           12.4            5.2
    2452879.918           17.2            4.2
    2452880.947           11.1            5.0
    2452898.911            0.2            4.7
    2452900.928           -0.3            4.8
    2452932.839            7.9            4.3
    2452934.804            8.4            4.6
    2452963.753            6.8            5.2
    2452965.809           -4.4            5.4
     2453022.63           -6.6            5.6
     2453208.01           10.2            3.8
    2453209.978           18.1            3.7
    2453214.961            0.4            4.2
    2453231.961           -3.2            4.0
    2453233.909            0.9            3.9
     2453235.96           14.5            4.2
    2453265.899            5.7            3.8
    2453268.919           -2.7            4.0
     2453269.81           -3.7            3.5
    2453286.828           -0.4            3.8
    2453324.713            5.8            5.5
    2453354.654           -7.2            3.8
    2453400.642           17.1            7.5
    2453550.983           -1.0            4.4
    2453578.964            4.9            4.6
    2453613.923           -3.1            4.2
    2453654.771            5.5            4.1
    2453701.724            4.5            4.6
    2453740.745            3.9            4.7
    2453911.993            7.5            3.6
    2453917.013            5.2            3.9
    2453934.974           -6.8            3.9
    2453968.925           16.9            3.2
    2453981.851           17.1            3.8
    2453985.899            2.4            4.0
    2454055.755           -6.0            3.9
    2454297.975           12.5            4.1
    2454300.974           14.3            4.0
    2454314.939            9.9            3.6
    2454318.981            1.5            4.2
    2454344.859            3.0            4.3
    2454348.917           -2.9            4.0
    2454391.887            8.1            5.4
    2454394.775           15.4            4.2
    2454418.777            7.3            4.5
    2454420.763           17.4            4.2
    2454440.653            4.5            3.4
    2454443.651           -7.6            3.6
    2454481.638           -6.3            3.9
    2454503.651           16.8            4.3
    2454645.984           12.9            4.5
    2454646.968            9.2            4.2
    2454668.009            5.1            3.7
    2454681.904            1.4            3.8
     2454683.97            7.3            3.8
    2454711.893            9.8            4.1
    2454713.873           13.6            4.2
    2454715.882            3.6            4.6
    2454716.875           -1.8            4.1
    2454753.885           11.5            3.6
     2454755.85            5.2            3.8
    2454777.733            6.4            4.1
    2454806.796            8.6            5.5
     2454808.77           11.0            4.3
    2454809.763           10.7            6.1
    2455026.973            5.2            5.7
    2455063.965            1.8            5.0
    2455099.996            2.4            4.9
    2455116.856           -1.9            6.8
    2455154.739           13.2            7.6
    2455174.788            2.0            5.8
    2455364.972            7.7            5.0
    2455419.012            3.0            4.7
    2455446.847            6.5            3.6
    2455446.856            5.5            3.1
    2455463.833           -6.4            5.2
    2455466.842            2.1            4.8
    2455569.653           -1.0            4.1
    2455571.713           -7.9            4.6
    2455572.671           -5.0            4.8
    2455621.621            9.7            4.6
    2455757.974            8.8            5.0
    2455803.919            9.0            4.3
    2455806.936           -6.5            4.3
    2455828.781           16.1            4.2
    2455831.849            6.1            5.1
    2455861.842           -2.8            4.2
    2455864.796           -1.9            4.4
    2455892.745            0.9            4.9
