    2451745.994           15.6            4.3
    2451778.895            3.1            3.7
    2451808.867           16.4            3.6
    2451853.766           16.0            4.1
    2451856.801           -4.6            4.6
    2451898.637           11.2            8.0
    2451932.609           -9.0            3.9
    2452163.861           11.2            4.9
    2452175.851           15.9            4.0
    2452307.598           15.9            4.5
    2452465.989           18.6            5.3
    2452483.985            7.3            5.0
    2452494.987           -7.3            5.0
    2452517.936           10.1            5.2
     2452528.91           16.7            5.2
     2452530.91            6.7            4.5
    2452541.904           15.8            4.5
    2452543.883            1.1            5.0
    2452559.914           13.1            6.4
    2452561.795           18.8            8.4
    2452571.791            3.4            5.0
     2452589.81           -6.9            5.7
    2452603.782            6.3            4.9
    2452605.724           15.6            4.8
    2452616.772           10.6            5.9
    2452665.604           -5.0            4.2
    2452668.611           19.1            5.3
    2452837.972            9.7            5.4
    2452861.963           -3.1            4.1
    2452863.985           17.8            5.2
    2452879.918           -7.5            4.2
    2452880.947           -3.7            5.0
    2452898.911           -8.1            4.7
    2452900.928            5.7            4.8
    2452932.839           10.0            4.3
    2452934.804           11.2            4.6
    2452963.753            4.0            5.2
    2452965.809           17.4            5.4
     2453022.63           19.6            5.6
     2453208.01           -5.6            3.8
    2453209.978           -1.7            3.7
    2453214.961           -6.7            4.2
    2453231.961            9.7            4.0
    2453233.909           -8.7            3.9
     2453235.96            6.7            4.2
    2453265.899           -8.7            3.8
    2453268.919           15.9            4.0
     2453269.81           10.8            3.5
    2453286.828           11.8            3.8
    2453324.713           12.2            5.5
    2453354.654           -8.4            3.8
    2453400.642           13.1            7.5
    2453550.983           -4.5            4.4
    2453578.964           17.6            4.6
    2453613.923           -6.0            4.2
    2453654.771           12.6            4.1
    2453701.724           -7.0            4.6
    2453740.745            0.3            4.7
    2453911.993            2.5            3.6
    2453917.013           -9.1            3.9
    2453934.974           -4.0            3.9
    2453968.925            4.3            3.2
    2453981.851            8.2            3.8
    2453985.899           -7.0            4.0
    2454055.755           -7.9            3.9
    2454297.975           10.6            4.1
    2454300.974           -0.8            4.0
    2454314.939           -8.5            3.6
    2454318.981           11.2            4.2
    2454344.859            5.3            4.3
    2454348.917           15.1            4.0
    2454391.887            2.4            5.4
    2454394.775           11.6            4.2
    2454418.777           15.7            4.5
    2454420.763            3.0            4.2
    2454440.653           -6.1            3.4
    2454443.651           14.0            3.6
    2454481.638           15.1            3.9
    2454503.651           -4.7            4.3
    2454645.984           16.6            4.5
    2454646.968           17.9            4.2
    2454668.009           -6.8            3.7
    2454681.904           -6.2            3.8
     2454683.97           14.1            3.8
    2454711.893           -1.2            4.1
    2454713.873           -3.4            4.2
    2454715.882           15.6            4.6
    2454716.875           12.2            4.1
    2454753.885           15.7            3.6
     2454755.85            1.1            3.8
    2454777.733            4.4            4.1
    2454806.796            0.4            5.5
     2454808.77           -1.0            4.3
    2454809.763           11.9            6.1
    2455026.973            9.5            5.7
    2455063.965           17.9            5.0
    2455099.996            6.2            4.9
    2455116.856           -4.8            6.8
    2455154.739           -1.9            7.6
    2455174.788           -6.5            5.8
    2455364.972            0.2            5.0
    2455419.012            7.5            4.7
    2455446.847           -5.7            3.6
    2455446.856           -6.1            3.1
    2455463.833            1.9            5.2
    2455466.842            7.0            4.8
    2455569.653           14.1            4.1
    2455571.713           -5.6            4.6
    2455572.671           -8.8            4.8
    2455621.621            3.9            4.6
    2455757.974           12.6            5.0
    2455803.919           13.7            4.3
    2455806.936           -4.2            4.3
    2455828.781           14.1            4.2
    2455831.849           -8.4            5.1
    2455861.842            1.5            4.2
    2455864.796            3.9            4.4
    2455892.745            8.5            4.9
