    2451745.994           -1.3            4.3
    2451778.895           14.9            3.7
    2451808.867           -3.5            3.6
    2451853.766            7.6            4.1
    2451856.801           -7.4            4.6
    2451898.637            7.6            8.0
    2451932.609           22.8            3.9
    2452163.861           12.4            4.9
    2452175.851           19.1            4.0
    2452307.598            3.3            4.5
    2452465.989           -2.1            5.3
    2452483.985           19.8            5.0
    2452494.987           -8.7            5.0
    2452517.936           -8.2            5.2
     2452528.91           -2.1            5.2
     2452530.91            3.4            4.5
    2452541.904           15.2            4.5
    2452543.883           16.7            5.0
    2452559.914            4.5            6.4
    2452561.795           -3.9            8.4
    2452571.791           -3.0            5.0
     2452589.81           22.6            5.7
    2452603.782            4.6            4.9
    2452605.724           -3.0            4.8
    2452616.772           24.2            5.9
    2452665.604          -10.6            4.2
    2452668.611           10.8            5.3
    2452837.972            1.4            5.4
    2452861.963            8.1            4.1
    2452863.985           10.7            5.2
    2452879.918           -4.6            4.2
    2452880.947           21.3            5.0
    2452898.911           -4.3            4.7
    2452900.928           -7.5            4.8
    2452932.839           16.7            4.3
    2452934.804           14.5            4.6
    2452963.753            4.2            5.2
    2452965.809           14.1            5.4
     2453022.63           15.4            5.6
     2453208.01            2.2            3.8
    2453209.978           10.7            3.7
    2453214.961          -10.9            4.2
    2453231.961            1.2            4.0
    2453233.909           -3.1            3.9
     2453235.96            1.9            4.2
    2453265.899           19.6            3.8
    2453268.919           -3.9            4.0
     2453269.81           16.6            3.5
    2453286.828           19.6            3.8
    2453324.713            7.2            5.5
    2453354.654            5.4            3.8
    2453400.642           17.4            7.5
    2453550.983           16.0            4.4
    2453578.964          -11.5            4.6
    2453613.923           -0.0            4.2
    2453654.771           15.4            4.1
    2453701.724           -4.1            4.6
    2453740.745           -3.9            4.7
    2453911.993           -4.8            3.6
    2453917.013           16.5            3.9
    2453934.974           12.4            3.9
    2453968.925           14.2            3.2
    2453981.851            6.6            3.8
    2453985.899            6.9            4.0
    2454055.755            5.8            3.9
    2454297.975            7.4            4.1
    2454300.974            0.9            4.0
    2454314.939           -4.7            3.6
    2454318.981           -3.0            4.2
    2454344.859            4.6            4.3
    2454348.917            2.8            4.0
    2454391.887           -0.2            5.4
    2454394.775            1.8            4.2
    2454418.777            2.8            4.5
    2454420.763            0.2            4.2
    2454440.653           11.0            3.4
    2454443.651            6.1            3.6
    2454481.638           -9.0            3.9
    2454503.651           14.1            4.3
    2454645.984          -15.5            4.5
    2454646.968            9.0            4.2
    2454668.009            5.9            3.7
    2454681.904           12.2            3.8
     2454683.97            4.6            3.8
    2454711.893            4.8            4.1
    2454713.873            2.4            4.2
    2454715.882           10.1            4.6
    2454716.875            0.8            4.1
    2454753.885           -7.0            3.6
     2454755.85            2.7            3.8
    2454777.733           17.9            4.1
    2454806.796           18.4            5.5
     2454808.77            3.4            4.3
    2454809.763           -0.8            6.1
    2455026.973           -0.1            5.7
    2455063.965           -7.2            5.0
    2455099.996            8.4            4.9
    2455116.856           20.0            6.8
    2455154.739           12.0            7.6
    2455174.788            6.5            5.8
    2455364.972            9.0            5.0
    2455419.012            4.6            4.7
    2455446.847           -0.1            3.6
    2455446.856           -0.4            3.1
    2455463.833           11.5            5.2
    2455466.842            2.9            4.8
    2455569.653           -0.6            4.1
    2455571.713            0.1            4.6
    2455572.671           13.3            4.8
    2455621.621           -2.5            4.6
    2455757.974           14.2            5.0
    2455803.919            1.0            4.3
    2455806.936           -3.9            4.3
    2455828.781            1.8            4.2
    2455831.849            5.2            5.1
    2455861.842           16.5            4.2
    2455864.796           -8.5            4.4
    2455892.745           16.6            4.9
