    2451745.994           14.2            4.3
    2451778.895           -0.3            3.7
    2451808.867           -1.5            3.6
    2451853.766           20.4            4.1
    2451856.801           12.8            4.6
    2451898.637            9.1            8.0
    2451932.609           -1.1            3.9
    2452163.861          -10.0            4.9
    2452175.851           -8.6            4.0
    2452307.598           12.6            4.5
    2452465.989            2.6            5.3
    2452483.985           -0.3            5.0
    2452494.987           -5.9            5.0
    2452517.936           15.9            5.2
     2452528.91           16.6            5.2
     2452530.91           -1.7            4.5
    2452541.904           10.4            4.5
    2452543.883            5.7            5.0
    2452559.914           -6.9            6.4
    2452561.795           14.2            8.4
    2452571.791           -4.1            5.0
     2452589.81           16.9            5.7
    2452603.782           -6.5            4.9
    2452605.724            3.8            4.8
    2452616.772            2.6            5.9
    2452665.604            5.9            4.2
    2452668.611            0.4            5.3
    2452837.972            6.9            5.4
    2452861.963            1.8            4.1
    2452863.985            5.1            5.2
    2452879.918           -4.4            4.2
    2452880.947           19.2            5.0
    2452898.911            2.6            4.7
    2452900.928           10.5            4.8
    2452932.839            9.0            4.3
    2452934.804            5.5            4.6
    2452963.753           -5.2            5.2
    2452965.809           19.0            5.4
     2453022.63            9.8            5.6
     2453208.01           -0.2            3.8
    2453209.978           12.1            3.7
    2453214.961           -3.5            4.2
    2453231.961           -7.9            4.0
    2453233.909            7.9            3.9
     2453235.96            0.8            4.2
    2453265.899            9.4            3.8
    2453268.919            7.0            4.0
     2453269.81            4.1            3.5
    2453286.828           -0.8            3.8
    2453324.713           -4.7            5.5
    2453354.654            7.1            3.8
    2453400.642           -8.4            7.5
    2453550.983           -2.7            4.4
    2453578.964           -4.1            4.6
    2453613.923           13.3            4.2
    2453654.771           12.0            4.1
    2453701.724           15.8            4.6
    2453740.745           -2.3            4.7
    2453911.993            2.1            3.6
    2453917.013           14.0            3.9
    2453934.974            1.4            3.9
    2453968.925            9.9            3.2
    2453981.851            8.6            3.8
    2453985.899            6.4            4.0
    2454055.755           -5.3            3.9
    2454297.975           13.4            4.1
    2454300.974           18.6            4.0
    2454314.939           -6.2            3.6
    2454318.981           -2.7            4.2
    2454344.859            9.4            4.3
    2454348.917            1.4            4.0
    2454391.887            5.0            5.4
    2454394.775           14.5            4.2
    2454418.777            7.2            4.5
    2454420.763            9.1            4.2
    2454440.653            0.1            3.4
    2454443.651            9.0            3.6
    2454481.638            9.3            3.9
    2454503.651           -0.2            4.3
    2454645.984            4.2            4.5
    2454646.968            1.9            4.2
    2454668.009            8.5            3.7
    2454681.904           16.5            3.8
     2454683.97           -2.6            3.8
    2454711.893            0.4            4.1
    2454713.873           10.8            4.2
    2454715.882          -12.0            4.6
    2454716.875            5.5            4.1
    2454753.885            3.2            3.6
     2454755.85           -4.1            3.8
    2454777.733            5.1            4.1
    2454806.796            7.2            5.5
     2454808.77           -3.1            4.3
    2454809.763           14.3            6.1
    2455026.973           -6.5            5.7
    2455063.965            4.2            5.0
    2455099.996            0.0            4.9
    2455116.856            3.6            6.8
    2455154.739            9.8            7.6
    2455174.788            5.5            5.8
    2455364.972            9.8            5.0
    2455419.012            3.6            4.7
    2455446.847            1.2            3.6
    2455446.856            0.3            3.1
    2455463.833           -9.6            5.2
    2455466.842           -0.5            4.8
    2455569.653            4.7            4.1
    2455571.713          -10.4            4.6
    2455572.671           -2.9            4.8
    2455621.621            5.2            4.6
    2455757.974            8.1            5.0
    2455803.919           -8.7            4.3
    2455806.936           -7.8            4.3
    2455828.781            3.9            4.2
    2455831.849            0.7            5.1
    2455861.842            8.4            4.2
    2455864.796            0.2            4.4
    2455892.745            5.4            4.9
