    2451745.994            7.1            4.3
    2451778.895            8.9            3.7
    2451808.867            4.5            3.6
    2451853.766            0.1            4.1
    2451856.801            5.6            4.6
    2451898.637            4.5            8.0
    2451932.609           -1.0            3.9
    2452163.861            9.8            4.9
    2452175.851            4.1            4.0
    2452307.598            8.9            4.5
    2452465.989            8.8            5.3
    2452483.985            9.1            5.0
    2452494.987            1.8            5.0
    2452517.936            9.9            5.2
     2452528.91            6.4            5.2
     2452530.91            8.6            4.5
    2452541.904           -0.2            4.5
    2452543.883            3.3            5.0
    2452559.914            5.4            6.4
    2452561.795           11.0            8.4
    2452571.791            1.1            5.0
     2452589.81            1.5            5.7
    2452603.782           -0.5            4.9
    2452605.724           -0.2            4.8
    2452616.772            5.2            5.9
    2452665.604            1.5            4.2
    2452668.611            0.0            5.3
    2452837.972            9.0            5.4
    2452861.963            0.7            4.1
    2452863.985            4.7            5.2
    2452879.918            2.4            4.2
    2452880.947            5.0            5.0
    2452898.911            8.2            4.7
    2452900.928            9.5            4.8
    2452932.839            8.9            4.3
    2452934.804            7.4            4.6
    2452963.753           10.1            5.2
    2452965.809           10.3            5.4
     2453022.63            2.6            5.6
     2453208.01            5.8            3.8
    2453209.978            2.0            3.7
    2453214.961            0.9            4.2
    2453231.961            1.6            4.0
    2453233.909            5.2            3.9
     2453235.96            8.2            4.2
    2453265.899            6.1            3.8
    2453268.919            9.0            4.0
     2453269.81            8.1            3.5
    2453286.828            6.5            3.8
    2453324.713            1.0            5.5
    2453354.654            0.6            3.8
    2453400.642            7.3            7.5
    2453550.983            1.3            4.4
    2453578.964            0.9            4.6
    2453613.923           -0.5            4.2
    2453654.771            8.7            4.1
    2453701.724            9.6            4.6
    2453740.745           -0.8            4.7
    2453911.993            5.1            3.6
    2453917.013           -1.5            3.9
    2453934.974            0.8            3.9
    2453968.925            1.7            3.2
    2453981.851           -0.9            3.8
    2453985.899            5.4            4.0
    2454055.755            7.5            3.9
    2454297.975            2.9            4.1
    2454300.974           -1.2            4.0
    2454314.939            0.5            3.6
    2454318.981           -0.2            4.2
    2454344.859            6.1            4.3
    2454348.917           -0.5            4.0
    2454391.887            9.1            5.4
    2454394.775            2.8            4.2
    2454418.777            5.9            4.5
    2454420.763            8.0            4.2
    2454440.653            5.5            3.4
    2454443.651            0.7            3.6
    2454481.638            3.2            3.9
    2454503.651            8.4            4.3
    2454645.984            8.6            4.5
    2454646.968            7.7            4.2
    2454668.009            0.3            3.7
    2454681.904            4.2            3.8
     2454683.97            0.7            3.8
    2454711.893            6.7            4.1
    2454713.873            3.5            4.2
    2454715.882            0.7            4.6
    2454716.875           -0.7            4.1
    2454753.885            3.4            3.6
     2454755.85            6.7            3.8
    2454777.733            4.3            4.1
    2454806.796            9.9            5.5
     2454808.77            6.0            4.3
    2454809.763            5.9            6.1
    2455026.973            8.1            5.7
    2455063.965            8.6            5.0
    2455099.996            0.8            4.9
    2455116.856            2.3            6.8
    2455154.739            8.3            7.6
    2455174.788           10.4            5.8
    2455364.972           10.0            5.0
    2455419.012            4.0            4.7
    2455446.847            7.5            3.6
    2455446.856            7.0            3.1
    2455463.833            9.5            5.2
    2455466.842            4.2            4.8
    2455569.653            2.6            4.1
    2455571.713            7.0            4.6
    2455572.671            8.6            4.8
    2455621.621            8.6            4.6
    2455757.974            1.0            5.0
    2455803.919            2.0            4.3
    2455806.936            0.1            4.3
    2455828.781            8.0            4.2
    2455831.849            9.0            5.1
    2455861.842            9.2            4.2
    2455864.796            7.9            4.4
    2455892.745            8.1            4.9
