    2451745.994            2.0            4.3
    2451778.895            6.5            3.7
    2451808.867            5.8            3.6
    2451853.766            7.0            4.1
    2451856.801            5.1            4.6
    2451898.637           10.3            8.0
    2451932.609            0.3            3.9
    2452163.861            3.5            4.9
    2452175.851            3.9            4.0
    2452307.598           -2.1            4.5
    2452465.989            1.7            5.3
    2452483.985            0.4            5.0
    2452494.987            5.3            5.0
    2452517.936            6.3            5.2
     2452528.91            7.3            5.2
     2452530.91            7.9            4.5
    2452541.904            5.7            4.5
    2452543.883            2.0            5.0
    2452559.914            8.8            6.4
    2452561.795            7.9            8.4
    2452571.791            2.0            5.0
     2452589.81            4.3            5.7
    2452603.782            5.1            4.9
    2452605.724            7.7            4.8
    2452616.772            8.6            5.9
    2452665.604            6.9            4.2
    2452668.611            5.3            5.3
    2452837.972            8.2            5.4
    2452861.963            4.0            4.1
    2452863.985            7.7            5.2
    2452879.918            4.7            4.2
    2452880.947            6.6            5.0
    2452898.911           11.0            4.7
    2452900.928            6.3            4.8
    2452932.839            2.5            4.3
    2452934.804            3.7            4.6
    2452963.753            1.1            5.2
    2452965.809            6.0            5.4
     2453022.63            5.7            5.6
     2453208.01            3.4            3.8
    2453209.978            2.8            3.7
    2453214.961            4.5            4.2
    2453231.961            3.0            4.0
    2453233.909            7.7            3.9
     2453235.96            4.6            4.2
    2453265.899            7.2            3.8
    2453268.919            7.1            4.0
     2453269.81            6.8            3.5
    2453286.828            4.5            3.8
    2453324.713            4.7            5.5
    2453354.654            7.5            3.8
    2453400.642            6.3            7.5
    2453550.983            8.8            4.4
    2453578.964            7.0            4.6
    2453613.923            6.5            4.2
    2453654.771            2.5            4.1
    2453701.724            6.1            4.6
    2453740.745            1.2            4.7
    2453911.993            5.4            3.6
    2453917.013            2.8            3.9
    2453934.974            5.4            3.9
    2453968.925            1.2            3.2
    2453981.851            6.7            3.8
    2453985.899            5.6            4.0
    2454055.755            3.5            3.9
    2454297.975            2.8            4.1
    2454300.974            4.5            4.0
    2454314.939           -1.0            3.6
    2454318.981           -2.2            4.2
    2454344.859            1.7            4.3
    2454348.917            4.4            4.0
    2454391.887            8.0            5.4
    2454394.775            7.6            4.2
    2454418.777            5.8            4.5
    2454420.763            4.8            4.2
    2454440.653            8.5            3.4
    2454443.651            5.5            3.6
    2454481.638           -0.3            3.9
    2454503.651            3.4            4.3
    2454645.984            8.5            4.5
    2454646.968            3.9            4.2
    2454668.009            0.3            3.7
    2454681.904           -1.0            3.8
     2454683.97            2.5            3.8
    2454711.893            5.1            4.1
    2454713.873            3.8            4.2
    2454715.882            6.3            4.6
    2454716.875            4.4            4.1
    2454753.885            4.6            3.6
     2454755.85            6.7            3.8
    2454777.733            2.0            4.1
    2454806.796            2.2            5.5
     2454808.77            6.2            4.3
    2454809.763            2.9            6.1
    2455026.973            6.8            5.7
    2455063.965            0.0            5.0
    2455099.996            3.6            4.9
    2455116.856            4.3            6.8
    2455154.739            5.3            7.6
    2455174.788            4.1            5.8
    2455364.972            8.4            5.0
    2455419.012            7.3            4.7
    2455446.847            7.3            3.6
    2455446.856            6.8            3.1
    2455463.833            5.8            5.2
    2455466.842            4.1            4.8
    2455569.653            4.4            4.1
    2455571.713            5.1            4.6
    2455572.671            3.7            4.8
    2455621.621            4.4            4.6
    2455757.974            6.6            5.0
    2455803.919            4.5            4.3
    2455806.936            6.1            4.3
    2455828.781            4.4            4.2
    2455831.849            5.6            5.1
    2455861.842           -0.2            4.2
    2455864.796           -0.3            4.4
    2455892.745            0.0            4.9
