    2451745.994            5.6            4.3
    2451778.895           -9.6            3.7
    2451808.867           -4.6            3.6
    2451853.766           -0.5            4.1
    2451856.801           -2.7            4.6
    2451898.637           28.8            8.0
    2451932.609           13.3            3.9
    2452163.861           11.1            4.9
    2452175.851            6.5            4.0
    2452307.598            0.8            4.5
    2452465.989           -3.7            5.3
    2452483.985            6.6            5.0
    2452494.987          -16.2            5.0
    2452517.936           -1.9            5.2
     2452528.91           16.2            5.2
     2452530.91           24.6            4.5
    2452541.904            2.2            4.5
    2452543.883           33.1            5.0
    2452559.914           11.3            6.4
    2452561.795            9.4            8.4
    2452571.791            5.0            5.0
     2452589.81            1.7            5.7
    2452603.782           11.7            4.9
    2452605.724            2.0            4.8
    2452616.772           14.7            5.9
    2452665.604           -1.2            4.2
    2452668.611           -1.3            5.3
    2452837.972            8.4            5.4
    2452861.963          -17.7            4.1
    2452863.985            8.2            5.2
    2452879.918            9.8            4.2
    2452880.947            8.1            5.0
    2452898.911           11.9            4.7
    2452900.928           10.5            4.8
    2452932.839            0.6            4.3
    2452934.804          -16.2            4.6
    2452963.753           13.3            5.2
    2452965.809           -5.2            5.4
     2453022.63            4.0            5.6
     2453208.01          -11.6            3.8
    2453209.978           -7.5            3.7
    2453214.961           -6.3            4.2
    2453231.961           16.2            4.0
    2453233.909            5.8            3.9
     2453235.96            8.2            4.2
    2453265.899            3.9            3.8
    2453268.919            3.6            4.0
     2453269.81           13.2            3.5
    2453286.828           16.6            3.8
    2453324.713            3.7            5.5
    2453354.654           -3.5            3.8
    2453400.642          -15.9            7.5
    2453550.983            1.8            4.4
    2453578.964           -3.7            4.6
    2453613.923           18.4            4.2
    2453654.771          -22.2            4.1
    2453701.724            9.3            4.6
    2453740.745          -20.0            4.7
    2453911.993           -2.0            3.6
    2453917.013           21.7            3.9
    2453934.974            6.7            3.9
    2453968.925           21.7            3.2
    2453981.851            7.7            3.8
    2453985.899           17.4            4.0
    2454055.755           -4.7            3.9
    2454297.975            2.8            4.1
    2454300.974           18.5            4.0
    2454314.939            6.3            3.6
    2454318.981            5.3            4.2
    2454344.859           14.9            4.3
    2454348.917           22.4            4.0
    2454391.887           -1.3            5.4
    2454394.775           10.8            4.2
    2454418.777          -18.5            4.5
    2454420.763           14.0            4.2
    2454440.653            4.4            3.4
    2454443.651           -6.1            3.6
    2454481.638           -5.6            3.9
    2454503.651           27.3            4.3
    2454645.984           15.6            4.5
    2454646.968           28.4            4.2
    2454668.009            7.3            3.7
    2454681.904            4.3            3.8
     2454683.97           -8.5            3.8
    2454711.893           -9.4            4.1
    2454713.873           18.8            4.2
    2454715.882           -0.7            4.6
    2454716.875          -11.6            4.1
    2454753.885           18.4            3.6
     2454755.85           -0.8            3.8
    2454777.733           -0.1            4.1
    2454806.796          -13.3            5.5
     2454808.77           18.0            4.3
    2454809.763            9.2            6.1
    2455026.973           12.0            5.7
    2455063.965            3.6            5.0
    2455099.996           -8.0            4.9
    2455116.856           19.3            6.8
    2455154.739            5.4            7.6
    2455174.788           -0.9            5.8
    2455364.972            5.2            5.0
    2455419.012           13.1            4.7
    2455446.847           12.8            3.6
    2455446.856           13.0            3.1
    2455463.833           -4.6            5.2
    2455466.842            4.7            4.8
    2455569.653           12.1            4.1
    2455571.713            8.5            4.6
    2455572.671           10.8            4.8
    2455621.621           -0.9            4.6
    2455757.974           -6.8            5.0
    2455803.919           -6.7            4.3
    2455806.936           15.5            4.3
    2455828.781           -7.9            4.2
    2455831.849            4.3            5.1
    2455861.842           31.0            4.2
    2455864.796           -6.4            4.4
    2455892.745           14.4            4.9
