    2451745.994           10.0            4.3
    2451778.895           26.1            3.7
    2451808.867           -8.1            3.6
    2451853.766           -7.6            4.1
    2451856.801            9.4            4.6
    2451898.637           26.6            8.0
    2451932.609            6.1            3.9
    2452163.861           14.9            4.9
    2452175.851           24.2            4.0
    2452307.598            5.3            4.5
    2452465.989           -3.6            5.3
    2452483.985           -9.8            5.0
    2452494.987           -1.1            5.0
    2452517.936           15.8            5.2
     2452528.91           11.6            5.2
     2452530.91            1.5            4.5
    2452541.904           -4.1            4.5
    2452543.883            8.9            5.0
    2452559.914            3.0            6.4
    2452561.795           16.0            8.4
    2452571.791          -15.4            5.0
     2452589.81           16.3            5.7
    2452603.782           -9.3            4.9
    2452605.724           -1.9            4.8
    2452616.772           17.0            5.9
    2452665.604            0.4            4.2
    2452668.611           14.7            5.3
    2452837.972           11.4            5.4
    2452861.963           26.7            4.1
    2452863.985            6.9            5.2
    2452879.918           25.3            4.2
    2452880.947            0.7            5.0
    2452898.911          -12.3            4.7
    2452900.928          -10.3            4.8
    2452932.839           -2.0            4.3
    2452934.804            4.2            4.6
    2452963.753           12.2            5.2
    2452965.809           -7.3            5.4
     2453022.63           33.3            5.6
     2453208.01            6.2            3.8
    2453209.978           18.1            3.7
    2453214.961           12.1            4.2
    2453231.961          -10.8            4.0
    2453233.909           -2.1            3.9
     2453235.96           24.3            4.2
    2453265.899          -13.4            3.8
    2453268.919          -10.3            4.0
     2453269.81           -2.9            3.5
    2453286.828            0.4            3.8
    2453324.713          -10.9            5.5
    2453354.654            6.8            3.8
    2453400.642          -10.5            7.5
    2453550.983            2.3            4.4
    2453578.964          -10.6            4.6
    2453613.923           -9.4            4.2
    2453654.771            0.5            4.1
    2453701.724          -10.7            4.6
    2453740.745           29.3            4.7
    2453911.993           -7.3            3.6
    2453917.013           -5.4            3.9
    2453934.974           -8.3            3.9
    2453968.925           20.5            3.2
    2453981.851          -15.1            3.8
    2453985.899            6.8            4.0
    2454055.755           15.1            3.9
    2454297.975           -3.1            4.1
    2454300.974           24.1            4.0
    2454314.939           -9.3            3.6
    2454318.981           18.8            4.2
    2454344.859           12.5            4.3
    2454348.917           -2.9            4.0
    2454391.887           11.8            5.4
    2454394.775           19.3            4.2
    2454418.777           20.8            4.5
    2454420.763           15.1            4.2
    2454440.653          -15.1            3.4
    2454443.651            3.0            3.6
    2454481.638          -10.6            3.9
    2454503.651           23.6            4.3
    2454645.984           12.5            4.5
    2454646.968            3.0            4.2
    2454668.009          -15.6            3.7
    2454681.904            5.3            3.8
     2454683.97           17.5            3.8
    2454711.893          -22.3            4.1
    2454713.873           13.8            4.2
    2454715.882           25.3            4.6
    2454716.875           10.6            4.1
    2454753.885            6.2            3.6
     2454755.85           -4.8            3.8
    2454777.733            4.9            4.1
    2454806.796           25.6            5.5
     2454808.77            9.7            4.3
    2454809.763           18.1            6.1
    2455026.973            3.3            5.7
    2455063.965           21.2            5.0
    2455099.996           -0.3            4.9
    2455116.856           -1.4            6.8
    2455154.739           24.4            7.6
    2455174.788            9.3            5.8
    2455364.972           15.7            5.0
    2455419.012            7.6            4.7
    2455446.847           12.5            3.6
    2455446.856           11.8            3.1
    2455463.833            7.1            5.2
    2455466.842           23.8            4.8
    2455569.653            9.5            4.1
    2455571.713            8.8            4.6
    2455572.671          -13.9            4.8
    2455621.621            9.2            4.6
    2455757.974            4.5            5.0
    2455803.919          -12.9            4.3
    2455806.936           -9.4            4.3
    2455828.781           15.6            4.2
    2455831.849           28.3            5.1
    2455861.842           -5.5            4.2
    2455864.796           10.1            4.4
    2455892.745           16.0            4.9
