    2451745.994            4.4            4.3
    2451778.895           -3.4            3.7
    2451808.867          -12.5            3.6
    2451853.766           -1.2            4.1
    2451856.801            8.9            4.6
    2451898.637            7.8            8.0
    2451932.609          -13.8            3.9
    2452163.861           23.6            4.9
    2452175.851            8.1            4.0
    2452307.598          -12.1            4.5
    2452465.989           21.8            5.3
    2452483.985           10.4            5.0
    2452494.987           -6.3            5.0
    2452517.936           -5.1            5.2
     2452528.91           -1.8            5.2
     2452530.91          -10.6            4.5
    2452541.904          -11.9            4.5
    2452543.883          -10.3            5.0
    2452559.914           15.9            6.4
    2452561.795            5.8            8.4
    2452571.791           -0.5            5.0
     2452589.81           23.6            5.7
    2452603.782          -10.1            4.9
    2452605.724           -8.0            4.8
    2452616.772           -9.9            5.9
    2452665.604          -12.4            4.2
    2452668.611           21.8            5.3
    2452837.972           -9.5            5.4
    2452861.963            7.8            4.1
    2452863.985           -6.5            5.2
    2452879.918           13.3            4.2
    2452880.947           -2.1            5.0
    2452898.911           15.0            4.7
    2452900.928            3.9            4.8
    2452932.839           11.7            4.3
    2452934.804           25.2            4.6
    2452963.753           -6.7            5.2
    2452965.809            5.4            5.4
     2453022.63            8.8            5.6
     2453208.01            0.1            3.8
    2453209.978            0.5            3.7
    2453214.961          -14.7            4.2
    2453231.961           -1.1            4.0
    2453233.909          -13.5            3.9
     2453235.96            3.3            4.2
    2453265.899           -9.0            3.8
    2453268.919           14.6            4.0
     2453269.81           -0.1            3.5
    2453286.828           12.3            3.8
    2453324.713           17.0            5.5
    2453354.654           22.3            3.8
    2453400.642           -6.8            7.5
    2453550.983           10.9            4.4
    2453578.964          -12.5            4.6
    2453613.923           16.6            4.2
    2453654.771           12.0            4.1
    2453701.724            9.3            4.6
    2453740.745           -8.3            4.7
    2453911.993           -5.5            3.6
    2453917.013           13.3            3.9
    2453934.974            1.7            3.9
    2453968.925          -14.1            3.2
    2453981.851           -6.7            3.8
    2453985.899          -12.5            4.0
    2454055.755            2.0            3.9
    2454297.975           22.9            4.1
    2454300.974          -12.2            4.0
    2454314.939            9.8            3.6
    2454318.981            2.3            4.2
    2454344.859            5.4            4.3
    2454348.917           14.1            4.0
    2454391.887           19.6            5.4
    2454394.775           -9.9            4.2
    2454418.777          -10.0            4.5
    2454420.763            2.7            4.2
    2454440.653           22.7            3.4
    2454443.651          -11.5            3.6
    2454481.638            6.6            3.9
    2454503.651           -9.0            4.3
    2454645.984           -6.7            4.5
    2454646.968           -1.3            4.2
    2454668.009            8.8            3.7
    2454681.904           11.0            3.8
     2454683.97           -1.1            3.8
    2454711.893           10.9            4.1
    2454713.873           -1.1            4.2
    2454715.882            5.4            4.6
    2454716.875            2.6            4.1
    2454753.885           18.5            3.6
     2454755.85           17.2            3.8
    2454777.733            4.9            4.1
    2454806.796            2.8            5.5
     2454808.77            5.6            4.3
    2454809.763           15.5            6.1
    2455026.973           16.1            5.7
    2455063.965            4.8            5.0
    2455099.996            4.6            4.9
    2455116.856           -7.3            6.8
    2455154.739           14.3            7.6
    2455174.788            6.9            5.8
    2455364.972           20.0            5.0
    2455419.012           -3.3            4.7
    2455446.847            3.7            3.6
    2455446.856            2.9            3.1
    2455463.833            9.4            5.2
    2455466.842           -4.6            4.8
    2455569.653           23.7            4.1
    2455571.713            6.0            4.6
    2455572.671          -13.8            4.8
    2455621.621          -13.5            4.6
    2455757.974          -11.6            5.0
    2455803.919           24.1            4.3
    2455806.936          -13.4            4.3
    2455828.781            7.0            4.2
    2455831.849            3.9            5.1
    2455861.842           -0.4            4.2
    2455864.796            2.5            4.4
    2455892.745           -7.4            4.9
