    2451745.994           13.9            4.3
    2451778.895           -5.4            3.7
    2451808.867           -5.7            3.6
    2451853.766           11.8            4.1
    2451856.801           -6.3            4.6
    2451898.637            1.0            8.0
    2451932.609            1.9            3.9
    2452163.861           15.1            4.9
    2452175.851           14.3            4.0
    2452307.598           13.7            4.5
    2452465.989           -0.2            5.3
    2452483.985           -2.6            5.0
    2452494.987           -6.1            5.0
    2452517.936           -1.9            5.2
     2452528.91            7.8            5.2
     2452530.91           -7.2            4.5
    2452541.904           -1.6            4.5
    2452543.883            0.2            5.0
    2452559.914            0.7            6.4
    2452561.795            2.9            8.4
    2452571.791            0.4            5.0
     2452589.81            2.5            5.7
    2452603.782            2.7            4.9
    2452605.724           14.3            4.8
    2452616.772           12.2            5.9
    2452665.604           12.7            4.2
    2452668.611           -4.6            5.3
    2452837.972           13.6            5.4
    2452861.963           14.7            4.1
    2452863.985            5.8            5.2
    2452879.918           13.8            4.2
    2452880.947           11.7            5.0
    2452898.911           12.0            4.7
    2452900.928           -5.1            4.8
    2452932.839            7.5            4.3
    2452934.804            8.6            4.6
    2452963.753           16.1            5.2
    2452965.809            1.4            5.4
     2453022.63           12.0            5.6
     2453208.01           11.4            3.8
    2453209.978            2.7            3.7
    2453214.961           11.5            4.2
    2453231.961           11.8            4.0
    2453233.909            2.7            3.9
     2453235.96           -4.7            4.2
    2453265.899           -3.0            3.8
    2453268.919           12.1            4.0
     2453269.81            4.1            3.5
    2453286.828           12.6            3.8
    2453324.713           -5.4            5.5
    2453354.654           -8.0            3.8
    2453400.642           12.7            7.5
    2453550.983           -0.0            4.4
    2453578.964           13.7            4.6
    2453613.923           11.4            4.2
    2453654.771            3.6            4.1
    2453701.724           -1.3            4.6
    2453740.745            7.7            4.7
    2453911.993            9.0            3.6
    2453917.013           -1.7            3.9
    2453934.974            1.7            3.9
    2453968.925           -1.4            3.2
    2453981.851           -6.0            3.8
    2453985.899            6.1            4.0
    2454055.755           13.0            3.9
    2454297.975           -6.2            4.1
    2454300.974           11.7            4.0
    2454314.939           -2.7            3.6
    2454318.981           14.2            4.2
    2454344.859            0.5            4.3
    2454348.917           14.5            4.0
    2454391.887            7.0            5.4
    2454394.775            1.7            4.2
    2454418.777            2.2            4.5
    2454420.763           12.5            4.2
    2454440.653           -4.2            3.4
    2454443.651            9.4            3.6
    2454481.638            4.7            3.9
    2454503.651           14.5            4.3
    2454645.984            6.4            4.5
    2454646.968           14.0            4.2
    2454668.009           -6.4            3.7
    2454681.904            5.9            3.8
     2454683.97            9.9            3.8
    2454711.893            5.5            4.1
    2454713.873            8.5            4.2
    2454715.882           -5.5            4.6
    2454716.875           -1.9            4.1
    2454753.885            9.6            3.6
     2454755.85            8.2            3.8
    2454777.733           10.2            4.1
    2454806.796            3.4            5.5
     2454808.77           12.5            4.3
    2454809.763            7.0            6.1
    2455026.973           -0.5            5.7
    2455063.965            7.5            5.0
    2455099.996            8.4            4.9
    2455116.856           -1.4            6.8
    2455154.739           17.7            7.6
    2455174.788            0.8            5.8
    2455364.972            7.1            5.0
    2455419.012            4.0            4.7
    2455446.847           13.8            3.6
    2455446.856           13.3            3.1
    2455463.833            8.3            5.2
    2455466.842            5.7            4.8
    2455569.653           -5.4            4.1
    2455571.713           10.1            4.6
    2455572.671           15.4            4.8
    2455621.621            8.7            4.6
    2455757.974           13.5            5.0
    2455803.919            1.4            4.3
    2455806.936            4.7            4.3
    2455828.781           12.7            4.2
    2455831.849           -2.9            5.1
    2455861.842           -2.1            4.2
    2455864.796           15.1            4.4
    2455892.745           -2.0            4.9
