    2451745.994           10.1            4.3
    2451778.895            9.7            3.7
    2451808.867            4.4            3.6
    2451853.766            5.3            4.1
    2451856.801            6.7            4.6
    2451898.637           10.0            8.0
    2451932.609            3.0            3.9
    2452163.861            3.8            4.9
    2452175.851           -4.1            4.0
    2452307.598            0.5            4.5
    2452465.989            8.6            5.3
    2452483.985            1.5            5.0
    2452494.987            5.2            5.0
    2452517.936            5.7            5.2
     2452528.91            0.0            5.2
     2452530.91            8.1            4.5
    2452541.904            1.9            4.5
    2452543.883           12.5            5.0
    2452559.914           11.3            6.4
    2452561.795            4.0            8.4
    2452571.791            8.7            5.0
     2452589.81            7.2            5.7
    2452603.782            2.6            4.9
    2452605.724           10.5            4.8
    2452616.772            6.1            5.9
    2452665.604            1.9            4.2
    2452668.611            1.8            5.3
    2452837.972            3.7            5.4
    2452861.963            1.4            4.1
    2452863.985           13.1            5.2
    2452879.918            9.0            4.2
    2452880.947           11.7            5.0
    2452898.911           -1.0            4.7
    2452900.928           11.7            4.8
    2452932.839            1.9            4.3
    2452934.804            3.6            4.6
    2452963.753            6.3            5.2
    2452965.809            7.6            5.4
     2453022.63           -1.8            5.6
     2453208.01           -0.4            3.8
    2453209.978            4.1            3.7
    2453214.961           -0.8            4.2
    2453231.961           -4.4            4.0
    2453233.909            6.9            3.9
     2453235.96           -2.6            4.2
    2453265.899            6.6            3.8
    2453268.919           -1.3            4.0
     2453269.81            1.8            3.5
    2453286.828            9.7            3.8
    2453324.713           12.5            5.5
    2453354.654           -0.3            3.8
    2453400.642           -0.6            7.5
    2453550.983            5.8            4.4
    2453578.964           11.9            4.6
    2453613.923           -3.7            4.2
    2453654.771           -2.8            4.1
    2453701.724            5.5            4.6
    2453740.745            0.3            4.7
    2453911.993            7.2            3.6
    2453917.013            8.2            3.9
    2453934.974           -1.8            3.9
    2453968.925            4.0            3.2
    2453981.851           11.9            3.8
    2453985.899           11.2            4.0
    2454055.755            6.5            3.9
    2454297.975           10.2            4.1
    2454300.974            2.4            4.0
    2454314.939            8.2            3.6
    2454318.981           11.9            4.2
    2454344.859            5.4            4.3
    2454348.917            2.5            4.0
    2454391.887            3.2            5.4
    2454394.775           -3.6            4.2
    2454418.777            1.6            4.5
    2454420.763            3.3            4.2
    2454440.653           -3.2            3.4
    2454443.651            1.7            3.6
    2454481.638           -3.8            3.9
    2454503.651            7.0            4.3
    2454645.984           -2.4            4.5
    2454646.968            3.4            4.2
    2454668.009            6.3            3.7
    2454681.904            5.2            3.8
     2454683.97            7.1            3.8
    2454711.893           -3.5            4.1
    2454713.873            6.6            4.2
    2454715.882           -2.4            4.6
    2454716.875            4.8            4.1
    2454753.885            2.7            3.6
     2454755.85           -0.0            3.8
    2454777.733           -2.9            4.1
    2454806.796            5.7            5.5
     2454808.77           10.2            4.3
    2454809.763            4.0            6.1
    2455026.973            4.0            5.7
    2455063.965            7.3            5.0
    2455099.996           11.5            4.9
    2455116.856            8.7            6.8
    2455154.739            2.5            7.6
    2455174.788            5.5            5.8
    2455364.972           -2.1            5.0
    2455419.012            3.2            4.7
    2455446.847           -0.3            3.6
    2455446.856           -0.9            3.1
    2455463.833            2.6            5.2
    2455466.842            5.7            4.8
    2455569.653            5.7            4.1
    2455571.713            8.1            4.6
    2455572.671           11.9            4.8
    2455621.621            6.9            4.6
    2455757.974           11.9            5.0
    2455803.919            5.5            4.3
    2455806.936           10.1            4.3
    2455828.781            1.1            4.2
    2455831.849            7.6            5.1
    2455861.842            1.5            4.2
    2455864.796           11.8            4.4
    2455892.745            8.6            4.9
