    2451745.994           10.4            4.3
    2451778.895           -0.3            3.7
    2451808.867            2.4            3.6
    2451853.766            2.9            4.1
    2451856.801            0.4            4.6
    2451898.637            8.8            8.0
    2451932.609            2.1            3.9
    2452163.861            1.0            4.9
    2452175.851            9.2            4.0
    2452307.598            5.3            4.5
    2452465.989            8.8            5.3
    2452483.985           -1.5            5.0
    2452494.987           -1.0            5.0
    2452517.936            1.1            5.2
     2452528.91           -0.2            5.2
     2452530.91            6.0            4.5
    2452541.904            9.3            4.5
    2452543.883            9.7            5.0
    2452559.914            1.3            6.4
    2452561.795           10.2            8.4
    2452571.791            6.9            5.0
     2452589.81            8.0            5.7
    2452603.782            7.8            4.9
    2452605.724            8.4            4.8
    2452616.772            6.8            5.9
    2452665.604            6.6            4.2
    2452668.611            5.1            5.3
    2452837.972           -1.8            5.4
    2452861.963            9.4            4.1
    2452863.985            5.1            5.2
    2452879.918           -1.8            4.2
    2452880.947            6.8            5.0
    2452898.911            7.2            4.7
    2452900.928           10.5            4.8
    2452932.839            4.5            4.3
    2452934.804           11.7            4.6
    2452963.753            5.1            5.2
    2452965.809           12.3            5.4
     2453022.63            5.8            5.6
     2453208.01            5.3            3.8
    2453209.978            7.9            3.7
    2453214.961            0.3            4.2
    2453231.961            1.8            4.0
    2453233.909           -2.4            3.9
     2453235.96            7.2            4.2
    2453265.899            5.1            3.8
    2453268.919            7.9            4.0
     2453269.81            5.6            3.5
    2453286.828            4.2            3.8
    2453324.713            5.5            5.5
    2453354.654           -0.1            3.8
    2453400.642            6.8            7.5
    2453550.983            5.2            4.4
    2453578.964            6.2            4.6
    2453613.923           -0.5            4.2
    2453654.771            6.1            4.1
    2453701.724           10.2            4.6
    2453740.745            6.7            4.7
    2453911.993            3.4            3.6
    2453917.013           -1.4            3.9
    2453934.974            9.9            3.9
    2453968.925            9.5            3.2
    2453981.851           -2.0            3.8
    2453985.899            9.7            4.0
    2454055.755            8.2            3.9
    2454297.975           10.4            4.1
    2454300.974            8.6            4.0
    2454314.939            9.2            3.6
    2454318.981           -0.7            4.2
    2454344.859            5.5            4.3
    2454348.917            5.9            4.0
    2454391.887           -1.6            5.4
    2454394.775           -2.8            4.2
    2454418.777            9.2            4.5
    2454420.763            4.4            4.2
    2454440.653            6.7            3.4
    2454443.651            8.7            3.6
    2454481.638           -1.4            3.9
    2454503.651            4.2            4.3
    2454645.984            9.8            4.5
    2454646.968            2.7            4.2
    2454668.009            4.7            3.7
    2454681.904            3.0            3.8
     2454683.97           -1.4            3.8
    2454711.893            0.4            4.1
    2454713.873           10.5            4.2
    2454715.882            7.6            4.6
    2454716.875            8.5            4.1
    2454753.885            0.7            3.6
     2454755.85           10.0            3.8
    2454777.733            6.0            4.1
    2454806.796            8.0            5.5
     2454808.77            7.3            4.3
    2454809.763            6.6            6.1
    2455026.973           -1.2            5.7
    2455063.965            2.6            5.0
    2455099.996           -0.4            4.9
    2455116.856            1.3            6.8
    2455154.739           13.7            7.6
    2455174.788            9.8            5.8
    2455364.972            6.3            5.0
    2455419.012           10.2            4.7
    2455446.847            9.4            3.6
    2455446.856            9.0            3.1
    2455463.833           12.0            5.2
    2455466.842           11.4            4.8
    2455569.653           -0.7            4.1
    2455571.713           -0.5            4.6
    2455572.671            2.5            4.8
    2455621.621            8.3            4.6
    2455757.974            0.9            5.0
    2455803.919            9.7            4.3
    2455806.936            9.0            4.3
    2455828.781            7.7            4.2
    2455831.849           10.8            5.1
    2455861.842            0.3            4.2
    2455864.796            2.1            4.4
    2455892.745            1.1            4.9
