    2451745.994           10.3            4.3
    2451778.895            8.3            3.7
    2451808.867           13.1            3.6
    2451853.766            0.8            4.1
    2451856.801           -3.3            4.6
    2451898.637            5.2            8.0
    2451932.609           -0.4            3.9
    2452163.861            8.4            4.9
    2452175.851            3.6            4.0
    2452307.598           12.6            4.5
    2452465.989           -0.2            5.3
    2452483.985            1.8            5.0
    2452494.987            6.0            5.0
    2452517.936            4.0            5.2
     2452528.91           -3.4            5.2
     2452530.91           -1.1            4.5
    2452541.904            8.5            4.5
    2452543.883           14.2            5.0
    2452559.914            7.7            6.4
    2452561.795            7.7            8.4
    2452571.791            7.8            5.0
     2452589.81            8.7            5.7
    2452603.782            3.9            4.9
    2452605.724            1.8            4.8
    2452616.772            0.9            5.9
    2452665.604           -1.6            4.2
    2452668.611            0.3            5.3
    2452837.972           12.6            5.4
    2452861.963            2.3            4.1
    2452863.985            7.0            5.2
    2452879.918           14.4            4.2
    2452880.947            3.8            5.0
    2452898.911           10.3            4.7
    2452900.928           15.0            4.8
    2452932.839            7.1            4.3
    2452934.804            3.8            4.6
    2452963.753            9.1            5.2
    2452965.809           12.2            5.4
     2453022.63            1.2            5.6
     2453208.01           -2.2            3.8
    2453209.978           -2.6            3.7
    2453214.961            3.3            4.2
    2453231.961            4.6            4.0
    2453233.909            3.3            3.9
     2453235.96            2.3            4.2
    2453265.899           -3.3            3.8
    2453268.919            5.3            4.0
     2453269.81            7.9            3.5
    2453286.828           -5.6            3.8
    2453324.713           10.1            5.5
    2453354.654            5.9            3.8
    2453400.642            4.7            7.5
    2453550.983            2.5            4.4
    2453578.964           -4.0            4.6
    2453613.923           -0.6            4.2
    2453654.771            3.0            4.1
    2453701.724            4.4            4.6
    2453740.745            5.9            4.7
    2453911.993            0.2            3.6
    2453917.013            1.1            3.9
    2453934.974            4.4            3.9
    2453968.925           -0.3            3.2
    2453981.851            4.1            3.8
    2453985.899           10.9            4.0
    2454055.755            6.9            3.9
    2454297.975            5.1            4.1
    2454300.974            8.3            4.0
    2454314.939            8.6            3.6
    2454318.981            5.8            4.2
    2454344.859            6.5            4.3
    2454348.917           -0.3            4.0
    2454391.887           10.1            5.4
    2454394.775            2.4            4.2
    2454418.777            0.5            4.5
    2454420.763           -5.3            4.2
    2454440.653            7.0            3.4
    2454443.651           -4.3            3.6
    2454481.638            7.1            3.9
    2454503.651           11.0            4.3
    2454645.984            8.3            4.5
    2454646.968            4.1            4.2
    2454668.009            4.2            3.7
    2454681.904           -0.9            3.8
     2454683.97            7.7            3.8
    2454711.893            4.7            4.1
    2454713.873            5.2            4.2
    2454715.882            5.9            4.6
    2454716.875            1.5            4.1
    2454753.885            7.8            3.6
     2454755.85            7.2            3.8
    2454777.733           -3.3            4.1
    2454806.796           14.0            5.5
     2454808.77            6.0            4.3
    2454809.763            5.2            6.1
    2455026.973            5.9            5.7
    2455063.965           12.3            5.0
    2455099.996            3.1            4.9
    2455116.856            8.0            6.8
    2455154.739           12.0            7.6
    2455174.788            4.0            5.8
    2455364.972            8.7            5.0
    2455419.012            9.2            4.7
    2455446.847            6.8            3.6
    2455446.856            6.5            3.1
    2455463.833            0.6            5.2
    2455466.842            7.2            4.8
    2455569.653            8.3            4.1
    2455571.713            9.3            4.6
    2455572.671            7.1            4.8
    2455621.621           -0.3            4.6
    2455757.974            4.7            5.0
    2455803.919            7.2            4.3
    2455806.936           -4.9            4.3
    2455828.781            5.3            4.2
    2455831.849            8.2            5.1
    2455861.842            7.9            4.2
    2455864.796            4.1            4.4
    2455892.745           -1.3            4.9
