    2451745.994           -2.9            4.3
    2451778.895           -8.9            3.7
    2451808.867           -5.3            3.6
    2451853.766            1.3            4.1
    2451856.801            5.8            4.6
    2451898.637           10.6            8.0
    2451932.609           10.2            3.9
    2452163.861            8.0            4.9
    2452175.851          -12.1            4.0
    2452307.598            2.0            4.5
    2452465.989           -5.4            5.3
    2452483.985           -8.5            5.0
    2452494.987            1.1            5.0
    2452517.936            4.7            5.2
     2452528.91           10.4            5.2
     2452530.91            1.8            4.5
    2452541.904           -0.0            4.5
    2452543.883           10.8            5.0
    2452559.914           15.6            6.4
    2452561.795           14.4            8.4
    2452571.791           -9.8            5.0
     2452589.81           -1.7            5.7
    2452603.782            9.7            4.9
    2452605.724           -1.0            4.8
    2452616.772            7.6            5.9
    2452665.604           16.7            4.2
    2452668.611           13.5            5.3
    2452837.972           12.9            5.4
    2452861.963           -4.8            4.1
    2452863.985           -5.6            5.2
    2452879.918          -22.0            4.2
    2452880.947           -2.4            5.0
    2452898.911           -9.6            4.7
    2452900.928            1.6            4.8
    2452932.839            9.2            4.3
    2452934.804           -5.3            4.6
    2452963.753           -4.5            5.2
    2452965.809           11.7            5.4
     2453022.63           -4.9            5.6
     2453208.01           -3.6            3.8
    2453209.978          -13.8            3.7
    2453214.961           10.1            4.2
    2453231.961           -4.1            4.0
    2453233.909           13.8            3.9
     2453235.96            7.7            4.2
    2453265.899           12.8            3.8
    2453268.919            6.4            4.0
     2453269.81           24.5            3.5
    2453286.828            2.9            3.8
    2453324.713           23.1            5.5
    2453354.654           23.1            3.8
    2453400.642           -8.4            7.5
    2453550.983           -5.8            4.4
    2453578.964            4.4            4.6
    2453613.923           15.9            4.2
    2453654.771           10.3            4.1
    2453701.724            5.4            4.6
    2453740.745            3.5            4.7
    2453911.993            2.0            3.6
    2453917.013           -8.2            3.9
    2453934.974          -14.2            3.9
    2453968.925          -13.3            3.2
    2453981.851            4.6            3.8
    2453985.899            3.0            4.0
    2454055.755           -5.9            3.9
    2454297.975          -10.8            4.1
    2454300.974           -1.0            4.0
    2454314.939            8.4            3.6
    2454318.981           15.5            4.2
    2454344.859            2.5            4.3
    2454348.917            3.1            4.0
    2454391.887           17.5            5.4
    2454394.775           10.2            4.2
    2454418.777           -2.1            4.5
    2454420.763           20.3            4.2
    2454440.653            4.8            3.4
    2454443.651           10.6            3.6
    2454481.638          -13.5            3.9
    2454503.651           -3.2            4.3
    2454645.984           -0.1            4.5
    2454646.968            9.7            4.2
    2454668.009           -0.8            3.7
    2454681.904           11.6            3.8
     2454683.97           12.0            3.8
    2454711.893           -0.3            4.1
    2454713.873           16.8            4.2
    2454715.882            3.2            4.6
    2454716.875            6.0            4.1
    2454753.885            7.9            3.6
     2454755.85           -0.3            3.8
    2454777.733           -9.8            4.1
    2454806.796           12.4            5.5
     2454808.77          -15.5            4.3
    2454809.763            5.6            6.1
    2455026.973           -0.2            5.7
    2455063.965           -1.1            5.0
    2455099.996           14.3            4.9
    2455116.856            8.9            6.8
    2455154.739            9.0            7.6
    2455174.788          -10.9            5.8
    2455364.972           -5.8            5.0
    2455419.012           18.3            4.7
    2455446.847            3.3            3.6
    2455446.856            2.5            3.1
    2455463.833          -10.5            5.2
    2455466.842           -8.0            4.8
    2455569.653           -4.5            4.1
    2455571.713            3.4            4.6
    2455572.671           12.7            4.8
    2455621.621           -5.8            4.6
    2455757.974           10.3            5.0
    2455803.919           11.0            4.3
    2455806.936            9.7            4.3
    2455828.781            6.4            4.2
    2455831.849           17.1            5.1
    2455861.842            5.6            4.2
    2455864.796            8.9            4.4
    2455892.745          -13.5            4.9
