    2451745.994           -9.6            4.3
    2451778.895            4.4            3.7
    2451808.867            3.3            3.6
    2451853.766            0.9            4.1
    2451856.801           28.0            4.6
    2451898.637           10.7            8.0
    2451932.609           -1.8            3.9
    2452163.861           -7.4            4.9
    2452175.851            1.1            4.0
    2452307.598            7.8            4.5
    2452465.989           17.5            5.3
    2452483.985          -18.2            5.0
    2452494.987            4.4            5.0
    2452517.936            7.3            5.2
     2452528.91           13.7            5.2
     2452530.91           -5.7            4.5
    2452541.904           -3.2            4.5
    2452543.883          -15.1            5.0
    2452559.914           15.7            6.4
    2452561.795           11.8            8.4
    2452571.791           -8.2            5.0
     2452589.81          -20.0            5.7
    2452603.782           19.9            4.9
    2452605.724           18.7            4.8
    2452616.772           -1.5            5.9
    2452665.604           13.8            4.2
    2452668.611          -12.0            5.3
    2452837.972           17.8            5.4
    2452861.963           13.0            4.1
    2452863.985           -2.9            5.2
    2452879.918           13.6            4.2
    2452880.947          -13.5            5.0
    2452898.911           -9.0            4.7
    2452900.928           -5.4            4.8
    2452932.839           12.3            4.3
    2452934.804           21.6            4.6
    2452963.753            4.8            5.2
    2452965.809            9.3            5.4
     2453022.63           28.2            5.6
     2453208.01           -3.8            3.8
    2453209.978           -2.5            3.7
    2453214.961           25.3            4.2
    2453231.961          -16.2            4.0
    2453233.909          -17.7            3.9
     2453235.96           -3.7            4.2
    2453265.899           19.6            3.8
    2453268.919           -0.6            4.0
     2453269.81           30.9            3.5
    2453286.828          -17.8            3.8
    2453324.713           29.3            5.5
    2453354.654          -14.4            3.8
    2453400.642           -6.0            7.5
    2453550.983            1.8            4.4
    2453578.964           21.2            4.6
    2453613.923           16.9            4.2
    2453654.771          -22.0            4.1
    2453701.724           10.9            4.6
    2453740.745          -12.9            4.7
    2453911.993           29.2            3.6
    2453917.013           -3.6            3.9
    2453934.974          -13.2            3.9
    2453968.925            9.1            3.2
    2453981.851           11.7            3.8
    2453985.899            5.5            4.0
    2454055.755          -22.0            3.9
    2454297.975           16.0            4.1
    2454300.974           -3.8            4.0
    2454314.939            9.0            3.6
    2454318.981          -12.4            4.2
    2454344.859          -22.7            4.3
    2454348.917           -4.4            4.0
    2454391.887            8.4            5.4
    2454394.775           10.1            4.2
    2454418.777           17.4            4.5
    2454420.763           22.2            4.2
    2454440.653           27.0            3.4
    2454443.651          -16.5            3.6
    2454481.638            0.8            3.9
    2454503.651          -14.1            4.3
    2454645.984           19.8            4.5
    2454646.968           -2.0            4.2
    2454668.009           16.4            3.7
    2454681.904            7.8            3.8
     2454683.97            8.8            3.8
    2454711.893           13.1            4.1
    2454713.873           12.9            4.2
    2454715.882            0.8            4.6
    2454716.875            3.6            4.1
    2454753.885           25.8            3.6
     2454755.85           25.7            3.8
    2454777.733           16.1            4.1
    2454806.796           25.3            5.5
     2454808.77           32.4            4.3
    2454809.763           -0.8            6.1
    2455026.973            6.7            5.7
    2455063.965          -17.5            5.0
    2455099.996           13.4            4.9
    2455116.856           -6.0            6.8
    2455154.739           26.8            7.6
    2455174.788           20.0            5.8
    2455364.972           28.9            5.0
    2455419.012           -7.5            4.7
    2455446.847            0.7            3.6
    2455446.856            0.7            3.1
    2455463.833           20.7            5.2
    2455466.842          -16.0            4.8
    2455569.653            4.2            4.1
    2455571.713           19.9            4.6
    2455572.671          -15.3            4.8
    2455621.621           -4.2            4.6
    2455757.974            3.9            5.0
    2455803.919            8.4            4.3
    2455806.936          -20.0            4.3
    2455828.781          -16.6            4.2
    2455831.849           21.3            5.1
    2455861.842          -25.0            4.2
    2455864.796           18.3            4.4
    2455892.745           -4.7            4.9
