    2451745.994           -8.8            4.3
    2451778.895            4.8            3.7
    2451808.867           -4.2            3.6
    2451853.766           13.5            4.1
    2451856.801           -1.5            4.6
    2451898.637           15.8            8.0
    2451932.609          -10.0            3.9
    2452163.861            1.9            4.9
    2452175.851           10.3            4.0
    2452307.598          -11.9            4.5
    2452465.989           -1.3            5.3
    2452483.985            6.1            5.0
    2452494.987           20.1            5.0
    2452517.936            3.5            5.2
     2452528.91           -6.7            5.2
     2452530.91           10.8            4.5
    2452541.904           -5.2            4.5
    2452543.883           17.9            5.0
    2452559.914           -4.6            6.4
    2452561.795           20.2            8.4
    2452571.791           -9.0            5.0
     2452589.81           -1.1            5.7
    2452603.782            0.2            4.9
    2452605.724           20.5            4.8
    2452616.772            2.2            5.9
    2452665.604           -3.9            4.2
    2452668.611           16.3            5.3
    2452837.972            8.1            5.4
    2452861.963           -3.4            4.1
    2452863.985           18.7            5.2
    2452879.918           -8.8            4.2
    2452880.947           -0.8            5.0
    2452898.911           -6.5            4.7
    2452900.928           13.6            4.8
    2452932.839           16.0            4.3
    2452934.804           -3.4            4.6
    2452963.753           16.1            5.2
    2452965.809           -0.8            5.4
     2453022.63           -5.6            5.6
     2453208.01           15.0            3.8
    2453209.978           12.7            3.7
    2453214.961           17.7            4.2
    2453231.961            3.5            4.0
    2453233.909           14.1            3.9
     2453235.96           -3.8            4.2
    2453265.899            7.7            3.8
    2453268.919           -4.4            4.0
     2453269.81           16.7            3.5
    2453286.828           -8.4            3.8
    2453324.713            7.9            5.5
    2453354.654           -3.7            3.8
    2453400.642           20.9            7.5
    2453550.983           -5.8            4.4
    2453578.964           14.1            4.6
    2453613.923            3.6            4.2
    2453654.771           -6.3            4.1
    2453701.724           17.7            4.6
    2453740.745           11.8            4.7
    2453911.993            2.8            3.6
    2453917.013           13.3            3.9
    2453934.974           16.1            3.9
    2453968.925           -6.2            3.2
    2453981.851           -9.6            3.8
    2453985.899            9.5            4.0
    2454055.755           -5.7            3.9
    2454297.975           17.1            4.1
    2454300.974           -4.4            4.0
    2454314.939           -2.7            3.6
    2454318.981            3.5            4.2
    2454344.859           -9.8            4.3
    2454348.917           16.5            4.0
    2454391.887           15.1            5.4
    2454394.775           -6.9            4.2
    2454418.777           -6.8            4.5
    2454420.763           -0.3            4.2
    2454440.653           15.2            3.4
    2454443.651           -9.0            3.6
    2454481.638           -8.2            3.9
    2454503.651           14.5            4.3
    2454645.984           -4.8            4.5
    2454646.968           -3.6            4.2
    2454668.009           17.1            3.7
    2454681.904            6.0            3.8
     2454683.97           -4.4            3.8
    2454711.893           10.1            4.1
    2454713.873          -10.2            4.2
    2454715.882            0.6            4.6
    2454716.875           12.2            4.1
    2454753.885            2.9            3.6
     2454755.85            9.7            3.8
    2454777.733            7.1            4.1
    2454806.796           -2.0            5.5
     2454808.77           -1.1            4.3
    2454809.763            9.5            6.1
    2455026.973            0.8            5.7
    2455063.965           11.0            5.0
    2455099.996           15.2            4.9
    2455116.856           11.6            6.8
    2455154.739           21.5            7.6
    2455174.788           18.9            5.8
    2455364.972            4.2            5.0
    2455419.012           11.9            4.7
    2455446.847          -10.1            3.6
    2455446.856          -10.5            3.1
    2455463.833           10.3            5.2
    2455466.842           -5.4            4.8
    2455569.653            3.6            4.1
    2455571.713           -6.4            4.6
    2455572.671            3.0            4.8
    2455621.621           -3.6            4.6
    2455757.974           16.2            5.0
    2455803.919          -10.6            4.3
    2455806.936           11.8            4.3
    2455828.781           -9.0            4.2
    2455831.849           19.5            5.1
    2455861.842            2.0            4.2
    2455864.796            7.2            4.4
    2455892.745            2.8            4.9
