    2451745.994            2.4            4.3
    2451778.895            1.5            3.7
    2451808.867            9.1            3.6
    2451853.766            3.4            4.1
    2451856.801            5.7            4.6
    2451898.637            6.7            8.0
    2451932.609            3.3            3.9
    2452163.861            2.7            4.9
    2452175.851            1.6            4.0
    2452307.598            6.7            4.5
    2452465.989            8.9            5.3
    2452483.985           -0.6            5.0
    2452494.987            8.3            5.0
    2452517.936            3.2            5.2
     2452528.91            6.2            5.2
     2452530.91            8.3            4.5
    2452541.904            2.1            4.5
    2452543.883           -0.2            5.0
    2452559.914            6.7            6.4
    2452561.795           11.6            8.4
    2452571.791            2.4            5.0
     2452589.81            6.9            5.7
    2452603.782            3.1            4.9
    2452605.724            2.7            4.8
    2452616.772            9.2            5.9
    2452665.604            3.5            4.2
    2452668.611            8.0            5.3
    2452837.972            3.2            5.4
    2452861.963            4.5            4.1
    2452863.985            2.7            5.2
    2452879.918            5.9            4.2
    2452880.947            3.6            5.0
    2452898.911            4.3            4.7
    2452900.928            5.6            4.8
    2452932.839            1.7            4.3
    2452934.804            6.8            4.6
    2452963.753            5.9            5.2
    2452965.809            9.8            5.4
     2453022.63           11.0            5.6
     2453208.01           -0.7            3.8
    2453209.978            2.8            3.7
    2453214.961            4.2            4.2
    2453231.961           -2.0            4.0
    2453233.909            0.8            3.9
     2453235.96            5.1            4.2
    2453265.899            3.1            3.8
    2453268.919            9.4            4.0
     2453269.81            4.3            3.5
    2453286.828           -2.0            3.8
    2453324.713            6.8            5.5
    2453354.654            8.1            3.8
    2453400.642            9.3            7.5
    2453550.983            9.7            4.4
    2453578.964            4.8            4.6
    2453613.923            0.7            4.2
    2453654.771            3.4            4.1
    2453701.724            5.7            4.6
    2453740.745            5.0            4.7
    2453911.993            7.4            3.6
    2453917.013            4.1            3.9
    2453934.974            4.2            3.9
    2453968.925            4.4            3.2
    2453981.851            3.9            3.8
    2453985.899            9.5            4.0
    2454055.755            3.0            3.9
    2454297.975            1.0            4.1
    2454300.974            3.2            4.0
    2454314.939            2.6            3.6
    2454318.981            5.6            4.2
    2454344.859            8.9            4.3
    2454348.917            8.1            4.0
    2454391.887            5.0            5.4
    2454394.775            7.5            4.2
    2454418.777            5.6            4.5
    2454420.763            5.9            4.2
    2454440.653            1.8            3.4
    2454443.651           -2.5            3.6
    2454481.638            3.7            3.9
    2454503.651            0.3            4.3
    2454645.984            8.5            4.5
    2454646.968            3.0            4.2
    2454668.009            0.2            3.7
    2454681.904            7.0            3.8
     2454683.97            7.4            3.8
    2454711.893            3.3            4.1
    2454713.873           -0.3            4.2
    2454715.882            0.0            4.6
    2454716.875            2.6            4.1
    2454753.885            3.3            3.6
     2454755.85            8.0            3.8
    2454777.733            2.2            4.1
    2454806.796            1.6            5.5
     2454808.77            4.7            4.3
    2454809.763            5.1            6.1
    2455026.973            1.2            5.7
    2455063.965           11.1            5.0
    2455099.996            6.4            4.9
    2455116.856           11.3            6.8
    2455154.739           10.0            7.6
    2455174.788            5.7            5.8
    2455364.972           10.9            5.0
    2455419.012            3.9            4.7
    2455446.847            6.5            3.6
    2455446.856            5.9            3.1
    2455463.833            1.0            5.2
    2455466.842            0.2            4.8
    2455569.653           -0.5            4.1
    2455571.713           -1.3            4.6
    2455572.671            4.5            4.8
    2455621.621            2.5            4.6
    2455757.974            3.0            5.0
    2455803.919            3.7            4.3
    2455806.936            9.6            4.3
    2455828.781            8.0            4.2
    2455831.849            5.8            5.1
    2455861.842            9.0            4.2
    2455864.796            9.6            4.4
    2455892.745            8.0            4.9
