    2451745.994            2.4            4.3
    2451778.895            4.1            3.7
    2451808.867            2.1            3.6
    2451853.766            1.3            4.1
    2451856.801            5.9            4.6
    2451898.637           11.7            8.0
    2451932.609            5.2            3.9
    2452163.861           10.6            4.9
    2452175.851            4.0            4.0
    2452307.598            7.3            4.5
    2452465.989            3.0            5.3
    2452483.985            2.3            5.0
    2452494.987            1.8            5.0
    2452517.936            5.1            5.2
     2452528.91           -0.6            5.2
     2452530.91            8.0            4.5
    2452541.904           10.5            4.5
    2452543.883            5.6            5.0
    2452559.914            4.6            6.4
    2452561.795           11.8            8.4
    2452571.791            0.5            5.0
     2452589.81            1.0            5.7
    2452603.782           10.0            4.9
    2452605.724            7.9            4.8
    2452616.772            2.4            5.9
    2452665.604            6.8            4.2
    2452668.611            3.4            5.3
    2452837.972            0.2            5.4
    2452861.963            4.3            4.1
    2452863.985           -1.8            5.2
    2452879.918            5.5            4.2
    2452880.947            1.0            5.0
    2452898.911            3.4            4.7
    2452900.928           -0.4            4.8
    2452932.839            0.5            4.3
    2452934.804           -2.9            4.6
    2452963.753            2.2            5.2
    2452965.809            6.8            5.4
     2453022.63            5.1            5.6
     2453208.01            5.0            3.8
    2453209.978            4.4            3.7
    2453214.961           -0.3            4.2
    2453231.961           -2.8            4.0
    2453233.909           -0.6            3.9
     2453235.96            0.7            4.2
    2453265.899            3.0            3.8
    2453268.919           -3.6            4.0
     2453269.81           -6.1            3.5
    2453286.828           -0.8            3.8
    2453324.713           11.4            5.5
    2453354.654            4.4            3.8
    2453400.642            2.0            7.5
    2453550.983            3.1            4.4
    2453578.964           -1.0            4.6
    2453613.923            4.6            4.2
    2453654.771            4.1            4.1
    2453701.724            1.8            4.6
    2453740.745            7.0            4.7
    2453911.993            4.9            3.6
    2453917.013            5.5            3.9
    2453934.974            9.1            3.9
    2453968.925           13.0            3.2
    2453981.851           -2.3            3.8
    2453985.899           10.4            4.0
    2454055.755            1.8            3.9
    2454297.975            3.1            4.1
    2454300.974            8.1            4.0
    2454314.939            6.4            3.6
    2454318.981            3.0            4.2
    2454344.859            4.1            4.3
    2454348.917            7.0            4.0
    2454391.887            9.9            5.4
    2454394.775            2.9            4.2
    2454418.777            7.4            4.5
    2454420.763            4.8            4.2
    2454440.653            4.8            3.4
    2454443.651           11.3            3.6
    2454481.638            5.2            3.9
    2454503.651            8.1            4.3
    2454645.984            5.7            4.5
    2454646.968            8.4            4.2
    2454668.009           -5.4            3.7
    2454681.904            6.1            3.8
     2454683.97            6.3            3.8
    2454711.893            0.7            4.1
    2454713.873           -0.9            4.2
    2454715.882            9.8            4.6
    2454716.875            3.7            4.1
    2454753.885            0.7            3.6
     2454755.85            6.4            3.8
    2454777.733           10.0            4.1
    2454806.796            5.1            5.5
     2454808.77           -2.9            4.3
    2454809.763            5.9            6.1
    2455026.973            7.6            5.7
    2455063.965            6.7            5.0
    2455099.996            1.5            4.9
    2455116.856           -2.6            6.8
    2455154.739            5.9            7.6
    2455174.788            6.8            5.8
    2455364.972           10.5            5.0
    2455419.012            8.3            4.7
    2455446.847            7.7            3.6
    2455446.856            7.2            3.1
    2455463.833            6.7            5.2
    2455466.842            5.0            4.8
    2455569.653           10.0            4.1
    2455571.713            6.4            4.6
    2455572.671            6.7            4.8
    2455621.621            7.9            4.6
    2455757.974           -0.6            5.0
    2455803.919           -5.2            4.3
    2455806.936            4.4            4.3
    2455828.781           -1.4            4.2
    2455831.849            0.2            5.1
    2455861.842            8.2            4.2
    2455864.796            4.4            4.4
    2455892.745            2.0            4.9
