    2451745.994            5.6            4.3
    2451778.895           -7.4            3.7
    2451808.867           18.3            3.6
    2451853.766           16.1            4.1
    2451856.801           -9.7            4.6
    2451898.637            4.0            8.0
    2451932.609           17.3            3.9
    2452163.861           -4.8            4.9
    2452175.851           -0.9            4.0
    2452307.598            3.1            4.5
    2452465.989          -12.0            5.3
    2452483.985           20.0            5.0
    2452494.987            7.8            5.0
    2452517.936           -8.2            5.2
     2452528.91           12.7            5.2
     2452530.91            1.2            4.5
    2452541.904           12.7            4.5
    2452543.883            3.4            5.0
    2452559.914           -4.6            6.4
    2452561.795           10.7            8.4
    2452571.791           -8.4            5.0
     2452589.81            2.9            5.7
    2452603.782           12.5            4.9
    2452605.724            3.7            4.8
    2452616.772            7.9            5.9
    2452665.604            1.8            4.2
    2452668.611           -3.3            5.3
    2452837.972            1.8            5.4
    2452861.963           11.5            4.1
    2452863.985           13.5            5.2
    2452879.918           -1.8            4.2
    2452880.947          -10.7            5.0
    2452898.911           11.0            4.7
    2452900.928            4.4            4.8
    2452932.839          -14.7            4.3
    2452934.804          -16.6            4.6
    2452963.753            2.4            5.2
    2452965.809           12.7            5.4
     2453022.63           10.7            5.6
     2453208.01          -18.1            3.8
    2453209.978          -11.3            3.7
    2453214.961            1.8            4.2
    2453231.961           14.0            4.0
    2453233.909            5.0            3.9
     2453235.96           -2.1            4.2
    2453265.899            5.4            3.8
    2453268.919            2.5            4.0
     2453269.81           10.4            3.5
    2453286.828            5.2            3.8
    2453324.713            7.6            5.5
    2453354.654           14.3            3.8
    2453400.642           -6.6            7.5
    2453550.983            1.4            4.4
    2453578.964           16.6            4.6
    2453613.923           14.8            4.2
    2453654.771           19.5            4.1
    2453701.724            4.3            4.6
    2453740.745            6.1            4.7
    2453911.993           -4.1            3.6
    2453917.013           14.4            3.9
    2453934.974           13.1            3.9
    2453968.925            5.2            3.2
    2453981.851            4.8            3.8
    2453985.899            0.8            4.0
    2454055.755           20.6            3.9
    2454297.975           -1.6            4.1
    2454300.974           -3.8            4.0
    2454314.939           -4.9            3.6
    2454318.981            3.3            4.2
    2454344.859           16.2            4.3
    2454348.917            8.1            4.0
    2454391.887           -1.2            5.4
    2454394.775            0.1            4.2
    2454418.777            6.1            4.5
    2454420.763            5.2            4.2
    2454440.653           -2.3            3.4
    2454443.651           14.5            3.6
    2454481.638           11.0            3.9
    2454503.651            7.2            4.3
    2454645.984           -9.3            4.5
    2454646.968           -3.4            4.2
    2454668.009            4.8            3.7
    2454681.904            3.8            3.8
     2454683.97           -0.5            3.8
    2454711.893           -1.2            4.1
    2454713.873          -11.0            4.2
    2454715.882            2.3            4.6
    2454716.875           20.1            4.1
    2454753.885          -13.6            3.6
     2454755.85            1.5            3.8
    2454777.733            2.6            4.1
    2454806.796           -5.6            5.5
     2454808.77            5.6            4.3
    2454809.763            5.8            6.1
    2455026.973           -9.1            5.7
    2455063.965           17.8            5.0
    2455099.996           17.1            4.9
    2455116.856            1.9            6.8
    2455154.739          -11.1            7.6
    2455174.788            3.9            5.8
    2455364.972           -4.5            5.0
    2455419.012            7.1            4.7
    2455446.847           17.0            3.6
    2455446.856           17.0            3.1
    2455463.833            3.8            5.2
    2455466.842            7.7            4.8
    2455569.653            1.6            4.1
    2455571.713            4.9            4.6
    2455572.671           16.1            4.8
    2455621.621            3.0            4.6
    2455757.974            0.9            5.0
    2455803.919           -6.7            4.3
    2455806.936           13.6            4.3
    2455828.781          -10.1            4.2
    2455831.849           -3.9            5.1
    2455861.842           21.7            4.2
    2455864.796            0.9            4.4
    2455892.745           14.1            4.9
