    2451745.994            2.0            4.3
    2451778.895           11.9            3.7
    2451808.867            3.9            3.6
    2451853.766            7.4            4.1
    2451856.801           23.9            4.6
    2451898.637           15.7            8.0
    2451932.609           14.7            3.9
    2452163.861           20.8            4.9
    2452175.851           15.2            4.0
    2452307.598           21.4            4.5
    2452465.989            2.1            5.3
    2452483.985           -9.1            5.0
    2452494.987          -11.0            5.0
    2452517.936            5.7            5.2
     2452528.91            8.2            5.2
     2452530.91           17.4            4.5
    2452541.904           17.5            4.5
    2452543.883           21.7            5.0
    2452559.914            8.3            6.4
    2452561.795           22.4            8.4
    2452571.791           11.2            5.0
     2452589.81           17.8            5.7
    2452603.782           17.2            4.9
    2452605.724           10.8            4.8
    2452616.772           13.1            5.9
    2452665.604           26.2            4.2
    2452668.611           29.3            5.3
    2452837.972           10.1            5.4
    2452861.963           -4.5            4.1
    2452863.985          -12.5            5.2
    2452879.918           11.8            4.2
    2452880.947            8.5            5.0
    2452898.911           -3.3            4.7
    2452900.928            9.2            4.8
    2452932.839           11.2            4.3
    2452934.804           19.4            4.6
    2452963.753           14.2            5.2
    2452965.809            8.4            5.4
     2453022.63           16.6            5.6
     2453208.01            4.4            3.8
    2453209.978            1.7            3.7
    2453214.961            2.6            4.2
    2453231.961            6.7            4.0
    2453233.909            7.0            3.9
     2453235.96            4.5            4.2
    2453265.899           -1.6            3.8
    2453268.919           -1.9            4.0
     2453269.81           10.8            3.5
    2453286.828           17.7            3.8
    2453324.713           22.3            5.5
    2453354.654           16.1            3.8
    2453400.642           14.8            7.5
    2453550.983           -6.1            4.4
    2453578.964            9.8            4.6
    2453613.923           14.1            4.2
    2453654.771           20.3            4.1
    2453701.724           22.5            4.6
    2453740.745           12.3            4.7
    2453911.993            5.3            3.6
    2453917.013            1.5            3.9
    2453934.974            8.4            3.9
    2453968.925            4.8            3.2
    2453981.851           15.8            3.8
    2453985.899            5.2            4.0
    2454055.755           14.6            3.9
    2454297.975            0.3            4.1
    2454300.974           -5.2            4.0
    2454314.939            6.0            3.6
    2454318.981           11.3            4.2
    2454344.859            1.1            4.3
    2454348.917           -2.4            4.0
    2454391.887           15.4            5.4
    2454394.775           27.1            4.2
    2454418.777           27.2            4.5
    2454420.763           25.5            4.2
    2454440.653           28.9            3.4
    2454443.651           18.9            3.6
    2454481.638           11.6            3.9
    2454503.651            9.3            4.3
    2454645.984            3.0            4.5
    2454646.968           -4.9            4.2
    2454668.009            5.5            3.7
    2454681.904            9.4            3.8
     2454683.97            1.8            3.8
    2454711.893           10.7            4.1
    2454713.873            8.0            4.2
    2454715.882           -4.1            4.6
    2454716.875            8.4            4.1
    2454753.885           10.6            3.6
     2454755.85           19.2            3.8
    2454777.733           21.3            4.1
    2454806.796            9.1            5.5
     2454808.77            8.0            4.3
    2454809.763           25.0            6.1
    2455026.973            2.0            5.7
    2455063.965            6.6            5.0
    2455099.996          -10.1            4.9
    2455116.856           21.1            6.8
    2455154.739           21.6            7.6
    2455174.788           22.9            5.8
    2455364.972            6.4            5.0
    2455419.012            2.2            4.7
    2455446.847           10.2            3.6
    2455446.856            8.9            3.1
    2455463.833           30.6            5.2
    2455466.842           12.2            4.8
    2455569.653           14.7            4.1
    2455571.713           18.4            4.6
    2455572.671           21.2            4.8
    2455621.621           21.5            4.6
    2455757.974           10.8            5.0
    2455803.919            7.8            4.3
    2455806.936            1.9            4.3
    2455828.781           19.1            4.2
    2455831.849           16.0            5.1
    2455861.842           11.6            4.2
    2455864.796           10.1            4.4
    2455892.745           23.3            4.9
