    2451745.994           20.5            4.3
    2451778.895            6.1            3.7
    2451808.867          -15.0            3.6
    2451853.766            2.2            4.1
    2451856.801            6.0            4.6
    2451898.637            7.8            8.0
    2451932.609           17.1            3.9
    2452163.861           13.8            4.9
    2452175.851          -19.2            4.0
    2452307.598           20.8            4.5
    2452465.989            8.2            5.3
    2452483.985            0.3            5.0
    2452494.987            1.0            5.0
    2452517.936           18.4            5.2
     2452528.91           -8.6            5.2
     2452530.91           16.2            4.5
    2452541.904            3.2            4.5
    2452543.883            3.5            5.0
    2452559.914           28.9            6.4
    2452561.795            1.9            8.4
    2452571.791           -8.5            5.0
     2452589.81            5.3            5.7
    2452603.782           -8.6            4.9
    2452605.724           19.9            4.8
    2452616.772           -2.6            5.9
    2452665.604            0.4            4.2
    2452668.611            0.6            5.3
    2452837.972            5.9            5.4
    2452861.963           -4.3            4.1
    2452863.985           -5.4            5.2
    2452879.918           10.4            4.2
    2452880.947            2.9            5.0
    2452898.911            5.9            4.7
    2452900.928            3.3            4.8
    2452932.839           11.6            4.3
    2452934.804           13.9            4.6
    2452963.753           10.4            5.2
    2452965.809          -10.7            5.4
     2453022.63           14.6            5.6
     2453208.01          -14.8            3.8
    2453209.978            3.7            3.7
    2453214.961           21.8            4.2
    2453231.961          -12.0            4.0
    2453233.909            2.4            3.9
     2453235.96           -1.1            4.2
    2453265.899            6.1            3.8
    2453268.919           -8.0            4.0
     2453269.81           14.3            3.5
    2453286.828            3.5            3.8
    2453324.713          -16.8            5.5
    2453354.654           12.5            3.8
    2453400.642           21.2            7.5
    2453550.983            3.0            4.4
    2453578.964           16.6            4.6
    2453613.923            6.0            4.2
    2453654.771          -18.9            4.1
    2453701.724            4.1            4.6
    2453740.745           18.0            4.7
    2453911.993           14.4            3.6
    2453917.013           18.1            3.9
    2453934.974            8.3            3.9
    2453968.925            5.6            3.2
    2453981.851            3.4            3.8
    2453985.899           14.9            4.0
    2454055.755           -0.9            3.9
    2454297.975            1.9            4.1
    2454300.974          -14.1            4.0
    2454314.939           -8.0            3.6
    2454318.981           -4.4            4.2
    2454344.859           26.9            4.3
    2454348.917           -4.4            4.0
    2454391.887           -2.9            5.4
    2454394.775           -5.2            4.2
    2454418.777            8.2            4.5
    2454420.763           -7.4            4.2
    2454440.653           10.5            3.4
    2454443.651           15.2            3.6
    2454481.638          -11.2            3.9
    2454503.651            2.6            4.3
    2454645.984            4.1            4.5
    2454646.968           -2.1            4.2
    2454668.009          -18.0            3.7
    2454681.904          -14.9            3.8
     2454683.97           -8.2            3.8
    2454711.893           19.5            4.1
    2454713.873           -1.0            4.2
    2454715.882           -2.7            4.6
    2454716.875           20.2            4.1
    2454753.885            4.0            3.6
     2454755.85          -14.1            3.8
    2454777.733           11.2            4.1
    2454806.796           -7.1            5.5
     2454808.77           -9.7            4.3
    2454809.763            7.5            6.1
    2455026.973           -8.7            5.7
    2455063.965            0.1            5.0
    2455099.996           -1.3            4.9
    2455116.856           18.0            6.8
    2455154.739            6.8            7.6
    2455174.788            8.7            5.8
    2455364.972          -13.0            5.0
    2455419.012           10.8            4.7
    2455446.847            6.9            3.6
    2455446.856            6.2            3.1
    2455463.833          -17.3            5.2
    2455466.842            1.8            4.8
    2455569.653           -6.0            4.1
    2455571.713           10.3            4.6
    2455572.671            0.8            4.8
    2455621.621            8.0            4.6
    2455757.974           11.2            5.0
    2455803.919           -7.5            4.3
    2455806.936          -12.1            4.3
    2455828.781           14.4            4.2
    2455831.849           14.0            5.1
    2455861.842           12.5            4.2
    2455864.796            0.4            4.4
    2455892.745           13.1            4.9
