    2451745.994           -4.8            4.3
    2451778.895            7.1            3.7
    2451808.867            3.7            3.6
    2451853.766           11.9            4.1
    2451856.801            7.8            4.6
    2451898.637            4.5            8.0
    2451932.609            4.9            3.9
    2452163.861            1.8            4.9
    2452175.851           -3.6            4.0
    2452307.598            9.6            4.5
    2452465.989           11.6            5.3
    2452483.985            3.5            5.0
    2452494.987           -5.1            5.0
    2452517.936           10.4            5.2
     2452528.91           10.1            5.2
     2452530.91           10.1            4.5
    2452541.904            2.0            4.5
    2452543.883            6.7            5.0
    2452559.914            2.5            6.4
    2452561.795            9.0            8.4
    2452571.791            3.0            5.0
     2452589.81            5.9            5.7
    2452603.782           11.0            4.9
    2452605.724           10.6            4.8
    2452616.772            6.6            5.9
    2452665.604           14.4            4.2
    2452668.611            8.5            5.3
    2452837.972           10.2            5.4
    2452861.963            1.7            4.1
    2452863.985            4.9            5.2
    2452879.918            2.5            4.2
    2452880.947            4.8            5.0
    2452898.911           11.4            4.7
    2452900.928           13.7            4.8
    2452932.839           -0.9            4.3
    2452934.804            4.1            4.6
    2452963.753            3.5            5.2
    2452965.809            5.8            5.4
     2453022.63            5.0            5.6
     2453208.01            1.3            3.8
    2453209.978            4.9            3.7
    2453214.961            9.4            4.2
    2453231.961           -1.1            4.0
    2453233.909            1.9            3.9
     2453235.96            4.6            4.2
    2453265.899            6.8            3.8
    2453268.919            7.8            4.0
     2453269.81            6.1            3.5
    2453286.828            2.3            3.8
    2453324.713            5.1            5.5
    2453354.654            9.4            3.8
    2453400.642            8.7            7.5
    2453550.983            7.2            4.4
    2453578.964            4.5            4.6
    2453613.923            3.2            4.2
    2453654.771            8.3            4.1
    2453701.724            2.3            4.6
    2453740.745            8.0            4.7
    2453911.993            2.3            3.6
    2453917.013           -0.6            3.9
    2453934.974            5.7            3.9
    2453968.925            7.4            3.2
    2453981.851           -3.2            3.8
    2453985.899           -0.1            4.0
    2454055.755            1.7            3.9
    2454297.975            5.1            4.1
    2454300.974            3.4            4.0
    2454314.939            0.3            3.6
    2454318.981            1.1            4.2
    2454344.859            8.7            4.3
    2454348.917            9.7            4.0
    2454391.887           10.0            5.4
    2454394.775            9.1            4.2
    2454418.777            0.8            4.5
    2454420.763            1.2            4.2
    2454440.653            3.3            3.4
    2454443.651            7.2            3.6
    2454481.638           10.7            3.9
    2454503.651            3.1            4.3
    2454645.984            0.2            4.5
    2454646.968           -1.7            4.2
    2454668.009            4.8            3.7
    2454681.904           11.3            3.8
     2454683.97            7.4            3.8
    2454711.893            3.1            4.1
    2454713.873            6.8            4.2
    2454715.882            5.5            4.6
    2454716.875            4.6            4.1
    2454753.885            0.5            3.6
     2454755.85            1.8            3.8
    2454777.733           10.7            4.1
    2454806.796            1.9            5.5
     2454808.77            2.7            4.3
    2454809.763            5.3            6.1
    2455026.973           -0.9            5.7
    2455063.965            4.5            5.0
    2455099.996            6.6            4.9
    2455116.856            5.7            6.8
    2455154.739           12.9            7.6
    2455174.788            7.3            5.8
    2455364.972            5.5            5.0
    2455419.012            7.6            4.7
    2455446.847           -1.1            3.6
    2455446.856           -1.6            3.1
    2455463.833            6.2            5.2
    2455466.842            4.2            4.8
    2455569.653            4.8            4.1
    2455571.713            8.9            4.6
    2455572.671            7.9            4.8
    2455621.621            0.3            4.6
    2455757.974            7.7            5.0
    2455803.919            3.7            4.3
    2455806.936            7.7            4.3
    2455828.781            9.2            4.2
    2455831.849            9.7            5.1
    2455861.842           -6.5            4.2
    2455864.796           -1.2            4.4
    2455892.745           14.0            4.9
