    2451745.994          -13.8            4.3
    2451778.895           -6.0            3.7
    2451808.867          -13.5            3.6
    2451853.766            4.1            4.1
    2451856.801            5.9            4.6
    2451898.637            3.9            8.0
    2451932.609          -15.7            3.9
    2452163.861            8.0            4.9
    2452175.851            6.5            4.0
    2452307.598          -19.7            4.5
    2452465.989          -10.3            5.3
    2452483.985           -5.8            5.0
    2452494.987           12.3            5.0
    2452517.936           -7.1            5.2
     2452528.91          -15.5            5.2
     2452530.91           13.8            4.5
    2452541.904           -0.7            4.5
    2452543.883           23.8            5.0
    2452559.914            1.3            6.4
    2452561.795           13.2            8.4
    2452571.791            3.5            5.0
     2452589.81           -1.3            5.7
    2452603.782          -10.9            4.9
    2452605.724           21.9            4.8
    2452616.772           10.0            5.9
    2452665.604          -12.2            4.2
    2452668.611           20.1            5.3
    2452837.972           16.2            5.4
    2452861.963           -1.8            4.1
    2452863.985            3.7            5.2
    2452879.918          -15.8            4.2
    2452880.947          -13.7            5.0
    2452898.911          -12.4            4.7
    2452900.928           25.7            4.8
    2452932.839           14.4            4.3
    2452934.804            4.9            4.6
    2452963.753           28.4            5.2
    2452965.809           -8.7            5.4
     2453022.63           -9.0            5.6
     2453208.01           20.3            3.8
    2453209.978            1.0            3.7
    2453214.961           16.3            4.2
    2453231.961            2.6            4.0
    2453233.909           13.6            3.9
     2453235.96            8.8            4.2
    2453265.899           10.8            3.8
    2453268.919           -4.0            4.0
     2453269.81           18.6            3.5
    2453286.828           -4.0            3.8
    2453324.713            4.6            5.5
    2453354.654            4.6            3.8
    2453400.642           30.9            7.5
    2453550.983          -10.6            4.4
    2453578.964           10.2            4.6
    2453613.923           -1.3            4.2
    2453654.771           -7.5            4.1
    2453701.724           27.9            4.6
    2453740.745           14.1            4.7
    2453911.993           14.6            3.6
    2453917.013           23.9            3.9
    2453934.974           20.3            3.9
    2453968.925           -3.0            3.2
    2453981.851          -14.8            3.8
    2453985.899           20.5            4.0
    2454055.755          -14.4            3.9
    2454297.975           20.7            4.1
    2454300.974          -15.3            4.0
    2454314.939            0.3            3.6
    2454318.981            0.9            4.2
    2454344.859          -11.4            4.3
    2454348.917           21.9            4.0
    2454391.887            7.9            5.4
    2454394.775            3.0            4.2
    2454418.777           -5.4            4.5
    2454420.763           -8.1            4.2
    2454440.653           27.8            3.4
    2454443.651          -12.2            3.6
    2454481.638          -14.6            3.9
    2454503.651           23.2            4.3
    2454645.984          -10.8            4.5
    2454646.968          -15.6            4.2
    2454668.009           27.3            3.7
    2454681.904           -2.3            3.8
     2454683.97            3.5            3.8
    2454711.893           22.4            4.1
    2454713.873            1.8            4.2
    2454715.882           -2.9            4.6
    2454716.875           13.4            4.1
    2454753.885            3.8            3.6
     2454755.85            3.2            3.8
    2454777.733           -3.5            4.1
    2454806.796           -4.6            5.5
     2454808.77            4.6            4.3
    2454809.763           19.8            6.1
    2455026.973           -3.0            5.7
    2455063.965           13.5            5.0
    2455099.996           19.7            4.9
    2455116.856           13.0            6.8
    2455154.739           21.7            7.6
    2455174.788            8.6            5.8
    2455364.972           11.2            5.0
    2455419.012            5.9            4.7
    2455446.847          -12.0            3.6
    2455446.856          -12.4            3.1
    2455463.833           10.2            5.2
    2455466.842           -0.6            4.8
    2455569.653            3.6            4.1
    2455571.713           -6.1            4.6
    2455572.671           -2.0            4.8
    2455621.621            6.9            4.6
    2455757.974           30.8            5.0
    2455803.919            2.7            4.3
    2455806.936            3.4            4.3
    2455828.781          -17.2            4.2
    2455831.849           27.5            5.1
    2455861.842            4.4            4.2
    2455864.796            8.7            4.4
    2455892.745            9.0            4.9
