    2451745.994            3.6            4.3
    2451778.895            0.2            3.7
    2451808.867            7.3            3.6
    2451853.766            9.1            4.1
    2451856.801           -3.2            4.6
    2451898.637           12.6            8.0
    2451932.609            7.6            3.9
    2452163.861           -1.9            4.9
    2452175.851          -10.0            4.0
    2452307.598           20.4            4.5
    2452465.989            2.2            5.3
    2452483.985            8.1            5.0
    2452494.987           -4.7            5.0
    2452517.936            3.4            5.2
     2452528.91            3.1            5.2
     2452530.91           -6.9            4.5
    2452541.904           -9.5            4.5
    2452543.883            5.6            5.0
    2452559.914           -5.2            6.4
    2452561.795           23.9            8.4
    2452571.791            7.1            5.0
     2452589.81          -12.6            5.7
    2452603.782            3.5            4.9
    2452605.724           22.4            4.8
    2452616.772           11.1            5.9
    2452665.604           19.5            4.2
    2452668.611            7.7            5.3
    2452837.972            5.5            5.4
    2452861.963          -11.2            4.1
    2452863.985           18.4            5.2
    2452879.918            1.3            4.2
    2452880.947            9.3            5.0
    2452898.911           17.5            4.7
    2452900.928            1.4            4.8
    2452932.839           10.6            4.3
    2452934.804            4.5            4.6
    2452963.753           15.9            5.2
    2452965.809           -8.1            5.4
     2453022.63            9.9            5.6
     2453208.01            9.5            3.8
    2453209.978           11.5            3.7
    2453214.961            7.4            4.2
    2453231.961            4.3            4.0
    2453233.909            5.2            3.9
     2453235.96            7.3            4.2
    2453265.899           16.1            3.8
    2453268.919           10.6            4.0
     2453269.81           16.0            3.5
    2453286.828            9.5            3.8
    2453324.713            5.4            5.5
    2453354.654           -0.6            3.8
    2453400.642           -3.4            7.5
    2453550.983           23.3            4.4
    2453578.964          -11.1            4.6
    2453613.923            7.3            4.2
    2453654.771            8.7            4.1
    2453701.724           18.2            4.6
    2453740.745           -8.7            4.7
    2453911.993           13.4            3.6
    2453917.013           17.3            3.9
    2453934.974           13.8            3.9
    2453968.925           10.0            3.2
    2453981.851           15.3            3.8
    2453985.899           17.3            4.0
    2454055.755            9.3            3.9
    2454297.975           -8.4            4.1
    2454300.974           18.2            4.0
    2454314.939           10.1            3.6
    2454318.981            8.1            4.2
    2454344.859           12.6            4.3
    2454348.917           14.1            4.0
    2454391.887            9.6            5.4
    2454394.775           10.6            4.2
    2454418.777           -5.0            4.5
    2454420.763           11.8            4.2
    2454440.653           -3.2            3.4
    2454443.651           14.4            3.6
    2454481.638           15.2            3.9
    2454503.651           14.1            4.3
    2454645.984           14.4            4.5
    2454646.968           12.4            4.2
    2454668.009           17.3            3.7
    2454681.904           -4.3            3.8
     2454683.97           14.8            3.8
    2454711.893           -1.9            4.1
    2454713.873           12.8            4.2
    2454715.882            5.3            4.6
    2454716.875           -3.9            4.1
    2454753.885            9.0            3.6
     2454755.85          -18.2            3.8
    2454777.733          -16.0            4.1
    2454806.796           -4.0            5.5
     2454808.77           19.2            4.3
    2454809.763           19.4            6.1
    2455026.973            9.2            5.7
    2455063.965           18.7            5.0
    2455099.996           -5.3            4.9
    2455116.856           -1.8            6.8
    2455154.739           14.7            7.6
    2455174.788           14.6            5.8
    2455364.972          -14.2            5.0
    2455419.012            2.5            4.7
    2455446.847           -2.1            3.6
    2455446.856           -1.8            3.1
    2455463.833           -4.3            5.2
    2455466.842            3.5            4.8
    2455569.653            4.3            4.1
    2455571.713            6.8            4.6
    2455572.671           18.1            4.8
    2455621.621            0.8            4.6
    2455757.974           11.9            5.0
    2455803.919           -7.4            4.3
    2455806.936           10.0            4.3
    2455828.781           10.8            4.2
    2455831.849           24.9            5.1
    2455861.842           13.3            4.2
    2455864.796            4.2            4.4
    2455892.745            5.0            4.9
