    2451745.994            2.4            4.3
    2451778.895            7.5            3.7
    2451808.867            5.7            3.6
    2451853.766           -6.8            4.1
    2451856.801            5.4            4.6
    2451898.637           11.7            8.0
    2451932.609            2.4            3.9
    2452163.861            3.8            4.9
    2452175.851            4.3            4.0
    2452307.598            7.1            4.5
    2452465.989            0.2            5.3
    2452483.985            6.4            5.0
    2452494.987            6.4            5.0
    2452517.936            7.4            5.2
     2452528.91           -0.7            5.2
     2452530.91            6.7            4.5
    2452541.904            6.0            4.5
    2452543.883            1.4            5.0
    2452559.914            7.0            6.4
    2452561.795           11.3            8.4
    2452571.791            2.0            5.0
     2452589.81            7.5            5.7
    2452603.782            0.8            4.9
    2452605.724            4.5            4.8
    2452616.772           13.2            5.9
    2452665.604            1.0            4.2
    2452668.611           -1.5            5.3
    2452837.972            2.0            5.4
    2452861.963            8.1            4.1
    2452863.985            0.7            5.2
    2452879.918           -2.3            4.2
    2452880.947            2.1            5.0
    2452898.911            7.0            4.7
    2452900.928            9.8            4.8
    2452932.839            5.5            4.3
    2452934.804           -1.1            4.6
    2452963.753           10.1            5.2
    2452965.809            0.3            5.4
     2453022.63            6.0            5.6
     2453208.01            4.4            3.8
    2453209.978            6.2            3.7
    2453214.961            6.3            4.2
    2453231.961            6.0            4.0
    2453233.909            9.6            3.9
     2453235.96            8.1            4.2
    2453265.899            2.4            3.8
    2453268.919            2.9            4.0
     2453269.81            0.9            3.5
    2453286.828            4.0            3.8
    2453324.713            4.2            5.5
    2453354.654            0.4            3.8
    2453400.642           12.8            7.5
    2453550.983           -0.0            4.4
    2453578.964            5.0            4.6
    2453613.923           -1.7            4.2
    2453654.771            6.3            4.1
    2453701.724           10.0            4.6
    2453740.745            6.0            4.7
    2453911.993            9.5            3.6
    2453917.013            3.4            3.9
    2453934.974            6.5            3.9
    2453968.925            7.4            3.2
    2453981.851            1.5            3.8
    2453985.899            4.0            4.0
    2454055.755            6.6            3.9
    2454297.975           11.6            4.1
    2454300.974            6.9            4.0
    2454314.939           -1.1            3.6
    2454318.981            1.0            4.2
    2454344.859            9.4            4.3
    2454348.917            4.2            4.0
    2454391.887            3.5            5.4
    2454394.775            9.7            4.2
    2454418.777            5.8            4.5
    2454420.763            5.4            4.2
    2454440.653            1.9            3.4
    2454443.651            2.0            3.6
    2454481.638           -0.1            3.9
    2454503.651            7.1            4.3
    2454645.984           -0.4            4.5
    2454646.968           -2.5            4.2
    2454668.009            9.0            3.7
    2454681.904            3.0            3.8
     2454683.97            4.7            3.8
    2454711.893            6.8            4.1
    2454713.873            9.1            4.2
    2454715.882            3.6            4.6
    2454716.875            0.8            4.1
    2454753.885            4.0            3.6
     2454755.85            1.2            3.8
    2454777.733            9.3            4.1
    2454806.796           -4.6            5.5
     2454808.77            5.8            4.3
    2454809.763            4.0            6.1
    2455026.973            7.1            5.7
    2455063.965            4.3            5.0
    2455099.996            8.0            4.9
    2455116.856           10.3            6.8
    2455154.739           12.2            7.6
    2455174.788            6.1            5.8
    2455364.972            7.7            5.0
    2455419.012           -0.6            4.7
    2455446.847            2.9            3.6
    2455446.856            2.5            3.1
    2455463.833            9.1            5.2
    2455466.842            5.7            4.8
    2455569.653            9.8            4.1
    2455571.713            5.1            4.6
    2455572.671            7.6            4.8
    2455621.621           -5.1            4.6
    2455757.974            2.7            5.0
    2455803.919            6.5            4.3
    2455806.936            3.6            4.3
    2455828.781           -4.4            4.2
    2455831.849            0.4            5.1
    2455861.842           12.6            4.2
    2455864.796            5.5            4.4
    2455892.745            6.3            4.9
