    2451745.994           10.1            4.3
    2451778.895           15.8            3.7
    2451808.867           -1.6            3.6
    2451853.766           -2.0            4.1
    2451856.801            1.8            4.6
    2451898.637          -15.9            8.0
    2451932.609          -13.0            3.9
    2452163.861            8.7            4.9
    2452175.851            8.9            4.0
    2452307.598            1.5            4.5
    2452465.989           -5.2            5.3
    2452483.985            1.3            5.0
    2452494.987          -10.6            5.0
    2452517.936           16.5            5.2
     2452528.91            0.5            5.2
     2452530.91           -4.5            4.5
    2452541.904          -11.7            4.5
    2452543.883            8.1            5.0
    2452559.914           13.2            6.4
    2452561.795            0.0            8.4
    2452571.791            4.7            5.0
     2452589.81           16.7            5.7
    2452603.782          -11.4            4.9
    2452605.724            5.0            4.8
    2452616.772            2.8            5.9
    2452665.604           -4.6            4.2
    2452668.611            5.4            5.3
    2452837.972           -6.2            5.4
    2452861.963           -8.5            4.1
    2452863.985           -0.3            5.2
    2452879.918            3.9            4.2
    2452880.947            7.1            5.0
    2452898.911           -2.5            4.7
    2452900.928           11.3            4.8
    2452932.839            4.5            4.3
    2452934.804           11.7            4.6
    2452963.753           -5.5            5.2
    2452965.809            4.8            5.4
     2453022.63            4.4            5.6
     2453208.01            0.7            3.8
    2453209.978           21.3            3.7
    2453214.961            6.7            4.2
    2453231.961            1.4            4.0
    2453233.909          -11.9            3.9
     2453235.96          -11.3            4.2
    2453265.899            8.5            3.8
    2453268.919           12.5            4.0
     2453269.81           -0.9            3.5
    2453286.828            9.4            3.8
    2453324.713           33.3            5.5
    2453354.654            0.7            3.8
    2453400.642           16.3            7.5
    2453550.983            5.7            4.4
    2453578.964          -10.1            4.6
    2453613.923            7.5            4.2
    2453654.771            6.9            4.1
    2453701.724           28.0            4.6
    2453740.745           14.6            4.7
    2453911.993           14.8            3.6
    2453917.013           12.8            3.9
    2453934.974           -7.3            3.9
    2453968.925           -3.5            3.2
    2453981.851           -1.4            3.8
    2453985.899            5.8            4.0
    2454055.755           16.3            3.9
    2454297.975            0.3            4.1
    2454300.974          -11.9            4.0
    2454314.939           -0.2            3.6
    2454318.981            4.5            4.2
    2454344.859           18.1            4.3
    2454348.917           -2.7            4.0
    2454391.887           13.2            5.4
    2454394.775            3.6            4.2
    2454418.777           -2.4            4.5
    2454420.763            8.5            4.2
    2454440.653           24.5            3.4
    2454443.651            8.4            3.6
    2454481.638            1.9            3.9
    2454503.651          -13.7            4.3
    2454645.984           12.5            4.5
    2454646.968           -0.5            4.2
    2454668.009            3.5            3.7
    2454681.904           17.0            3.8
     2454683.97            9.2            3.8
    2454711.893          -11.8            4.1
    2454713.873           -3.4            4.2
    2454715.882           13.5            4.6
    2454716.875          -15.1            4.1
    2454753.885            0.6            3.6
     2454755.85           11.7            3.8
    2454777.733           21.9            4.1
    2454806.796            1.8            5.5
     2454808.77            9.4            4.3
    2454809.763            2.3            6.1
    2455026.973           16.6            5.7
    2455063.965            8.7            5.0
    2455099.996            4.1            4.9
    2455116.856           -1.7            6.8
    2455154.739           17.5            7.6
    2455174.788            2.6            5.8
    2455364.972           23.1            5.0
    2455419.012            7.8            4.7
    2455446.847           -1.9            3.6
    2455446.856           -2.8            3.1
    2455463.833           13.1            5.2
    2455466.842            0.8            4.8
    2455569.653           20.0            4.1
    2455571.713            9.7            4.6
    2455572.671           15.0            4.8
    2455621.621           -8.0            4.6
    2455757.974           12.0            5.0
    2455803.919           14.6            4.3
    2455806.936           -6.3            4.3
    2455828.781            1.9            4.2
    2455831.849           20.8            5.1
    2455861.842           14.8            4.2
    2455864.796            2.2            4.4
    2455892.745            3.8            4.9
