    2451745.994            8.4            4.3
    2451778.895           13.5            3.7
    2451808.867           -5.3            3.6
    2451853.766           14.5            4.1
    2451856.801            4.1            4.6
    2451898.637            1.0            8.0
    2451932.609            7.4            3.9
    2452163.861            5.4            4.9
    2452175.851            5.0            4.0
    2452307.598            9.6            4.5
    2452465.989            1.6            5.3
    2452483.985           -3.4            5.0
    2452494.987            4.6            5.0
    2452517.936           10.9            5.2
     2452528.91            8.2            5.2
     2452530.91            7.3            4.5
    2452541.904           -0.3            4.5
    2452543.883           -3.3            5.0
    2452559.914            7.9            6.4
    2452561.795            4.8            8.4
    2452571.791            7.1            5.0
     2452589.81            4.8            5.7
    2452603.782            7.7            4.9
    2452605.724            6.8            4.8
    2452616.772            2.8            5.9
    2452665.604           14.7            4.2
    2452668.611            5.3            5.3
    2452837.972            6.7            5.4
    2452861.963            1.5            4.1
    2452863.985            3.9            5.2
    2452879.918           -2.5            4.2
    2452880.947            4.8            5.0
    2452898.911            7.9            4.7
    2452900.928            5.6            4.8
    2452932.839            2.2            4.3
    2452934.804            2.1            4.6
    2452963.753           -0.0            5.2
    2452965.809            3.7            5.4
     2453022.63            9.1            5.6
     2453208.01           -3.5            3.8
    2453209.978            0.4            3.7
    2453214.961            6.1            4.2
    2453231.961            4.0            4.0
    2453233.909            6.8            3.9
     2453235.96            7.3            4.2
    2453265.899            7.1            3.8
    2453268.919           10.0            4.0
     2453269.81            3.8            3.5
    2453286.828            3.9            3.8
    2453324.713            3.7            5.5
    2453354.654            1.7            3.8
    2453400.642           16.5            7.5
    2453550.983            2.4            4.4
    2453578.964            5.9            4.6
    2453613.923           11.8            4.2
    2453654.771           -3.6            4.1
    2453701.724           12.4            4.6
    2453740.745            5.9            4.7
    2453911.993            2.6            3.6
    2453917.013            6.0            3.9
    2453934.974           11.5            3.9
    2453968.925            3.6            3.2
    2453981.851            0.8            3.8
    2453985.899           12.1            4.0
    2454055.755            3.2            3.9
    2454297.975            5.7            4.1
    2454300.974           -3.0            4.0
    2454314.939           -0.7            3.6
    2454318.981           -6.4            4.2
    2454344.859            7.2            4.3
    2454348.917           12.4            4.0
    2454391.887           -1.5            5.4
    2454394.775            5.0            4.2
    2454418.777            9.7            4.5
    2454420.763            8.9            4.2
    2454440.653           10.2            3.4
    2454443.651           10.0            3.6
    2454481.638            2.0            3.9
    2454503.651           -2.3            4.3
    2454645.984           10.3            4.5
    2454646.968            2.8            4.2
    2454668.009           11.8            3.7
    2454681.904           -2.7            3.8
     2454683.97            1.4            3.8
    2454711.893            6.9            4.1
    2454713.873            5.8            4.2
    2454715.882            4.8            4.6
    2454716.875           -4.1            4.1
    2454753.885            1.0            3.6
     2454755.85            5.7            3.8
    2454777.733           11.2            4.1
    2454806.796            3.4            5.5
     2454808.77            3.6            4.3
    2454809.763           -3.7            6.1
    2455026.973            8.1            5.7
    2455063.965           13.5            5.0
    2455099.996            2.2            4.9
    2455116.856            9.4            6.8
    2455154.739            3.2            7.6
    2455174.788            2.0            5.8
    2455364.972           14.2            5.0
    2455419.012           -1.2            4.7
    2455446.847            7.3            3.6
    2455446.856            6.6            3.1
    2455463.833           13.3            5.2
    2455466.842            3.6            4.8
    2455569.653            9.0            4.1
    2455571.713           12.1            4.6
    2455572.671            4.5            4.8
    2455621.621           -4.6            4.6
    2455757.974           -1.6            5.0
    2455803.919            2.1            4.3
    2455806.936            6.7            4.3
    2455828.781            0.7            4.2
    2455831.849            3.9            5.1
    2455861.842            8.0            4.2
    2455864.796            5.1            4.4
    2455892.745           10.6            4.9
