    2451745.994           -2.7            4.3
    2451778.895           13.0            3.7
    2451808.867            0.1            3.6
    2451853.766            1.3            4.1
    2451856.801           -2.3            4.6
    2451898.637            2.4            8.0
    2451932.609            1.7            3.9
    2452163.861           11.4            4.9
    2452175.851           -3.2            4.0
    2452307.598           -1.2            4.5
    2452465.989           10.2            5.3
    2452483.985            8.0            5.0
    2452494.987           -2.4            5.0
    2452517.936            5.4            5.2
     2452528.91            9.4            5.2
     2452530.91           11.0            4.5
    2452541.904            8.7            4.5
    2452543.883            1.3            5.0
    2452559.914            8.2            6.4
    2452561.795            6.0            8.4
    2452571.791            2.1            5.0
     2452589.81            3.2            5.7
    2452603.782            7.2            4.9
    2452605.724            0.3            4.8
    2452616.772            3.8            5.9
    2452665.604            3.6            4.2
    2452668.611            3.4            5.3
    2452837.972            0.6            5.4
    2452861.963            0.1            4.1
    2452863.985            3.5            5.2
    2452879.918           -0.4            4.2
    2452880.947            2.3            5.0
    2452898.911           11.9            4.7
    2452900.928            2.6            4.8
    2452932.839           -0.9            4.3
    2452934.804            4.6            4.6
    2452963.753            5.5            5.2
    2452965.809           11.6            5.4
     2453022.63           -1.2            5.6
     2453208.01            5.4            3.8
    2453209.978           -1.9            3.7
    2453214.961            9.3            4.2
    2453231.961            8.3            4.0
    2453233.909            3.2            3.9
     2453235.96           13.1            4.2
    2453265.899            0.6            3.8
    2453268.919           -3.2            4.0
     2453269.81            0.7            3.5
    2453286.828            2.1            3.8
    2453324.713            4.8            5.5
    2453354.654            3.7            3.8
    2453400.642            3.8            7.5
    2453550.983            3.9            4.4
    2453578.964           10.0            4.6
    2453613.923            5.2            4.2
    2453654.771            3.4            4.1
    2453701.724            0.7            4.6
    2453740.745            3.2            4.7
    2453911.993            0.9            3.6
    2453917.013            2.5            3.9
    2453934.974           -2.4            3.9
    2453968.925            4.3            3.2
    2453981.851            5.2            3.8
    2453985.899            7.8            4.0
    2454055.755            5.5            3.9
    2454297.975            6.0            4.1
    2454300.974            7.1            4.0
    2454314.939            5.5            3.6
    2454318.981            2.3            4.2
    2454344.859           -2.7            4.3
    2454348.917            4.8            4.0
    2454391.887            6.4            5.4
    2454394.775            8.7            4.2
    2454418.777           10.9            4.5
    2454420.763            4.4            4.2
    2454440.653            8.0            3.4
    2454443.651           12.1            3.6
    2454481.638            4.3            3.9
    2454503.651           -0.1            4.3
    2454645.984            4.3            4.5
    2454646.968            4.5            4.2
    2454668.009            0.8            3.7
    2454681.904           -2.5            3.8
     2454683.97           -3.4            3.8
    2454711.893            1.8            4.1
    2454713.873           10.2            4.2
    2454715.882            3.6            4.6
    2454716.875            9.1            4.1
    2454753.885           -4.5            3.6
     2454755.85            5.6            3.8
    2454777.733            2.2            4.1
    2454806.796            5.6            5.5
     2454808.77            5.9            4.3
    2454809.763            4.0            6.1
    2455026.973            2.8            5.7
    2455063.965            9.4            5.0
    2455099.996            4.1            4.9
    2455116.856            8.9            6.8
    2455154.739           14.5            7.6
    2455174.788            8.1            5.8
    2455364.972           -1.3            5.0
    2455419.012            7.6            4.7
    2455446.847            6.4            3.6
    2455446.856            5.8            3.1
    2455463.833            7.8            5.2
    2455466.842           10.0            4.8
    2455569.653           -1.8            4.1
    2455571.713            4.4            4.6
    2455572.671           -2.7            4.8
    2455621.621           -1.6            4.6
    2455757.974            5.7            5.0
    2455803.919            3.5            4.3
    2455806.936            5.8            4.3
    2455828.781            5.0            4.2
    2455831.849           11.3            5.1
    2455861.842            4.8            4.2
    2455864.796           -0.9            4.4
    2455892.745            1.6            4.9
