    2451745.994            1.6            4.3
    2451778.895           -0.4            3.7
    2451808.867            4.9            3.6
    2451853.766            2.9            4.1
    2451856.801           16.7            4.6
    2451898.637            5.7            8.0
    2451932.609           -8.1            3.9
    2452163.861            9.7            4.9
    2452175.851           15.3            4.0
    2452307.598           -0.1            4.5
    2452465.989            1.6            5.3
    2452483.985            9.1            5.0
    2452494.987            5.1            5.0
    2452517.936           13.2            5.2
     2452528.91          -12.3            5.2
     2452530.91           -2.3            4.5
    2452541.904           10.6            4.5
    2452543.883           16.6            5.0
    2452559.914            4.1            6.4
    2452561.795           -5.1            8.4
    2452571.791           21.2            5.0
     2452589.81           -1.1            5.7
    2452603.782            8.0            4.9
    2452605.724            1.9            4.8
    2452616.772            6.6            5.9
    2452665.604            3.6            4.2
    2452668.611           -5.5            5.3
    2452837.972           -0.7            5.4
    2452861.963            1.3            4.1
    2452863.985           -3.6            5.2
    2452879.918           17.6            4.2
    2452880.947            9.4            5.0
    2452898.911           -0.7            4.7
    2452900.928            7.3            4.8
    2452932.839           12.6            4.3
    2452934.804            3.5            4.6
    2452963.753           10.1            5.2
    2452965.809           21.5            5.4
     2453022.63            2.7            5.6
     2453208.01            7.8            3.8
    2453209.978            2.0            3.7
    2453214.961           11.3            4.2
    2453231.961           -0.1            4.0
    2453233.909            9.2            3.9
     2453235.96            9.6            4.2
    2453265.899           -3.5            3.8
    2453268.919            6.9            4.0
     2453269.81           -8.8            3.5
    2453286.828           10.5            3.8
    2453324.713            1.5            5.5
    2453354.654            5.3            3.8
    2453400.642            7.0            7.5
    2453550.983            6.8            4.4
    2453578.964            0.4            4.6
    2453613.923            1.9            4.2
    2453654.771            9.6            4.1
    2453701.724           14.3            4.6
    2453740.745            7.9            4.7
    2453911.993           16.5            3.6
    2453917.013            1.2            3.9
    2453934.974           10.8            3.9
    2453968.925           -3.4            3.2
    2453981.851            2.0            3.8
    2453985.899            6.6            4.0
    2454055.755            9.3            3.9
    2454297.975            5.1            4.1
    2454300.974           15.9            4.0
    2454314.939            3.0            3.6
    2454318.981            3.4            4.2
    2454344.859            7.1            4.3
    2454348.917          -12.1            4.0
    2454391.887           21.8            5.4
    2454394.775            0.1            4.2
    2454418.777            8.2            4.5
    2454420.763           -1.6            4.2
    2454440.653            6.0            3.4
    2454443.651           13.2            3.6
    2454481.638           -2.5            3.9
    2454503.651           21.8            4.3
    2454645.984           15.3            4.5
    2454646.968            8.1            4.2
    2454668.009            4.0            3.7
    2454681.904           -1.9            3.8
     2454683.97          -10.5            3.8
    2454711.893           -3.0            4.1
    2454713.873            5.0            4.2
    2454715.882            0.4            4.6
    2454716.875          -13.2            4.1
    2454753.885            3.2            3.6
     2454755.85            2.5            3.8
    2454777.733           -2.4            4.1
    2454806.796            8.9            5.5
     2454808.77            4.8            4.3
    2454809.763           -0.6            6.1
    2455026.973           -5.2            5.7
    2455063.965           -5.7            5.0
    2455099.996           19.7            4.9
    2455116.856           -1.1            6.8
    2455154.739           10.0            7.6
    2455174.788            8.2            5.8
    2455364.972            3.3            5.0
    2455419.012            6.3            4.7
    2455446.847            5.1            3.6
    2455446.856            4.7            3.1
    2455463.833           12.5            5.2
    2455466.842            1.6            4.8
    2455569.653          -10.2            4.1
    2455571.713           -9.3            4.6
    2455572.671            4.2            4.8
    2455621.621            4.6            4.6
    2455757.974           10.2            5.0
    2455803.919           15.8            4.3
    2455806.936           -0.6            4.3
    2455828.781           -0.6            4.2
    2455831.849           10.8            5.1
    2455861.842           13.2            4.2
    2455864.796           12.0            4.4
    2455892.745            5.9            4.9
