    2451745.994           -1.6            4.3
    2451778.895            3.3            3.7
    2451808.867            9.3            3.6
    2451853.766           -1.3            4.1
    2451856.801           12.5            4.6
    2451898.637            4.4            8.0
    2451932.609           12.8            3.9
    2452163.861           15.4            4.9
    2452175.851           13.1            4.0
    2452307.598           11.2            4.5
    2452465.989           -3.8            5.3
    2452483.985           12.8            5.0
    2452494.987           -4.2            5.0
    2452517.936            0.8            5.2
     2452528.91           10.5            5.2
     2452530.91            5.3            4.5
    2452541.904            3.5            4.5
    2452543.883           18.8            5.0
    2452559.914           12.4            6.4
    2452561.795            5.5            8.4
    2452571.791            2.2            5.0
     2452589.81            4.7            5.7
    2452603.782            8.7            4.9
    2452605.724           -3.6            4.8
    2452616.772            4.4            5.9
    2452665.604            2.1            4.2
    2452668.611            4.6            5.3
    2452837.972            6.7            5.4
    2452861.963           -5.7            4.1
    2452863.985            9.5            5.2
    2452879.918            6.2            4.2
    2452880.947           11.0            5.0
    2452898.911           12.1            4.7
    2452900.928           12.8            4.8
    2452932.839           13.0            4.3
    2452934.804            3.5            4.6
    2452963.753           10.3            5.2
    2452965.809           -2.1            5.4
     2453022.63            2.3            5.6
     2453208.01           10.4            3.8
    2453209.978           -1.8            3.7
    2453214.961           -2.1            4.2
    2453231.961            9.5            4.0
    2453233.909           -0.9            3.9
     2453235.96           11.2            4.2
    2453265.899            4.7            3.8
    2453268.919            4.4            4.0
     2453269.81           -3.7            3.5
    2453286.828           -4.9            3.8
    2453324.713           14.8            5.5
    2453354.654            0.1            3.8
    2453400.642            7.6            7.5
    2453550.983            4.5            4.4
    2453578.964           -3.6            4.6
    2453613.923           -2.6            4.2
    2453654.771            1.3            4.1
    2453701.724           -5.7            4.6
    2453740.745           16.3            4.7
    2453911.993           15.7            3.6
    2453917.013           -1.2            3.9
    2453934.974           -2.6            3.9
    2453968.925           11.0            3.2
    2453981.851            4.3            3.8
    2453985.899            4.5            4.0
    2454055.755            4.6            3.9
    2454297.975           -7.3            4.1
    2454300.974            2.5            4.0
    2454314.939           -2.1            3.6
    2454318.981            8.3            4.2
    2454344.859            0.5            4.3
    2454348.917            5.7            4.0
    2454391.887           10.9            5.4
    2454394.775            4.6            4.2
    2454418.777           -1.4            4.5
    2454420.763            5.3            4.2
    2454440.653            4.7            3.4
    2454443.651            2.4            3.6
    2454481.638           -7.4            3.9
    2454503.651           12.1            4.3
    2454645.984           -2.2            4.5
    2454646.968            3.2            4.2
    2454668.009            7.7            3.7
    2454681.904           -9.6            3.8
     2454683.97            5.1            3.8
    2454711.893            4.8            4.1
    2454713.873           -8.9            4.2
    2454715.882            2.3            4.6
    2454716.875            5.6            4.1
    2454753.885           -2.5            3.6
     2454755.85            9.7            3.8
    2454777.733           -0.3            4.1
    2454806.796            7.4            5.5
     2454808.77           11.9            4.3
    2454809.763            8.7            6.1
    2455026.973           -0.3            5.7
    2455063.965            9.9            5.0
    2455099.996            7.9            4.9
    2455116.856           15.4            6.8
    2455154.739           -1.9            7.6
    2455174.788           -3.4            5.8
    2455364.972           15.7            5.0
    2455419.012            8.6            4.7
    2455446.847           -7.9            3.6
    2455446.856           -8.4            3.1
    2455463.833           10.7            5.2
    2455466.842            2.4            4.8
    2455569.653            0.9            4.1
    2455571.713            4.8            4.6
    2455572.671            3.7            4.8
    2455621.621           -0.2            4.6
    2455757.974           -9.9            5.0
    2455803.919            9.6            4.3
    2455806.936            0.9            4.3
    2455828.781           10.5            4.2
    2455831.849            4.6            5.1
    2455861.842           -8.8            4.2
    2455864.796            4.5            4.4
    2455892.745            0.0            4.9
