    2451745.994            2.2            4.3
    2451778.895           12.4            3.7
    2451808.867            0.5            3.6
    2451853.766           15.9            4.1
    2451856.801            6.2            4.6
    2451898.637            4.2            8.0
    2451932.609            1.8            3.9
    2452163.861           13.0            4.9
    2452175.851            8.3            4.0
    2452307.598            9.7            4.5
    2452465.989           -6.8            5.3
    2452483.985            5.9            5.0
    2452494.987            6.8            5.0
    2452517.936            8.6            5.2
     2452528.91           -8.3            5.2
     2452530.91            4.4            4.5
    2452541.904            8.1            4.5
    2452543.883           21.4            5.0
    2452559.914            9.3            6.4
    2452561.795           22.9            8.4
    2452571.791            8.0            5.0
     2452589.81           -7.7            5.7
    2452603.782           14.2            4.9
    2452605.724            7.2            4.8
    2452616.772            3.2            5.9
    2452665.604           17.0            4.2
    2452668.611            3.3            5.3
    2452837.972           15.0            5.4
    2452861.963          -11.0            4.1
    2452863.985           -3.7            5.2
    2452879.918            0.4            4.2
    2452880.947            7.3            5.0
    2452898.911           15.3            4.7
    2452900.928            4.0            4.8
    2452932.839            8.0            4.3
    2452934.804           -3.7            4.6
    2452963.753            6.8            5.2
    2452965.809            0.3            5.4
     2453022.63            6.5            5.6
     2453208.01           -0.9            3.8
    2453209.978            8.5            3.7
    2453214.961           13.8            4.2
    2453231.961           -3.9            4.0
    2453233.909            0.6            3.9
     2453235.96           11.7            4.2
    2453265.899           21.2            3.8
    2453268.919           -2.8            4.0
     2453269.81           -1.3            3.5
    2453286.828           14.0            3.8
    2453324.713           12.5            5.5
    2453354.654            2.1            3.8
    2453400.642            2.7            7.5
    2453550.983           16.0            4.4
    2453578.964           -0.2            4.6
    2453613.923           -5.2            4.2
    2453654.771            8.7            4.1
    2453701.724           19.3            4.6
    2453740.745           10.2            4.7
    2453911.993           -5.3            3.6
    2453917.013            4.7            3.9
    2453934.974           14.2            3.9
    2453968.925            6.0            3.2
    2453981.851           -4.1            3.8
    2453985.899            9.1            4.0
    2454055.755            9.5            3.9
    2454297.975            7.9            4.1
    2454300.974            7.3            4.0
    2454314.939           11.8            3.6
    2454318.981           10.9            4.2
    2454344.859           12.0            4.3
    2454348.917           -2.4            4.0
    2454391.887            1.1            5.4
    2454394.775           -4.1            4.2
    2454418.777            1.8            4.5
    2454420.763           -6.4            4.2
    2454440.653            6.8            3.4
    2454443.651            1.5            3.6
    2454481.638           -1.3            3.9
    2454503.651            1.6            4.3
    2454645.984           -2.6            4.5
    2454646.968            4.4            4.2
    2454668.009            6.8            3.7
    2454681.904            0.2            3.8
     2454683.97           -9.0            3.8
    2454711.893           -0.0            4.1
    2454713.873           -2.9            4.2
    2454715.882            0.3            4.6
    2454716.875           11.1            4.1
    2454753.885          -14.7            3.6
     2454755.85           -6.4            3.8
    2454777.733           12.3            4.1
    2454806.796           -7.2            5.5
     2454808.77            7.9            4.3
    2454809.763           -1.2            6.1
    2455026.973            6.4            5.7
    2455063.965            9.7            5.0
    2455099.996           -5.0            4.9
    2455116.856            3.0            6.8
    2455154.739            3.9            7.6
    2455174.788            8.9            5.8
    2455364.972           12.2            5.0
    2455419.012            8.7            4.7
    2455446.847            3.7            3.6
    2455446.856            3.3            3.1
    2455463.833            4.1            5.2
    2455466.842          -11.6            4.8
    2455569.653           -8.4            4.1
    2455571.713           -1.1            4.6
    2455572.671           16.1            4.8
    2455621.621            7.0            4.6
    2455757.974            7.1            5.0
    2455803.919           -8.2            4.3
    2455806.936            3.3            4.3
    2455828.781           15.6            4.2
    2455831.849            7.6            5.1
    2455861.842            4.9            4.2
    2455864.796          -11.4            4.4
    2455892.745            6.7            4.9
