    2451745.994           -2.3            4.3
    2451778.895            7.8            3.7
    2451808.867            2.0            3.6
    2451853.766            6.1            4.1
    2451856.801            0.0            4.6
    2451898.637           16.1            8.0
    2451932.609           -2.5            3.9
    2452163.861           10.4            4.9
    2452175.851           10.4            4.0
    2452307.598            3.3            4.5
    2452465.989           -5.1            5.3
    2452483.985            9.3            5.0
    2452494.987           -1.7            5.0
    2452517.936           -3.3            5.2
     2452528.91           10.8            5.2
     2452530.91            7.9            4.5
    2452541.904            3.0            4.5
    2452543.883            9.6            5.0
    2452559.914            8.7            6.4
    2452561.795           -1.4            8.4
    2452571.791           12.7            5.0
     2452589.81            1.8            5.7
    2452603.782           10.7            4.9
    2452605.724           -4.7            4.8
    2452616.772           12.7            5.9
    2452665.604           -6.2            4.2
    2452668.611            7.9            5.3
    2452837.972            3.3            5.4
    2452861.963           -6.6            4.1
    2452863.985            5.4            5.2
    2452879.918           17.2            4.2
    2452880.947           11.4            5.0
    2452898.911           -1.7            4.7
    2452900.928           -0.7            4.8
    2452932.839           12.3            4.3
    2452934.804            6.9            4.6
    2452963.753           10.0            5.2
    2452965.809           -5.3            5.4
     2453022.63            9.0            5.6
     2453208.01            7.1            3.8
    2453209.978            8.4            3.7
    2453214.961            0.4            4.2
    2453231.961           10.8            4.0
    2453233.909            6.1            3.9
     2453235.96           -0.3            4.2
    2453265.899           -8.6            3.8
    2453268.919            7.9            4.0
     2453269.81            6.8            3.5
    2453286.828            5.9            3.8
    2453324.713           -4.5            5.5
    2453354.654            4.4            3.8
    2453400.642            4.2            7.5
    2453550.983           -1.3            4.4
    2453578.964            1.9            4.6
    2453613.923           10.0            4.2
    2453654.771           -1.4            4.1
    2453701.724            3.6            4.6
    2453740.745            2.6            4.7
    2453911.993            7.2            3.6
    2453917.013           -6.0            3.9
    2453934.974           10.2            3.9
    2453968.925           -8.4            3.2
    2453981.851            9.9            3.8
    2453985.899           -1.5            4.0
    2454055.755            9.6            3.9
    2454297.975           -0.6            4.1
    2454300.974            4.2            4.0
    2454314.939           -3.8            3.6
    2454318.981            7.2            4.2
    2454344.859            1.9            4.3
    2454348.917            3.1            4.0
    2454391.887           17.1            5.4
    2454394.775            5.8            4.2
    2454418.777           -4.3            4.5
    2454420.763            3.0            4.2
    2454440.653            0.5            3.4
    2454443.651           15.3            3.6
    2454481.638            3.6            3.9
    2454503.651           18.3            4.3
    2454645.984            3.4            4.5
    2454646.968           14.5            4.2
    2454668.009           13.0            3.7
    2454681.904           -7.2            3.8
     2454683.97           12.5            3.8
    2454711.893            7.0            4.1
    2454713.873            8.5            4.2
    2454715.882            9.1            4.6
    2454716.875           -0.8            4.1
    2454753.885           -2.0            3.6
     2454755.85            2.7            3.8
    2454777.733           -6.3            4.1
    2454806.796            4.2            5.5
     2454808.77            5.2            4.3
    2454809.763           10.6            6.1
    2455026.973            9.7            5.7
    2455063.965            9.4            5.0
    2455099.996            4.2            4.9
    2455116.856           11.5            6.8
    2455154.739           13.2            7.6
    2455174.788            7.4            5.8
    2455364.972            1.3            5.0
    2455419.012            5.0            4.7
    2455446.847           14.5            3.6
    2455446.856           14.3            3.1
    2455463.833            8.3            5.2
    2455466.842           -3.0            4.8
    2455569.653           -4.5            4.1
    2455571.713            7.3            4.6
    2455572.671            5.0            4.8
    2455621.621           -6.1            4.6
    2455757.974           -1.6            5.0
    2455803.919            7.5            4.3
    2455806.936           15.3            4.3
    2455828.781            5.9            4.2
    2455831.849           -0.7            5.1
    2455861.842           -4.2            4.2
    2455864.796            7.7            4.4
    2455892.745           -4.0            4.9
