    2451745.994          -17.3            4.3
    2451778.895           31.1            3.7
    2451808.867          -17.2            3.6
    2451853.766          -20.0            4.1
    2451856.801          -11.0            4.6
    2451898.637           -7.1            8.0
    2451932.609           27.6            3.9
    2452163.861           -2.2            4.9
    2452175.851           14.0            4.0
    2452307.598          -14.2            4.5
    2452465.989           22.7            5.3
    2452483.985           23.4            5.0
    2452494.987            7.0            5.0
    2452517.936           12.4            5.2
     2452528.91           22.5            5.2
     2452530.91          -18.3            4.5
    2452541.904          -10.5            4.5
    2452543.883           12.2            5.0
    2452559.914            4.6            6.4
    2452561.795           -1.3            8.4
    2452571.791           10.3            5.0
     2452589.81            2.1            5.7
    2452603.782          -11.1            4.9
    2452605.724           14.8            4.8
    2452616.772           19.9            5.9
    2452665.604           13.7            4.2
    2452668.611            9.2            5.3
    2452837.972          -10.8            5.4
    2452861.963           -1.0            4.1
    2452863.985           18.2            5.2
    2452879.918           -0.3            4.2
    2452880.947           19.9            5.0
    2452898.911           25.7            4.7
    2452900.928          -16.0            4.8
    2452932.839            4.6            4.3
    2452934.804           18.1            4.6
    2452963.753          -13.6            5.2
    2452965.809            7.6            5.4
     2453022.63           -2.6            5.6
     2453208.01          -16.1            3.8
    2453209.978            9.9            3.7
    2453214.961           -1.8            4.2
    2453231.961            2.0            4.0
    2453233.909           21.7            3.9
     2453235.96          -19.7            4.2
    2453265.899           18.9            3.8
    2453268.919           31.1            4.0
     2453269.81           14.9            3.5
    2453286.828           22.4            3.8
    2453324.713           23.3            5.5
    2453354.654          -19.0            3.8
    2453400.642           -2.3            7.5
    2453550.983            7.5            4.4
    2453578.964           -0.7            4.6
    2453613.923           12.0            4.2
    2453654.771           -5.6            4.1
    2453701.724           32.4            4.6
    2453740.745           11.7            4.7
    2453911.993            2.0            3.6
    2453917.013           -3.9            3.9
    2453934.974           15.5            3.9
    2453968.925          -23.2            3.2
    2453981.851           14.7            3.8
    2453985.899          -13.9            4.0
    2454055.755           -9.7            3.9
    2454297.975           16.4            4.1
    2454300.974          -11.4            4.0
    2454314.939            3.9            3.6
    2454318.981            9.8            4.2
    2454344.859            2.7            4.3
    2454348.917          -18.1            4.0
    2454391.887           -6.0            5.4
    2454394.775          -14.2            4.2
    2454418.777          -13.5            4.5
    2454420.763           17.6            4.2
    2454440.653           -0.2            3.4
    2454443.651           -9.8            3.6
    2454481.638          -15.9            3.9
    2454503.651            5.8            4.3
    2454645.984          -20.9            4.5
    2454646.968            5.1            4.2
    2454668.009           24.7            3.7
    2454681.904            0.5            3.8
     2454683.97          -12.8            3.8
    2454711.893           -1.0            4.1
    2454713.873           30.9            4.2
    2454715.882           -9.6            4.6
    2454716.875            9.0            4.1
    2454753.885          -17.1            3.6
     2454755.85           21.8            3.8
    2454777.733            2.6            4.1
    2454806.796           -8.1            5.5
     2454808.77            7.5            4.3
    2454809.763           -8.4            6.1
    2455026.973           -2.0            5.7
    2455063.965            2.7            5.0
    2455099.996            1.4            4.9
    2455116.856          -14.6            6.8
    2455154.739            8.9            7.6
    2455174.788           24.6            5.8
    2455364.972           -9.8            5.0
    2455419.012           24.0            4.7
    2455446.847           18.3            3.6
    2455446.856           17.7            3.1
    2455463.833           20.4            5.2
    2455466.842           -5.0            4.8
    2455569.653           16.5            4.1
    2455571.713           19.3            4.6
    2455572.671           26.4            4.8
    2455621.621           14.6            4.6
    2455757.974           11.6            5.0
    2455803.919           -0.9            4.3
    2455806.936           17.4            4.3
    2455828.781          -18.8            4.2
    2455831.849            2.6            5.1
    2455861.842           23.9            4.2
    2455864.796            1.7            4.4
    2455892.745           -1.8            4.9
