    2451745.994            5.2            4.3
    2451778.895           11.0            3.7
    2451808.867            9.7            3.6
    2451853.766            3.8            4.1
    2451856.801            3.6            4.6
    2451898.637            7.2            8.0
    2451932.609           -4.8            3.9
    2452163.861           -5.0            4.9
    2452175.851           -3.0            4.0
    2452307.598           -0.0            4.5
    2452465.989            8.0            5.3
    2452483.985           15.0            5.0
    2452494.987            4.1            5.0
    2452517.936            1.8            5.2
     2452528.91           16.5            5.2
     2452530.91            9.2            4.5
    2452541.904           -6.5            4.5
    2452543.883            6.9            5.0
    2452559.914           -6.1            6.4
    2452561.795            2.4            8.4
    2452571.791            2.2            5.0
     2452589.81           -7.1            5.7
    2452603.782            7.1            4.9
    2452605.724            6.4            4.8
    2452616.772           -4.7            5.9
    2452665.604            9.8            4.2
    2452668.611           16.3            5.3
    2452837.972            2.0            5.4
    2452861.963           16.5            4.1
    2452863.985            5.0            5.2
    2452879.918           12.7            4.2
    2452880.947            3.0            5.0
    2452898.911            3.3            4.7
    2452900.928           12.7            4.8
    2452932.839            4.3            4.3
    2452934.804           -2.5            4.6
    2452963.753            9.9            5.2
    2452965.809            9.0            5.4
     2453022.63            3.7            5.6
     2453208.01           -3.3            3.8
    2453209.978            7.6            3.7
    2453214.961            2.3            4.2
    2453231.961            6.8            4.0
    2453233.909           15.1            3.9
     2453235.96            4.3            4.2
    2453265.899            2.0            3.8
    2453268.919            6.0            4.0
     2453269.81            3.6            3.5
    2453286.828           16.5            3.8
    2453324.713            2.5            5.5
    2453354.654           -4.8            3.8
    2453400.642            7.1            7.5
    2453550.983           -3.1            4.4
    2453578.964            4.7            4.6
    2453613.923            8.9            4.2
    2453654.771           -2.8            4.1
    2453701.724            6.4            4.6
    2453740.745            9.0            4.7
    2453911.993            5.3            3.6
    2453917.013            5.1            3.9
    2453934.974            7.1            3.9
    2453968.925            7.8            3.2
    2453981.851           -1.6            3.8
    2453985.899            1.1            4.0
    2454055.755            3.1            3.9
    2454297.975            3.4            4.1
    2454300.974            0.8            4.0
    2454314.939            0.2            3.6
    2454318.981            4.7            4.2
    2454344.859           -6.6            4.3
    2454348.917            7.6            4.0
    2454391.887            1.8            5.4
    2454394.775            4.0            4.2
    2454418.777            6.8            4.5
    2454420.763            9.6            4.2
    2454440.653           -8.7            3.4
    2454443.651            0.7            3.6
    2454481.638            1.9            3.9
    2454503.651           -1.0            4.3
    2454645.984            7.5            4.5
    2454646.968           14.7            4.2
    2454668.009            5.8            3.7
    2454681.904            4.3            3.8
     2454683.97            1.9            3.8
    2454711.893            8.7            4.1
    2454713.873           -4.6            4.2
    2454715.882            0.6            4.6
    2454716.875          -11.2            4.1
    2454753.885            8.4            3.6
     2454755.85            2.3            3.8
    2454777.733           10.4            4.1
    2454806.796            0.6            5.5
     2454808.77            4.8            4.3
    2454809.763           -2.5            6.1
    2455026.973           11.5            5.7
    2455063.965           14.9            5.0
    2455099.996            8.6            4.9
    2455116.856           10.9            6.8
    2455154.739            4.4            7.6
    2455174.788           11.4            5.8
    2455364.972            2.7            5.0
    2455419.012           -4.0            4.7
    2455446.847            2.7            3.6
    2455446.856            2.0            3.1
    2455463.833            1.9            5.2
    2455466.842           -2.8            4.8
    2455569.653            8.8            4.1
    2455571.713            0.8            4.6
    2455572.671           12.0            4.8
    2455621.621           -2.9            4.6
    2455757.974           -1.1            5.0
    2455803.919            4.2            4.3
    2455806.936           -1.6            4.3
    2455828.781            5.8            4.2
    2455831.849           10.4            5.1
    2455861.842            4.3            4.2
    2455864.796            4.2            4.4
    2455892.745           -1.8            4.9
