    2451745.994           12.4            4.3
    2451778.895          -11.8            3.7
    2451808.867            3.2            3.6
    2451853.766           12.4            4.1
    2451856.801           13.4            4.6
    2451898.637            2.8            8.0
    2451932.609          -14.2            3.9
    2452163.861           10.3            4.9
    2452175.851           16.6            4.0
    2452307.598            7.3            4.5
    2452465.989           -9.2            5.3
    2452483.985           11.4            5.0
    2452494.987            0.1            5.0
    2452517.936           15.1            5.2
     2452528.91           10.3            5.2
     2452530.91           -1.1            4.5
    2452541.904            5.2            4.5
    2452543.883           16.4            5.0
    2452559.914           -2.4            6.4
    2452561.795            0.6            8.4
    2452571.791            9.1            5.0
     2452589.81            3.5            5.7
    2452603.782           20.5            4.9
    2452605.724            9.4            4.8
    2452616.772           -9.1            5.9
    2452665.604            2.4            4.2
    2452668.611            6.2            5.3
    2452837.972           -3.2            5.4
    2452861.963           -1.1            4.1
    2452863.985           -2.9            5.2
    2452879.918           18.5            4.2
    2452880.947           13.0            5.0
    2452898.911            0.2            4.7
    2452900.928            7.5            4.8
    2452932.839           -8.7            4.3
    2452934.804            4.0            4.6
    2452963.753           -3.9            5.2
    2452965.809           14.4            5.4
     2453022.63            8.5            5.6
     2453208.01            4.3            3.8
    2453209.978           -6.0            3.7
    2453214.961            2.4            4.2
    2453231.961           -5.6            4.0
    2453233.909            8.3            3.9
     2453235.96            4.4            4.2
    2453265.899           -5.3            3.8
    2453268.919           -7.5            4.0
     2453269.81            0.3            3.5
    2453286.828            3.8            3.8
    2453324.713            7.3            5.5
    2453354.654          -11.1            3.8
    2453400.642           -3.5            7.5
    2453550.983           -6.5            4.4
    2453578.964            3.5            4.6
    2453613.923           -5.3            4.2
    2453654.771           17.9            4.1
    2453701.724            3.3            4.6
    2453740.745           14.0            4.7
    2453911.993           13.2            3.6
    2453917.013           -4.4            3.9
    2453934.974            7.4            3.9
    2453968.925           18.8            3.2
    2453981.851          -11.8            3.8
    2453985.899            8.7            4.0
    2454055.755            6.8            3.9
    2454297.975          -13.1            4.1
    2454300.974           -2.6            4.0
    2454314.939           -5.6            3.6
    2454318.981            3.4            4.2
    2454344.859            6.1            4.3
    2454348.917           -2.3            4.0
    2454391.887           -3.2            5.4
    2454394.775           -1.3            4.2
    2454418.777            9.4            4.5
    2454420.763           -6.4            4.2
    2454440.653          -10.0            3.4
    2454443.651           -7.1            3.6
    2454481.638            6.4            3.9
    2454503.651           -1.4            4.3
    2454645.984            7.3            4.5
    2454646.968           19.4            4.2
    2454668.009           -8.0            3.7
    2454681.904            9.6            3.8
     2454683.97           17.1            3.8
    2454711.893            9.8            4.1
    2454713.873            3.6            4.2
    2454715.882            8.6            4.6
    2454716.875           -7.3            4.1
    2454753.885           -7.4            3.6
     2454755.85           -0.6            3.8
    2454777.733           13.6            4.1
    2454806.796           19.9            5.5
     2454808.77           10.0            4.3
    2454809.763           17.0            6.1
    2455026.973            6.3            5.7
    2455063.965            0.8            5.0
    2455099.996            2.9            4.9
    2455116.856           13.6            6.8
    2455154.739           11.4            7.6
    2455174.788           11.9            5.8
    2455364.972           12.6            5.0
    2455419.012           15.5            4.7
    2455446.847            0.3            3.6
    2455446.856           -0.1            3.1
    2455463.833           -3.1            5.2
    2455466.842            0.9            4.8
    2455569.653            1.1            4.1
    2455571.713            3.1            4.6
    2455572.671            9.5            4.8
    2455621.621            5.9            4.6
    2455757.974            0.8            5.0
    2455803.919            4.5            4.3
    2455806.936            2.8            4.3
    2455828.781            8.5            4.2
    2455831.849            5.0            5.1
    2455861.842            6.7            4.2
    2455864.796            5.8            4.4
    2455892.745           16.6            4.9
