    2451745.994            9.4            4.3
    2451778.895            2.6            3.7
    2451808.867            6.9            3.6
    2451853.766            4.8            4.1
    2451856.801           -0.2            4.6
    2451898.637            4.1            8.0
    2451932.609            2.4            3.9
    2452163.861           10.0            4.9
    2452175.851            3.7            4.0
    2452307.598           -0.9            4.5
    2452465.989            6.6            5.3
    2452483.985            3.7            5.0
    2452494.987            8.3            5.0
    2452517.936            7.5            5.2
     2452528.91            5.4            5.2
     2452530.91            6.0            4.5
    2452541.904            1.9            4.5
    2452543.883            8.6            5.0
    2452559.914            7.2            6.4
    2452561.795            3.8            8.4
    2452571.791            6.2            5.0
     2452589.81            3.0            5.7
    2452603.782            0.7            4.9
    2452605.724            2.7            4.8
    2452616.772            8.1            5.9
    2452665.604            4.1            4.2
    2452668.611            1.2            5.3
    2452837.972            4.2            5.4
    2452861.963            6.6            4.1
    2452863.985            4.8            5.2
    2452879.918            0.9            4.2
    2452880.947            2.9            5.0
    2452898.911            6.6            4.7
    2452900.928            2.9            4.8
    2452932.839            9.4            4.3
    2452934.804            5.7            4.6
    2452963.753            3.6            5.2
    2452965.809            5.8            5.4
     2453022.63            4.2            5.6
     2453208.01            5.3            3.8
    2453209.978            1.1            3.7
    2453214.961            6.4            4.2
    2453231.961            2.3            4.0
    2453233.909            2.1            3.9
     2453235.96            6.8            4.2
    2453265.899            5.3            3.8
    2453268.919            0.3            4.0
     2453269.81            2.0            3.5
    2453286.828            7.5            3.8
    2453324.713            4.0            5.5
    2453354.654            6.2            3.8
    2453400.642            5.0            7.5
    2453550.983            2.9            4.4
    2453578.964            3.3            4.6
    2453613.923            2.7            4.2
    2453654.771            2.6            4.1
    2453701.724            8.2            4.6
    2453740.745            3.5            4.7
    2453911.993            1.6            3.6
    2453917.013           -1.3            3.9
    2453934.974            9.4            3.9
    2453968.925            5.4            3.2
    2453981.851           -1.2            3.8
    2453985.899            4.1            4.0
    2454055.755            7.8            3.9
    2454297.975            0.6            4.1
    2454300.974            3.2            4.0
    2454314.939            5.6            3.6
    2454318.981            4.3            4.2
    2454344.859            8.3            4.3
    2454348.917            2.9            4.0
    2454391.887            3.9            5.4
    2454394.775            6.1            4.2
    2454418.777            2.9            4.5
    2454420.763            5.9            4.2
    2454440.653            0.6            3.4
    2454443.651            8.5            3.6
    2454481.638            3.3            3.9
    2454503.651            0.4            4.3
    2454645.984            4.0            4.5
    2454646.968            6.4            4.2
    2454668.009            5.6            3.7
    2454681.904            3.7            3.8
     2454683.97            6.1            3.8
    2454711.893            8.3            4.1
    2454713.873            3.3            4.2
    2454715.882            0.4            4.6
    2454716.875            1.9            4.1
    2454753.885            4.8            3.6
     2454755.85            2.3            3.8
    2454777.733            2.5            4.1
    2454806.796            3.4            5.5
     2454808.77            4.3            4.3
    2454809.763            8.6            6.1
    2455026.973            5.5            5.7
    2455063.965            8.8            5.0
    2455099.996            8.2            4.9
    2455116.856            5.0            6.8
    2455154.739            9.3            7.6
    2455174.788            0.8            5.8
    2455364.972           -0.7            5.0
    2455419.012            7.4            4.7
    2455446.847            8.4            3.6
    2455446.856            7.9            3.1
    2455463.833           -0.2            5.2
    2455466.842            7.1            4.8
    2455569.653            2.1            4.1
    2455571.713            7.5            4.6
    2455572.671           10.1            4.8
    2455621.621            4.7            4.6
    2455757.974            6.3            5.0
    2455803.919            4.1            4.3
    2455806.936            7.1            4.3
    2455828.781            7.2            4.2
    2455831.849            5.0            5.1
    2455861.842            9.0            4.2
    2455864.796            5.3            4.4
    2455892.745            6.5            4.9
