    2451745.994            2.7            4.3
    2451778.895           -0.6            3.7
    2451808.867            5.5            3.6
    2451853.766            4.3            4.1
    2451856.801            4.9            4.6
    2451898.637            8.8            8.0
    2451932.609            5.7            3.9
    2452163.861            0.4            4.9
    2452175.851           11.9            4.0
    2452307.598            7.6            4.5
    2452465.989            1.7            5.3
    2452483.985            6.0            5.0
    2452494.987            5.8            5.0
    2452517.936           -0.7            5.2
     2452528.91            9.1            5.2
     2452530.91            7.4            4.5
    2452541.904            5.5            4.5
    2452543.883            3.4            5.0
    2452559.914            5.6            6.4
    2452561.795           10.1            8.4
    2452571.791            5.1            5.0
     2452589.81            2.4            5.7
    2452603.782           10.9            4.9
    2452605.724           10.4            4.8
    2452616.772           10.3            5.9
    2452665.604            9.3            4.2
    2452668.611           -0.1            5.3
    2452837.972           12.6            5.4
    2452861.963            9.1            4.1
    2452863.985           12.7            5.2
    2452879.918           -4.2            4.2
    2452880.947            5.8            5.0
    2452898.911           -1.3            4.7
    2452900.928           -2.5            4.8
    2452932.839           -2.3            4.3
    2452934.804            0.9            4.6
    2452963.753           11.1            5.2
    2452965.809           12.4            5.4
     2453022.63            3.6            5.6
     2453208.01           -1.3            3.8
    2453209.978           -3.7            3.7
    2453214.961            3.8            4.2
    2453231.961            7.0            4.0
    2453233.909            2.9            3.9
     2453235.96            0.4            4.2
    2453265.899            2.3            3.8
    2453268.919            4.4            4.0
     2453269.81           -0.4            3.5
    2453286.828           -1.6            3.8
    2453324.713            2.9            5.5
    2453354.654            1.6            3.8
    2453400.642           13.6            7.5
    2453550.983           -2.1            4.4
    2453578.964            4.4            4.6
    2453613.923           10.3            4.2
    2453654.771           -1.2            4.1
    2453701.724           -2.9            4.6
    2453740.745            8.0            4.7
    2453911.993            5.6            3.6
    2453917.013            0.9            3.9
    2453934.974            5.8            3.9
    2453968.925            9.4            3.2
    2453981.851            5.5            3.8
    2453985.899            2.2            4.0
    2454055.755            0.1            3.9
    2454297.975            0.7            4.1
    2454300.974            5.3            4.0
    2454314.939            0.3            3.6
    2454318.981            2.1            4.2
    2454344.859           -2.9            4.3
    2454348.917            2.1            4.0
    2454391.887           -0.3            5.4
    2454394.775            2.7            4.2
    2454418.777            7.1            4.5
    2454420.763            6.0            4.2
    2454440.653            1.1            3.4
    2454443.651            0.0            3.6
    2454481.638            0.9            3.9
    2454503.651            7.6            4.3
    2454645.984            3.8            4.5
    2454646.968            6.1            4.2
    2454668.009           10.4            3.7
    2454681.904           -3.6            3.8
     2454683.97           -2.3            3.8
    2454711.893            2.5            4.1
    2454713.873            2.6            4.2
    2454715.882            3.6            4.6
    2454716.875           13.4            4.1
    2454753.885           -2.7            3.6
     2454755.85           -1.1            3.8
    2454777.733           -3.1            4.1
    2454806.796            2.9            5.5
     2454808.77            4.4            4.3
    2454809.763           -0.4            6.1
    2455026.973            4.5            5.7
    2455063.965            7.4            5.0
    2455099.996           10.5            4.9
    2455116.856            3.5            6.8
    2455154.739            7.1            7.6
    2455174.788           12.4            5.8
    2455364.972            5.6            5.0
    2455419.012            0.9            4.7
    2455446.847           -1.1            3.6
    2455446.856           -1.5            3.1
    2455463.833            6.0            5.2
    2455466.842           10.7            4.8
    2455569.653            2.4            4.1
    2455571.713            2.0            4.6
    2455572.671            4.6            4.8
    2455621.621            7.0            4.6
    2455757.974            2.2            5.0
    2455803.919            0.6            4.3
    2455806.936            1.7            4.3
    2455828.781            9.9            4.2
    2455831.849           -1.1            5.1
    2455861.842           -4.0            4.2
    2455864.796            6.5            4.4
    2455892.745            8.5            4.9
