    2451745.994           -8.0            4.3
    2451778.895            7.9            3.7
    2451808.867            6.7            3.6
    2451853.766            6.0            4.1
    2451856.801            8.5            4.6
    2451898.637            4.0            8.0
    2451932.609            5.5            3.9
    2452163.861           -0.3            4.9
    2452175.851            3.6            4.0
    2452307.598            0.4            4.5
    2452465.989            3.1            5.3
    2452483.985           -2.4            5.0
    2452494.987            3.5            5.0
    2452517.936            5.1            5.2
     2452528.91            6.5            5.2
     2452530.91            9.6            4.5
    2452541.904            5.4            4.5
    2452543.883            7.6            5.0
    2452559.914            7.9            6.4
    2452561.795            2.1            8.4
    2452571.791           -1.5            5.0
     2452589.81            2.5            5.7
    2452603.782            7.7            4.9
    2452605.724           -3.4            4.8
    2452616.772           -4.7            5.9
    2452665.604            9.2            4.2
    2452668.611            1.7            5.3
    2452837.972            3.2            5.4
    2452861.963           -0.3            4.1
    2452863.985            8.3            5.2
    2452879.918            7.2            4.2
    2452880.947            6.0            5.0
    2452898.911            4.1            4.7
    2452900.928           12.0            4.8
    2452932.839            0.4            4.3
    2452934.804           10.4            4.6
    2452963.753           -2.4            5.2
    2452965.809            7.9            5.4
     2453022.63           10.9            5.6
     2453208.01           -5.4            3.8
    2453209.978           11.1            3.7
    2453214.961           -1.1            4.2
    2453231.961           -4.9            4.0
    2453233.909           15.3            3.9
     2453235.96            3.8            4.2
    2453265.899           -4.1            3.8
    2453268.919            0.7            4.0
     2453269.81           -1.1            3.5
    2453286.828           -4.2            3.8
    2453324.713           -1.0            5.5
    2453354.654           -1.2            3.8
    2453400.642           17.6            7.5
    2453550.983            4.9            4.4
    2453578.964            1.0            4.6
    2453613.923            6.4            4.2
    2453654.771            7.9            4.1
    2453701.724            7.2            4.6
    2453740.745           10.1            4.7
    2453911.993           -6.8            3.6
    2453917.013            8.9            3.9
    2453934.974            1.2            3.9
    2453968.925            2.3            3.2
    2453981.851            8.1            3.8
    2453985.899            7.4            4.0
    2454055.755           -0.4            3.9
    2454297.975           12.7            4.1
    2454300.974           10.9            4.0
    2454314.939            8.4            3.6
    2454318.981            0.7            4.2
    2454344.859            7.1            4.3
    2454348.917           17.4            4.0
    2454391.887           -3.3            5.4
    2454394.775            2.3            4.2
    2454418.777           -0.2            4.5
    2454420.763           13.6            4.2
    2454440.653            8.5            3.4
    2454443.651           14.5            3.6
    2454481.638           10.2            3.9
    2454503.651            1.2            4.3
    2454645.984            4.8            4.5
    2454646.968            1.8            4.2
    2454668.009            9.2            3.7
    2454681.904           10.9            3.8
     2454683.97            5.0            3.8
    2454711.893            3.6            4.1
    2454713.873           -1.5            4.2
    2454715.882            7.3            4.6
    2454716.875            7.3            4.1
    2454753.885            9.5            3.6
     2454755.85            5.4            3.8
    2454777.733           11.9            4.1
    2454806.796            4.2            5.5
     2454808.77           -0.6            4.3
    2454809.763           -7.6            6.1
    2455026.973           -1.6            5.7
    2455063.965            9.3            5.0
    2455099.996            8.7            4.9
    2455116.856            8.9            6.8
    2455154.739            8.3            7.6
    2455174.788           13.5            5.8
    2455364.972           11.9            5.0
    2455419.012           -0.1            4.7
    2455446.847            7.4            3.6
    2455446.856            6.9            3.1
    2455463.833            8.0            5.2
    2455466.842            1.7            4.8
    2455569.653            7.0            4.1
    2455571.713            1.6            4.6
    2455572.671            8.3            4.8
    2455621.621            0.1            4.6
    2455757.974           -0.7            5.0
    2455803.919            7.9            4.3
    2455806.936           12.8            4.3
    2455828.781            9.4            4.2
    2455831.849            8.4            5.1
    2455861.842            8.5            4.2
    2455864.796            6.1            4.4
    2455892.745            6.7            4.9
