    2451745.994           -0.7            4.3
    2451778.895           15.1            3.7
    2451808.867            9.3            3.6
    2451853.766            7.5            4.1
    2451856.801           10.1            4.6
    2451898.637            2.8            8.0
    2451932.609           -1.6            3.9
    2452163.861           19.0            4.9
    2452175.851           16.3            4.0
    2452307.598            4.3            4.5
    2452465.989            3.3            5.3
    2452483.985            6.0            5.0
    2452494.987            3.8            5.0
    2452517.936            8.6            5.2
     2452528.91            6.5            5.2
     2452530.91           16.9            4.5
    2452541.904           19.8            4.5
    2452543.883           -1.4            5.0
    2452559.914            8.2            6.4
    2452561.795           14.7            8.4
    2452571.791           13.7            5.0
     2452589.81           -0.1            5.7
    2452603.782           -7.0            4.9
    2452605.724            9.1            4.8
    2452616.772            5.0            5.9
    2452665.604            7.4            4.2
    2452668.611           -4.7            5.3
    2452837.972            2.6            5.4
    2452861.963           -1.1            4.1
    2452863.985            0.3            5.2
    2452879.918            1.7            4.2
    2452880.947            9.3            5.0
    2452898.911           -6.7            4.7
    2452900.928           12.7            4.8
    2452932.839           -6.5            4.3
    2452934.804           11.3            4.6
    2452963.753            0.2            5.2
    2452965.809            4.6            5.4
     2453022.63            1.3            5.6
     2453208.01            0.7            3.8
    2453209.978            5.4            3.7
    2453214.961            6.8            4.2
    2453231.961           -1.5            4.0
    2453233.909           16.8            3.9
     2453235.96            1.7            4.2
    2453265.899            0.4            3.8
    2453268.919            8.6            4.0
     2453269.81            3.3            3.5
    2453286.828            9.4            3.8
    2453324.713           18.5            5.5
    2453354.654            4.0            3.8
    2453400.642            4.9            7.5
    2453550.983           13.3            4.4
    2453578.964           -5.4            4.6
    2453613.923           -6.0            4.2
    2453654.771            6.7            4.1
    2453701.724           12.3            4.6
    2453740.745            0.0            4.7
    2453911.993          -11.4            3.6
    2453917.013            8.9            3.9
    2453934.974          -10.4            3.9
    2453968.925           -9.0            3.2
    2453981.851           12.8            3.8
    2453985.899           18.1            4.0
    2454055.755           -3.8            3.9
    2454297.975          -11.5            4.1
    2454300.974           -0.8            4.0
    2454314.939           14.9            3.6
    2454318.981            2.6            4.2
    2454344.859           10.6            4.3
    2454348.917           18.9            4.0
    2454391.887            4.2            5.4
    2454394.775           15.6            4.2
    2454418.777           -0.0            4.5
    2454420.763            7.8            4.2
    2454440.653            3.6            3.4
    2454443.651            3.3            3.6
    2454481.638            4.0            3.9
    2454503.651            7.1            4.3
    2454645.984           -0.3            4.5
    2454646.968            7.3            4.2
    2454668.009           -1.6            3.7
    2454681.904            3.9            3.8
     2454683.97           -7.0            3.8
    2454711.893           18.4            4.1
    2454713.873            3.2            4.2
    2454715.882            8.7            4.6
    2454716.875           -5.7            4.1
    2454753.885            6.3            3.6
     2454755.85            7.6            3.8
    2454777.733           -2.0            4.1
    2454806.796            4.7            5.5
     2454808.77           -6.0            4.3
    2454809.763            6.3            6.1
    2455026.973           -6.8            5.7
    2455063.965           12.4            5.0
    2455099.996           12.6            4.9
    2455116.856            6.2            6.8
    2455154.739           14.3            7.6
    2455174.788           -6.1            5.8
    2455364.972            1.8            5.0
    2455419.012           11.7            4.7
    2455446.847           -7.6            3.6
    2455446.856           -8.0            3.1
    2455463.833           20.6            5.2
    2455466.842            5.5            4.8
    2455569.653            3.5            4.1
    2455571.713          -11.2            4.6
    2455572.671            1.1            4.8
    2455621.621           11.4            4.6
    2455757.974           11.6            5.0
    2455803.919           19.0            4.3
    2455806.936            5.0            4.3
    2455828.781            1.4            4.2
    2455831.849           -3.3            5.1
    2455861.842            9.4            4.2
    2455864.796            9.2            4.4
    2455892.745           -0.2            4.9
