    2451745.994           15.5            4.3
    2451778.895            9.8            3.7
    2451808.867           -4.4            3.6
    2451853.766            1.8            4.1
    2451856.801            7.9            4.6
    2451898.637            9.0            8.0
    2451932.609           17.5            3.9
    2452163.861           13.3            4.9
    2452175.851           13.1            4.0
    2452307.598           -4.1            4.5
    2452465.989           13.3            5.3
    2452483.985           -2.0            5.0
    2452494.987           -5.9            5.0
    2452517.936            5.7            5.2
     2452528.91           -2.2            5.2
     2452530.91           -6.3            4.5
    2452541.904           -3.6            4.5
    2452543.883           13.0            5.0
    2452559.914            8.7            6.4
    2452561.795           -1.9            8.4
    2452571.791           14.0            5.0
     2452589.81           -2.1            5.7
    2452603.782           -3.9            4.9
    2452605.724            9.6            4.8
    2452616.772           11.1            5.9
    2452665.604           -2.1            4.2
    2452668.611            4.9            5.3
    2452837.972           -3.9            5.4
    2452861.963           14.4            4.1
    2452863.985            6.3            5.2
    2452879.918           -9.3            4.2
    2452880.947            8.1            5.0
    2452898.911            3.0            4.7
    2452900.928           17.0            4.8
    2452932.839           -4.8            4.3
    2452934.804           12.7            4.6
    2452963.753           -8.3            5.2
    2452965.809            1.6            5.4
     2453022.63            1.3            5.6
     2453208.01           12.1            3.8
    2453209.978            4.8            3.7
    2453214.961           -5.3            4.2
    2453231.961           -3.1            4.0
    2453233.909           -4.0            3.9
     2453235.96           12.2            4.2
    2453265.899           10.0            3.8
    2453268.919           13.4            4.0
     2453269.81            5.5            3.5
    2453286.828           -0.7            3.8
    2453324.713           13.1            5.5
    2453354.654           -3.9            3.8
    2453400.642           14.7            7.5
    2453550.983           12.8            4.4
    2453578.964           16.4            4.6
    2453613.923           -5.3            4.2
    2453654.771            5.9            4.1
    2453701.724           15.1            4.6
    2453740.745           12.0            4.7
    2453911.993           -1.9            3.6
    2453917.013           11.3            3.9
    2453934.974           -4.5            3.9
    2453968.925            3.8            3.2
    2453981.851           -8.5            3.8
    2453985.899           11.3            4.0
    2454055.755           11.4            3.9
    2454297.975            2.0            4.1
    2454300.974            7.7            4.0
    2454314.939            7.2            3.6
    2454318.981            1.0            4.2
    2454344.859           -2.5            4.3
    2454348.917           18.2            4.0
    2454391.887           -3.9            5.4
    2454394.775           -7.4            4.2
    2454418.777           15.0            4.5
    2454420.763            4.6            4.2
    2454440.653            9.8            3.4
    2454443.651           12.9            3.6
    2454481.638           -6.9            3.9
    2454503.651           -5.9            4.3
    2454645.984           -7.3            4.5
    2454646.968            8.6            4.2
    2454668.009           -3.3            3.7
    2454681.904           -1.7            3.8
     2454683.97           14.4            3.8
    2454711.893           11.0            4.1
    2454713.873            5.8            4.2
    2454715.882           -8.5            4.6
    2454716.875            9.8            4.1
    2454753.885            7.0            3.6
     2454755.85            7.7            3.8
    2454777.733            3.1            4.1
    2454806.796           16.5            5.5
     2454808.77           12.0            4.3
    2454809.763           13.9            6.1
    2455026.973           15.8            5.7
    2455063.965           -1.5            5.0
    2455099.996            6.8            4.9
    2455116.856           10.0            6.8
    2455154.739           13.0            7.6
    2455174.788           13.8            5.8
    2455364.972           10.6            5.0
    2455419.012           -7.6            4.7
    2455446.847           -6.4            3.6
    2455446.856           -6.9            3.1
    2455463.833           -1.4            5.2
    2455466.842            3.1            4.8
    2455569.653           -6.5            4.1
    2455571.713            2.6            4.6
    2455572.671           -3.2            4.8
    2455621.621            9.2            4.6
    2455757.974           15.1            5.0
    2455803.919           -8.0            4.3
    2455806.936           -6.4            4.3
    2455828.781           -6.0            4.2
    2455831.849           -7.5            5.1
    2455861.842            4.7            4.2
    2455864.796            1.2            4.4
    2455892.745            1.4            4.9
