    2451745.994          -25.1            4.3
    2451778.895          -29.0            3.7
    2451808.867           31.3            3.6
    2451853.766          -29.7            4.1
    2451856.801           12.2            4.6
    2451898.637           11.1            8.0
    2451932.609          -33.4            3.9
    2452163.861          -22.8            4.9
    2452175.851           36.5            4.0
    2452307.598            9.8            4.5
    2452465.989          -25.2            5.3
    2452483.985          -19.8            5.0
    2452494.987           -4.1            5.0
    2452517.936          -14.2            5.2
     2452528.91           32.3            5.2
     2452530.91          -29.7            4.5
    2452541.904            8.9            4.5
    2452543.883           22.7            5.0
    2452559.914          -24.0            6.4
    2452561.795           41.6            8.4
    2452571.791           13.2            5.0
     2452589.81           45.1            5.7
    2452603.782           32.4            4.9
    2452605.724          -34.3            4.8
    2452616.772           19.4            5.9
    2452665.604          -12.0            4.2
    2452668.611           39.2            5.3
    2452837.972          -23.5            5.4
    2452861.963           -2.1            4.1
    2452863.985           21.3            5.2
    2452879.918          -19.1            4.2
    2452880.947           17.4            5.0
    2452898.911          -15.6            4.7
    2452900.928           44.1            4.8
    2452932.839           31.4            4.3
    2452934.804          -22.8            4.6
    2452963.753          -28.8            5.2
    2452965.809           34.2            5.4
     2453022.63           17.5            5.6
     2453208.01            4.0            3.8
    2453209.978           -2.7            3.7
    2453214.961           16.4            4.2
    2453231.961          -23.6            4.0
    2453233.909           26.4            3.9
     2453235.96           12.0            4.2
    2453265.899          -10.0            3.8
    2453268.919           -6.1            4.0
     2453269.81          -27.1            3.5
    2453286.828           21.7            3.8
    2453324.713          -19.2            5.5
    2453354.654           14.1            3.8
    2453400.642          -21.1            7.5
    2453550.983           23.8            4.4
    2453578.964           25.9            4.6
    2453613.923          -21.6            4.2
    2453654.771          -33.0            4.1
    2453701.724          -30.8            4.6
    2453740.745           16.0            4.7
    2453911.993           41.5            3.6
    2453917.013           35.4            3.9
    2453934.974           27.9            3.9
    2453968.925           25.0            3.2
    2453981.851           41.6            3.8
    2453985.899            4.3            4.0
    2454055.755            7.6            3.9
    2454297.975           40.0            4.1
    2454300.974          -17.0            4.0
    2454314.939          -11.1            3.6
    2454318.981          -25.4            4.2
    2454344.859           37.3            4.3
    2454348.917           31.3            4.0
    2454391.887           43.5            5.4
    2454394.775           13.3            4.2
    2454418.777           34.5            4.5
    2454420.763          -13.8            4.2
    2454440.653           -9.7            3.4
    2454443.651           -7.6            3.6
    2454481.638          -21.1            3.9
    2454503.651           33.7            4.3
    2454645.984           34.5            4.5
    2454646.968            8.7            4.2
    2454668.009          -24.0            3.7
    2454681.904           -3.8            3.8
     2454683.97           35.9            3.8
    2454711.893           29.7            4.1
    2454713.873          -35.6            4.2
    2454715.882           30.3            4.6
    2454716.875           16.3            4.1
    2454753.885           41.6            3.6
     2454755.85          -31.3            3.8
    2454777.733            6.8            4.1
    2454806.796          -19.4            5.5
     2454808.77           12.0            4.3
    2454809.763           33.2            6.1
    2455026.973           35.3            5.7
    2455063.965           31.7            5.0
    2455099.996          -34.0            4.9
    2455116.856           11.5            6.8
    2455154.739          -14.4            7.6
    2455174.788          -23.0            5.8
    2455364.972           20.1            5.0
    2455419.012           -4.1            4.7
    2455446.847          -17.6            3.6
    2455446.856          -17.1            3.1
    2455463.833           40.4            5.2
    2455466.842          -14.3            4.8
    2455569.653           -6.5            4.1
    2455571.713           37.8            4.6
    2455572.671           -7.4            4.8
    2455621.621            7.2            4.6
    2455757.974          -16.2            5.0
    2455803.919           15.2            4.3
    2455806.936           29.7            4.3
    2455828.781          -12.0            4.2
    2455831.849           15.1            5.1
    2455861.842          -24.6            4.2
    2455864.796           -9.9            4.4
    2455892.745           -5.9            4.9
