    2451745.994            2.5            4.3
    2451778.895            6.7            3.7
    2451808.867            4.9            3.6
    2451853.766            7.5            4.1
    2451856.801            9.2            4.6
    2451898.637            7.1            8.0
    2451932.609            4.1            3.9
    2452163.861            2.1            4.9
    2452175.851            3.7            4.0
    2452307.598            5.8            4.5
    2452465.989            6.8            5.3
    2452483.985            2.6            5.0
    2452494.987            6.8            5.0
    2452517.936            7.4            5.2
     2452528.91           10.5            5.2
     2452530.91            7.8            4.5
    2452541.904            9.1            4.5
    2452543.883            7.8            5.0
    2452559.914            1.6            6.4
    2452561.795            2.5            8.4
    2452571.791            1.5            5.0
     2452589.81            9.1            5.7
    2452603.782            5.6            4.9
    2452605.724            8.5            4.8
    2452616.772           14.0            5.9
    2452665.604            8.2            4.2
    2452668.611           10.1            5.3
    2452837.972            6.6            5.4
    2452861.963            2.0            4.1
    2452863.985            6.8            5.2
    2452879.918            9.4            4.2
    2452880.947            6.6            5.0
    2452898.911            1.2            4.7
    2452900.928            3.2            4.8
    2452932.839           -0.1            4.3
    2452934.804           -1.2            4.6
    2452963.753            8.4            5.2
    2452965.809            9.8            5.4
     2453022.63           -2.3            5.6
     2453208.01            2.9            3.8
    2453209.978            0.5            3.7
    2453214.961           10.2            4.2
    2453231.961            0.3            4.0
    2453233.909           -0.4            3.9
     2453235.96           -0.6            4.2
    2453265.899           11.2            3.8
    2453268.919            3.1            4.0
     2453269.81            1.7            3.5
    2453286.828            1.8            3.8
    2453324.713            3.5            5.5
    2453354.654            9.3            3.8
    2453400.642            6.8            7.5
    2453550.983            5.2            4.4
    2453578.964            5.2            4.6
    2453613.923            5.9            4.2
    2453654.771            9.0            4.1
    2453701.724            8.6            4.6
    2453740.745            7.4            4.7
    2453911.993            4.2            3.6
    2453917.013            6.7            3.9
    2453934.974           -1.4            3.9
    2453968.925            1.8            3.2
    2453981.851            1.2            3.8
    2453985.899            2.4            4.0
    2454055.755            1.2            3.9
    2454297.975            3.3            4.1
    2454300.974            4.1            4.0
    2454314.939            7.1            3.6
    2454318.981            3.7            4.2
    2454344.859            1.8            4.3
    2454348.917           -0.4            4.0
    2454391.887            6.7            5.4
    2454394.775           -2.2            4.2
    2454418.777            7.3            4.5
    2454420.763            1.5            4.2
    2454440.653            6.3            3.4
    2454443.651           -0.1            3.6
    2454481.638            1.6            3.9
    2454503.651           11.3            4.3
    2454645.984           -1.1            4.5
    2454646.968           -2.7            4.2
    2454668.009            3.1            3.7
    2454681.904            3.4            3.8
     2454683.97           -1.6            3.8
    2454711.893            7.6            4.1
    2454713.873            9.6            4.2
    2454715.882            8.8            4.6
    2454716.875            9.2            4.1
    2454753.885            9.2            3.6
     2454755.85            4.5            3.8
    2454777.733            4.1            4.1
    2454806.796            7.0            5.5
     2454808.77            0.7            4.3
    2454809.763            2.4            6.1
    2455026.973           11.7            5.7
    2455063.965           12.5            5.0
    2455099.996           11.2            4.9
    2455116.856            8.3            6.8
    2455154.739            7.0            7.6
    2455174.788            7.1            5.8
    2455364.972            8.3            5.0
    2455419.012            1.0            4.7
    2455446.847            4.1            3.6
    2455446.856            3.6            3.1
    2455463.833            5.3            5.2
    2455466.842            5.2            4.8
    2455569.653            0.6            4.1
    2455571.713            5.8            4.6
    2455572.671            6.8            4.8
    2455621.621            0.9            4.6
    2455757.974           -1.9            5.0
    2455803.919            3.5            4.3
    2455806.936           -0.3            4.3
    2455828.781           10.0            4.2
    2455831.849            2.3            5.1
    2455861.842            5.1            4.2
    2455864.796           10.4            4.4
    2455892.745            1.4            4.9
