    2451745.994            4.0            4.3
    2451778.895           -0.6            3.7
    2451808.867           -0.8            3.6
    2451853.766            5.4            4.1
    2451856.801            3.2            4.6
    2451898.637           10.6            8.0
    2451932.609            3.6            3.9
    2452163.861            8.4            4.9
    2452175.851            1.3            4.0
    2452307.598            7.6            4.5
    2452465.989            9.8            5.3
    2452483.985            1.5            5.0
    2452494.987            1.9            5.0
    2452517.936            0.4            5.2
     2452528.91            4.9            5.2
     2452530.91            2.0            4.5
    2452541.904            1.0            4.5
    2452543.883            6.6            5.0
    2452559.914           11.2            6.4
    2452561.795            4.1            8.4
    2452571.791            0.7            5.0
     2452589.81            9.1            5.7
    2452603.782            9.6            4.9
    2452605.724            1.3            4.8
    2452616.772            9.5            5.9
    2452665.604           -0.2            4.2
    2452668.611            3.1            5.3
    2452837.972            4.4            5.4
    2452861.963            7.1            4.1
    2452863.985            0.7            5.2
    2452879.918            5.6            4.2
    2452880.947            0.6            5.0
    2452898.911            8.0            4.7
    2452900.928            0.6            4.8
    2452932.839            8.9            4.3
    2452934.804            0.3            4.6
    2452963.753            7.5            5.2
    2452965.809            5.8            5.4
     2453022.63            3.6            5.6
     2453208.01            6.8            3.8
    2453209.978           -0.4            3.7
    2453214.961            8.6            4.2
    2453231.961            8.9            4.0
    2453233.909           -0.1            3.9
     2453235.96            6.6            4.2
    2453265.899            7.9            3.8
    2453268.919            8.6            4.0
     2453269.81            3.6            3.5
    2453286.828            1.9            3.8
    2453324.713            1.3            5.5
    2453354.654           -0.8            3.8
    2453400.642            9.6            7.5
    2453550.983            8.9            4.4
    2453578.964            4.6            4.6
    2453613.923            1.6            4.2
    2453654.771            5.8            4.1
    2453701.724            6.1            4.6
    2453740.745            1.1            4.7
    2453911.993            0.5            3.6
    2453917.013            7.1            3.9
    2453934.974            4.8            3.9
    2453968.925            1.0            3.2
    2453981.851            5.9            3.8
    2453985.899            0.6            4.0
    2454055.755            6.7            3.9
    2454297.975            3.8            4.1
    2454300.974            6.6            4.0
    2454314.939            2.0            3.6
    2454318.981           -0.6            4.2
    2454344.859            5.8            4.3
    2454348.917            0.3            4.0
    2454391.887            7.1            5.4
    2454394.775            8.7            4.2
    2454418.777            5.8            4.5
    2454420.763            5.4            4.2
    2454440.653            2.1            3.4
    2454443.651           -0.3            3.6
    2454481.638            7.7            3.9
    2454503.651           -0.1            4.3
    2454645.984            6.4            4.5
    2454646.968            7.5            4.2
    2454668.009            0.5            3.7
    2454681.904           -0.6            3.8
     2454683.97            7.2            3.8
    2454711.893            0.1            4.1
    2454713.873            9.0            4.2
    2454715.882            1.6            4.6
    2454716.875            8.4            4.1
    2454753.885            7.7            3.6
     2454755.85           -0.9            3.8
    2454777.733            8.3            4.1
    2454806.796            3.5            5.5
     2454808.77            3.5            4.3
    2454809.763            1.7            6.1
    2455026.973            7.1            5.7
    2455063.965            5.8            5.0
    2455099.996            9.0            4.9
    2455116.856           11.0            6.8
    2455154.739            8.0            7.6
    2455174.788            7.3            5.8
    2455364.972            6.9            5.0
    2455419.012            8.0            4.7
    2455446.847            5.4            3.6
    2455446.856            4.8            3.1
    2455463.833            5.6            5.2
    2455466.842            7.9            4.8
    2455569.653            3.2            4.1
    2455571.713            2.0            4.6
    2455572.671            1.3            4.8
    2455621.621            6.1            4.6
    2455757.974            5.4            5.0
    2455803.919           -0.1            4.3
    2455806.936            1.7            4.3
    2455828.781            7.1            4.2
    2455831.849            5.6            5.1
    2455861.842            2.6            4.2
    2455864.796            0.4            4.4
    2455892.745            8.2            4.9
