    2451745.994           -2.8            4.3
    2451778.895            0.4            3.7
    2451808.867            0.1            3.6
    2451853.766           -4.6            4.1
    2451856.801           -1.0            4.6
    2451898.637            6.8            8.0
    2451932.609           -3.9            3.9
    2452163.861            6.4            4.9
    2452175.851           25.1            4.0
    2452307.598           17.5            4.5
    2452465.989          -11.6            5.3
    2452483.985           12.4            5.0
    2452494.987            7.4            5.0
    2452517.936          -13.3            5.2
     2452528.91            4.8            5.2
     2452530.91            8.9            4.5
    2452541.904           10.5            4.5
    2452543.883          -10.1            5.0
    2452559.914           -0.6            6.4
    2452561.795           -6.9            8.4
    2452571.791           -4.4            5.0
     2452589.81            4.2            5.7
    2452603.782            3.1            4.9
    2452605.724            7.1            4.8
    2452616.772           22.4            5.9
    2452665.604           17.7            4.2
    2452668.611           23.0            5.3
    2452837.972            0.8            5.4
    2452861.963           17.1            4.1
    2452863.985          -10.0            5.2
    2452879.918            6.0            4.2
    2452880.947            4.9            5.0
    2452898.911           13.4            4.7
    2452900.928            5.5            4.8
    2452932.839          -11.2            4.3
    2452934.804            9.1            4.6
    2452963.753           -7.9            5.2
    2452965.809           -2.0            5.4
     2453022.63            6.9            5.6
     2453208.01           15.7            3.8
    2453209.978            1.7            3.7
    2453214.961           -3.3            4.2
    2453231.961            3.7            4.0
    2453233.909           28.0            3.9
     2453235.96            9.3            4.2
    2453265.899            0.9            3.8
    2453268.919          -12.7            4.0
     2453269.81            6.7            3.5
    2453286.828            6.0            3.8
    2453324.713           15.6            5.5
    2453354.654           13.4            3.8
    2453400.642            8.6            7.5
    2453550.983            1.2            4.4
    2453578.964           14.4            4.6
    2453613.923           -8.8            4.2
    2453654.771           13.9            4.1
    2453701.724            9.2            4.6
    2453740.745           -9.5            4.7
    2453911.993           -1.0            3.6
    2453917.013            5.8            3.9
    2453934.974            9.7            3.9
    2453968.925           18.2            3.2
    2453981.851            4.6            3.8
    2453985.899           -3.9            4.0
    2454055.755           -4.1            3.9
    2454297.975           13.5            4.1
    2454300.974           -3.2            4.0
    2454314.939           12.3            3.6
    2454318.981           18.3            4.2
    2454344.859           10.4            4.3
    2454348.917           -8.4            4.0
    2454391.887           15.9            5.4
    2454394.775           14.9            4.2
    2454418.777            2.2            4.5
    2454420.763           13.2            4.2
    2454440.653           14.8            3.4
    2454443.651           -0.2            3.6
    2454481.638           -1.4            3.9
    2454503.651            3.7            4.3
    2454645.984           -6.5            4.5
    2454646.968            7.4            4.2
    2454668.009            1.6            3.7
    2454681.904           -4.4            3.8
     2454683.97           -7.5            3.8
    2454711.893           14.9            4.1
    2454713.873            4.8            4.2
    2454715.882           -6.2            4.6
    2454716.875           19.1            4.1
    2454753.885           -4.9            3.6
     2454755.85            9.6            3.8
    2454777.733           -6.0            4.1
    2454806.796            3.9            5.5
     2454808.77            9.9            4.3
    2454809.763           16.9            6.1
    2455026.973           25.7            5.7
    2455063.965            2.0            5.0
    2455099.996            5.6            4.9
    2455116.856           28.4            6.8
    2455154.739            3.3            7.6
    2455174.788            3.4            5.8
    2455364.972            1.5            5.0
    2455419.012            5.4            4.7
    2455446.847           20.0            3.6
    2455446.856           19.6            3.1
    2455463.833           -0.6            5.2
    2455466.842           -1.0            4.8
    2455569.653           10.1            4.1
    2455571.713           -1.6            4.6
    2455572.671           -5.2            4.8
    2455621.621            7.4            4.6
    2455757.974           -8.2            5.0
    2455803.919           17.0            4.3
    2455806.936           -0.5            4.3
    2455828.781           17.5            4.2
    2455831.849            7.5            5.1
    2455861.842            9.3            4.2
    2455864.796           -1.8            4.4
    2455892.745            2.8            4.9
