    2451745.994            1.5            4.3
    2451778.895            1.9            3.7
    2451808.867           11.0            3.6
    2451853.766            6.5            4.1
    2451856.801            3.9            4.6
    2451898.637           11.7            8.0
    2451932.609           12.1            3.9
    2452163.861            0.9            4.9
    2452175.851            4.8            4.0
    2452307.598            6.0            4.5
    2452465.989            2.9            5.3
    2452483.985           10.0            5.0
    2452494.987            8.0            5.0
    2452517.936            5.0            5.2
     2452528.91           10.3            5.2
     2452530.91           10.2            4.5
    2452541.904            8.6            4.5
    2452543.883            2.9            5.0
    2452559.914            1.2            6.4
    2452561.795           12.5            8.4
    2452571.791            0.9            5.0
     2452589.81            2.8            5.7
    2452603.782            0.2            4.9
    2452605.724            9.9            4.8
    2452616.772            7.9            5.9
    2452665.604            3.9            4.2
    2452668.611           -0.2            5.3
    2452837.972           -0.1            5.4
    2452861.963            3.7            4.1
    2452863.985            8.3            5.2
    2452879.918            2.4            4.2
    2452880.947            8.2            5.0
    2452898.911            8.7            4.7
    2452900.928            8.6            4.8
    2452932.839            5.5            4.3
    2452934.804           -1.8            4.6
    2452963.753            8.3            5.2
    2452965.809            7.0            5.4
     2453022.63            6.1            5.6
     2453208.01            0.1            3.8
    2453209.978            3.3            3.7
    2453214.961            3.2            4.2
    2453231.961            2.9            4.0
    2453233.909           -2.4            3.9
     2453235.96            5.4            4.2
    2453265.899           -7.6            3.8
    2453268.919            3.2            4.0
     2453269.81            6.8            3.5
    2453286.828            6.3            3.8
    2453324.713            4.0            5.5
    2453354.654            3.6            3.8
    2453400.642           12.9            7.5
    2453550.983            6.8            4.4
    2453578.964            2.8            4.6
    2453613.923            4.9            4.2
    2453654.771           -2.3            4.1
    2453701.724            4.8            4.6
    2453740.745            2.3            4.7
    2453911.993            3.5            3.6
    2453917.013            5.4            3.9
    2453934.974           -6.1            3.9
    2453968.925            9.7            3.2
    2453981.851            5.8            3.8
    2453985.899            6.1            4.0
    2454055.755            8.6            3.9
    2454297.975           -1.0            4.1
    2454300.974            7.7            4.0
    2454314.939            4.7            3.6
    2454318.981            8.8            4.2
    2454344.859            6.5            4.3
    2454348.917            6.9            4.0
    2454391.887           13.9            5.4
    2454394.775            5.7            4.2
    2454418.777            0.6            4.5
    2454420.763           -1.3            4.2
    2454440.653            1.6            3.4
    2454443.651           10.5            3.6
    2454481.638            8.5            3.9
    2454503.651            3.6            4.3
    2454645.984            3.6            4.5
    2454646.968            6.7            4.2
    2454668.009           -0.7            3.7
    2454681.904            6.3            3.8
     2454683.97            7.7            3.8
    2454711.893           -0.3            4.1
    2454713.873            2.2            4.2
    2454715.882            3.7            4.6
    2454716.875            7.2            4.1
    2454753.885           -0.3            3.6
     2454755.85           -0.9            3.8
    2454777.733            6.9            4.1
    2454806.796            9.4            5.5
     2454808.77            2.6            4.3
    2454809.763            4.7            6.1
    2455026.973           15.7            5.7
    2455063.965            1.4            5.0
    2455099.996            8.0            4.9
    2455116.856           12.5            6.8
    2455154.739           13.0            7.6
    2455174.788           10.4            5.8
    2455364.972            7.4            5.0
    2455419.012            7.1            4.7
    2455446.847           -1.6            3.6
    2455446.856           -2.0            3.1
    2455463.833            4.0            5.2
    2455466.842           -0.8            4.8
    2455569.653            1.4            4.1
    2455571.713            2.0            4.6
    2455572.671            5.5            4.8
    2455621.621            4.7            4.6
    2455757.974            3.6            5.0
    2455803.919            3.7            4.3
    2455806.936           13.3            4.3
    2455828.781           -1.3            4.2
    2455831.849            4.1            5.1
    2455861.842            2.4            4.2
    2455864.796            7.9            4.4
    2455892.745            1.0            4.9
