    2451745.994           -0.5            4.3
    2451778.895            2.8            3.7
    2451808.867            5.7            3.6
    2451853.766           32.0            4.1
    2451856.801           -2.4            4.6
    2451898.637           45.6            8.0
    2451932.609          -18.4            3.9
    2452163.861          -19.4            4.9
    2452175.851          -24.2            4.0
    2452307.598            7.8            4.5
    2452465.989            8.2            5.3
    2452483.985            8.7            5.0
    2452494.987          -19.5            5.0
    2452517.936           31.7            5.2
     2452528.91           39.4            5.2
     2452530.91          -10.9            4.5
    2452541.904           36.9            4.5
    2452543.883          -29.0            5.0
    2452559.914          -16.0            6.4
    2452561.795           32.0            8.4
    2452571.791           -3.4            5.0
     2452589.81           39.3            5.7
    2452603.782           -8.8            4.9
    2452605.724           31.7            4.8
    2452616.772           11.7            5.9
    2452665.604           -8.2            4.2
    2452668.611          -28.6            5.3
    2452837.972           16.5            5.4
    2452861.963           19.0            4.1
    2452863.985           14.4            5.2
    2452879.918           -5.8            4.2
    2452880.947           18.1            5.0
    2452898.911            1.8            4.7
    2452900.928           29.3            4.8
    2452932.839            9.8            4.3
    2452934.804           -8.2            4.6
    2452963.753          -31.0            5.2
    2452965.809           29.8            5.4
     2453022.63           19.0            5.6
     2453208.01           -0.1            3.8
    2453209.978           30.6            3.7
    2453214.961           -9.4            4.2
    2453231.961           -4.3            4.0
    2453233.909           37.8            3.9
     2453235.96           -4.9            4.2
    2453265.899           36.7            3.8
    2453268.919           22.2            4.0
     2453269.81            9.6            3.5
    2453286.828           12.5            3.8
    2453324.713           -7.3            5.5
    2453354.654           16.6            3.8
    2453400.642          -24.6            7.5
    2453550.983          -18.3            4.4
    2453578.964          -14.0            4.6
    2453613.923           28.2            4.2
    2453654.771           14.3            4.1
    2453701.724           32.9            4.6
    2453740.745          -20.2            4.7
    2453911.993           15.2            3.6
    2453917.013           34.0            3.9
    2453934.974          -27.0            3.9
    2453968.925           14.4            3.2
    2453981.851           27.9            3.8
    2453985.899           21.8            4.0
    2454055.755           -4.3            3.9
    2454297.975           21.2            4.1
    2454300.974           35.9            4.0
    2454314.939          -30.8            3.6
    2454318.981          -13.4            4.2
    2454344.859           10.5            4.3
    2454348.917           26.4            4.0
    2454391.887          -24.5            5.4
    2454394.775           -2.5            4.2
    2454418.777            0.2            4.5
    2454420.763           -2.6            4.2
    2454440.653          -26.9            3.4
    2454443.651            1.7            3.6
    2454481.638           19.6            3.9
    2454503.651           -9.5            4.3
    2454645.984           20.1            4.5
    2454646.968          -19.6            4.2
    2454668.009           10.0            3.7
    2454681.904           16.4            3.8
     2454683.97           -0.3            3.8
    2454711.893          -17.7            4.1
    2454713.873           21.8            4.2
    2454715.882           -7.2            4.6
    2454716.875            2.9            4.1
    2454753.885           13.4            3.6
     2454755.85          -11.5            3.8
    2454777.733           16.3            4.1
    2454806.796            3.0            5.5
     2454808.77           11.5            4.3
    2454809.763           22.7            6.1
    2455026.973           -4.3            5.7
    2455063.965            3.7            5.0
    2455099.996          -12.9            4.9
    2455116.856           19.1            6.8
    2455154.739           37.4            7.6
    2455174.788            6.9            5.8
    2455364.972           31.8            5.0
    2455419.012          -37.4            4.7
    2455446.847           12.3            3.6
    2455446.856           10.2            3.1
    2455463.833          -32.0            5.2
    2455466.842          -14.3            4.8
    2455569.653           16.8            4.1
    2455571.713           -7.3            4.6
    2455572.671          -25.3            4.8
    2455621.621            1.5            4.6
    2455757.974           25.1            5.0
    2455803.919           -8.7            4.3
    2455806.936          -23.0            4.3
    2455828.781          -14.7            4.2
    2455831.849          -26.4            5.1
    2455861.842           41.9            4.2
    2455864.796            9.6            4.4
    2455892.745          -20.8            4.9
