    2451745.994           22.7            4.3
    2451778.895            4.8            3.7
    2451808.867           24.8            3.6
    2451853.766            6.8            4.1
    2451856.801            6.6            4.6
    2451898.637           22.3            8.0
    2451932.609           18.7            3.9
    2452163.861            4.9            4.9
    2452175.851           -8.7            4.0
    2452307.598            3.3            4.5
    2452465.989           12.9            5.3
    2452483.985           19.5            5.0
    2452494.987           16.0            5.0
    2452517.936            0.7            5.2
     2452528.91           -6.7            5.2
     2452530.91          -15.1            4.5
    2452541.904          -15.2            4.5
    2452543.883           10.2            5.0
    2452559.914          -13.9            6.4
    2452561.795            4.2            8.4
    2452571.791           -6.9            5.0
     2452589.81           -0.9            5.7
    2452603.782          -18.6            4.9
    2452605.724           14.8            4.8
    2452616.772           16.1            5.9
    2452665.604          -18.5            4.2
    2452668.611           25.4            5.3
    2452837.972           10.3            5.4
    2452861.963          -15.3            4.1
    2452863.985            0.5            5.2
    2452879.918           23.3            4.2
    2452880.947           21.4            5.0
    2452898.911           10.6            4.7
    2452900.928            5.0            4.8
    2452932.839            3.9            4.3
    2452934.804           -2.4            4.6
    2452963.753            7.1            5.2
    2452965.809           -4.7            5.4
     2453022.63            6.3            5.6
     2453208.01           -6.7            3.8
    2453209.978           17.9            3.7
    2453214.961            5.3            4.2
    2453231.961           27.5            4.0
    2453233.909           14.7            3.9
     2453235.96          -18.7            4.2
    2453265.899           18.2            3.8
    2453268.919          -11.7            4.0
     2453269.81          -15.8            3.5
    2453286.828            1.2            3.8
    2453324.713            9.9            5.5
    2453354.654            5.2            3.8
    2453400.642            8.1            7.5
    2453550.983           -3.2            4.4
    2453578.964            7.7            4.6
    2453613.923          -10.6            4.2
    2453654.771          -18.7            4.1
    2453701.724            5.5            4.6
    2453740.745           30.4            4.7
    2453911.993           11.8            3.6
    2453917.013            1.6            3.9
    2453934.974            2.9            3.9
    2453968.925           23.4            3.2
    2453981.851           20.9            3.8
    2453985.899            2.2            4.0
    2454055.755            1.1            3.9
    2454297.975            4.8            4.1
    2454300.974          -13.2            4.0
    2454314.939           26.8            3.6
    2454318.981            0.7            4.2
    2454344.859            8.7            4.3
    2454348.917           -5.4            4.0
    2454391.887           -5.1            5.4
    2454394.775           -4.5            4.2
    2454418.777            1.8            4.5
    2454420.763            4.5            4.2
    2454440.653            9.8            3.4
    2454443.651           -9.9            3.6
    2454481.638           14.1            3.9
    2454503.651           -9.3            4.3
    2454645.984            1.9            4.5
    2454646.968           -1.9            4.2
    2454668.009           14.6            3.7
    2454681.904           -0.1            3.8
     2454683.97          -17.7            3.8
    2454711.893            5.7            4.1
    2454713.873           -9.4            4.2
    2454715.882            3.4            4.6
    2454716.875           13.2            4.1
    2454753.885           -8.0            3.6
     2454755.85          -12.5            3.8
    2454777.733            4.2            4.1
    2454806.796          -13.1            5.5
     2454808.77            1.4            4.3
    2454809.763           10.8            6.1
    2455026.973          -14.4            5.7
    2455063.965           10.6            5.0
    2455099.996            1.2            4.9
    2455116.856            2.6            6.8
    2455154.739           23.0            7.6
    2455174.788           20.1            5.8
    2455364.972           12.5            5.0
    2455419.012            6.1            4.7
    2455446.847           18.3            3.6
    2455446.856           18.5            3.1
    2455463.833           -0.7            5.2
    2455466.842           10.5            4.8
    2455569.653           21.2            4.1
    2455571.713           11.0            4.6
    2455572.671            8.9            4.8
    2455621.621           27.3            4.6
    2455757.974           -1.1            5.0
    2455803.919           14.1            4.3
    2455806.936          -20.9            4.3
    2455828.781          -10.0            4.2
    2455831.849           27.3            5.1
    2455861.842           25.0            4.2
    2455864.796           13.6            4.4
    2455892.745           21.0            4.9
