    2451745.994            1.9            4.3
    2451778.895            8.1            3.7
    2451808.867            2.0            3.6
    2451853.766            5.8            4.1
    2451856.801            6.1            4.6
    2451898.637            4.5            8.0
    2451932.609            1.6            3.9
    2452163.861            5.1            4.9
    2452175.851            3.6            4.0
    2452307.598            6.0            4.5
    2452465.989            9.1            5.3
    2452483.985            7.6            5.0
    2452494.987            8.3            5.0
    2452517.936            3.2            5.2
     2452528.91            2.1            5.2
     2452530.91            4.6            4.5
    2452541.904           -0.2            4.5
    2452543.883            3.3            5.0
    2452559.914            5.6            6.4
    2452561.795            7.0            8.4
    2452571.791            4.1            5.0
     2452589.81            6.2            5.7
    2452603.782            6.8            4.9
    2452605.724            4.0            4.8
    2452616.772            7.6            5.9
    2452665.604            7.0            4.2
    2452668.611            5.8            5.3
    2452837.972            5.9            5.4
    2452861.963            5.9            4.1
    2452863.985            3.5            5.2
    2452879.918            7.0            4.2
    2452880.947            6.9            5.0
    2452898.911            6.8            4.7
    2452900.928            6.3            4.8
    2452932.839            5.6            4.3
    2452934.804            2.2            4.6
    2452963.753            1.8            5.2
    2452965.809            0.8            5.4
     2453022.63            5.7            5.6
     2453208.01            5.5            3.8
    2453209.978            4.8            3.7
    2453214.961            5.0            4.2
    2453231.961            4.0            4.0
    2453233.909            6.4            3.9
     2453235.96            5.3            4.2
    2453265.899            2.7            3.8
    2453268.919            2.7            4.0
     2453269.81            4.9            3.5
    2453286.828            3.2            3.8
    2453324.713            5.6            5.5
    2453354.654            3.0            3.8
    2453400.642           11.1            7.5
    2453550.983            5.5            4.4
    2453578.964            4.3            4.6
    2453613.923            9.8            4.2
    2453654.771            1.4            4.1
    2453701.724            6.1            4.6
    2453740.745            5.0            4.7
    2453911.993            1.8            3.6
    2453917.013            7.5            3.9
    2453934.974            7.3            3.9
    2453968.925            1.8            3.2
    2453981.851           -0.2            3.8
    2453985.899            2.1            4.0
    2454055.755            3.2            3.9
    2454297.975           -0.2            4.1
    2454300.974            3.1            4.0
    2454314.939            6.5            3.6
    2454318.981            4.7            4.2
    2454344.859           10.6            4.3
    2454348.917            5.5            4.0
    2454391.887            0.2            5.4
    2454394.775            4.4            4.2
    2454418.777            4.5            4.5
    2454420.763            1.8            4.2
    2454440.653            3.5            3.4
    2454443.651            6.1            3.6
    2454481.638            4.7            3.9
    2454503.651            3.2            4.3
    2454645.984            8.8            4.5
    2454646.968            5.5            4.2
    2454668.009            6.1            3.7
    2454681.904            5.9            3.8
     2454683.97            2.6            3.8
    2454711.893            3.4            4.1
    2454713.873            0.8            4.2
    2454715.882            1.1            4.6
    2454716.875            4.0            4.1
    2454753.885            7.1            3.6
     2454755.85            4.0            3.8
    2454777.733            0.9            4.1
    2454806.796            1.3            5.5
     2454808.77           -0.2            4.3
    2454809.763            3.9            6.1
    2455026.973            5.3            5.7
    2455063.965            6.9            5.0
    2455099.996            2.8            4.9
    2455116.856            4.5            6.8
    2455154.739           11.6            7.6
    2455174.788            7.3            5.8
    2455364.972            8.7            5.0
    2455419.012            0.1            4.7
    2455446.847            1.6            3.6
    2455446.856            1.1            3.1
    2455463.833           10.4            5.2
    2455466.842            5.2            4.8
    2455569.653            5.4            4.1
    2455571.713            6.1            4.6
    2455572.671            7.7            4.8
    2455621.621            4.3            4.6
    2455757.974            5.7            5.0
    2455803.919            4.8            4.3
    2455806.936            3.4            4.3
    2455828.781            1.5            4.2
    2455831.849            4.5            5.1
    2455861.842            4.7            4.2
    2455864.796            5.8            4.4
    2455892.745            9.1            4.9
