    2451745.994           10.7            4.3
    2451778.895            1.7            3.7
    2451808.867            3.7            3.6
    2451853.766           21.8            4.1
    2451856.801            0.6            4.6
    2451898.637            6.9            8.0
    2451932.609           18.1            3.9
    2452163.861            8.1            4.9
    2452175.851            7.2            4.0
    2452307.598           12.4            4.5
    2452465.989            7.2            5.3
    2452483.985           -1.7            5.0
    2452494.987           -1.2            5.0
    2452517.936           17.7            5.2
     2452528.91           -3.3            5.2
     2452530.91          -10.6            4.5
    2452541.904           13.7            4.5
    2452543.883           -1.6            5.0
    2452559.914          -10.4            6.4
    2452561.795           -0.7            8.4
    2452571.791          -10.7            5.0
     2452589.81           14.9            5.7
    2452603.782           12.3            4.9
    2452605.724            6.1            4.8
    2452616.772           12.4            5.9
    2452665.604            2.9            4.2
    2452668.611           13.9            5.3
    2452837.972            5.0            5.4
    2452861.963            4.8            4.1
    2452863.985           -0.1            5.2
    2452879.918          -12.1            4.2
    2452880.947            3.9            5.0
    2452898.911           -3.6            4.7
    2452900.928           19.4            4.8
    2452932.839          -10.9            4.3
    2452934.804           -0.7            4.6
    2452963.753          -12.3            5.2
    2452965.809            6.2            5.4
     2453022.63            8.9            5.6
     2453208.01            5.6            3.8
    2453209.978           -8.1            3.7
    2453214.961           -0.1            4.2
    2453231.961            7.8            4.0
    2453233.909           -9.9            3.9
     2453235.96           -3.6            4.2
    2453265.899           12.6            3.8
    2453268.919           10.9            4.0
     2453269.81          -15.7            3.5
    2453286.828           -8.7            3.8
    2453324.713          -10.8            5.5
    2453354.654           19.3            3.8
    2453400.642            2.0            7.5
    2453550.983           19.6            4.4
    2453578.964           10.4            4.6
    2453613.923          -15.5            4.2
    2453654.771          -11.7            4.1
    2453701.724            1.0            4.6
    2453740.745           -4.3            4.7
    2453911.993           10.4            3.6
    2453917.013            3.1            3.9
    2453934.974           15.6            3.9
    2453968.925           16.4            3.2
    2453981.851            0.3            3.8
    2453985.899            9.5            4.0
    2454055.755          -12.4            3.9
    2454297.975           -2.2            4.1
    2454300.974           23.4            4.0
    2454314.939            8.0            3.6
    2454318.981           -2.5            4.2
    2454344.859           -6.5            4.3
    2454348.917           20.9            4.0
    2454391.887           16.8            5.4
    2454394.775            7.9            4.2
    2454418.777           10.0            4.5
    2454420.763           21.6            4.2
    2454440.653          -11.3            3.4
    2454443.651            5.8            3.6
    2454481.638          -16.0            3.9
    2454503.651            5.5            4.3
    2454645.984           -4.0            4.5
    2454646.968           -6.1            4.2
    2454668.009           -4.7            3.7
    2454681.904           -8.9            3.8
     2454683.97            3.2            3.8
    2454711.893           10.1            4.1
    2454713.873            4.4            4.2
    2454715.882            0.8            4.6
    2454716.875           18.4            4.1
    2454753.885          -13.8            3.6
     2454755.85            6.7            3.8
    2454777.733          -14.8            4.1
    2454806.796          -14.4            5.5
     2454808.77           -7.6            4.3
    2454809.763           17.0            6.1
    2455026.973            5.7            5.7
    2455063.965           16.4            5.0
    2455099.996            5.4            4.9
    2455116.856            4.0            6.8
    2455154.739            9.2            7.6
    2455174.788           -3.3            5.8
    2455364.972           19.5            5.0
    2455419.012            9.3            4.7
    2455446.847           -6.3            3.6
    2455446.856           -6.9            3.1
    2455463.833           -9.8            5.2
    2455466.842           12.1            4.8
    2455569.653           -1.7            4.1
    2455571.713            0.4            4.6
    2455572.671           20.5            4.8
    2455621.621           -9.5            4.6
    2455757.974          -11.0            5.0
    2455803.919           13.3            4.3
    2455806.936           15.8            4.3
    2455828.781            1.4            4.2
    2455831.849           -2.1            5.1
    2455861.842           20.3            4.2
    2455864.796           -7.8            4.4
    2455892.745           17.4            4.9
