    2451745.994            4.7            4.3
    2451778.895           -5.5            3.7
    2451808.867           -1.0            3.6
    2451853.766           -4.3            4.1
    2451856.801            2.5            4.6
    2451898.637           10.8            8.0
    2451932.609            5.2            3.9
    2452163.861            3.2            4.9
    2452175.851            2.3            4.0
    2452307.598           -0.2            4.5
    2452465.989           12.9            5.3
    2452483.985            2.9            5.0
    2452494.987            4.9            5.0
    2452517.936           -1.0            5.2
     2452528.91            7.3            5.2
     2452530.91           -0.5            4.5
    2452541.904            8.2            4.5
    2452543.883            3.7            5.0
    2452559.914            3.9            6.4
    2452561.795            1.5            8.4
    2452571.791            8.5            5.0
     2452589.81           -0.8            5.7
    2452603.782           -2.3            4.9
    2452605.724           -1.9            4.8
    2452616.772            2.9            5.9
    2452665.604           -2.7            4.2
    2452668.611            8.5            5.3
    2452837.972           10.8            5.4
    2452861.963           10.3            4.1
    2452863.985            6.4            5.2
    2452879.918           11.6            4.2
    2452880.947            5.9            5.0
    2452898.911            1.9            4.7
    2452900.928           -5.4            4.8
    2452932.839            3.6            4.3
    2452934.804           11.1            4.6
    2452963.753            2.4            5.2
    2452965.809            7.5            5.4
     2453022.63            5.6            5.6
     2453208.01            7.5            3.8
    2453209.978           -3.2            3.7
    2453214.961            2.4            4.2
    2453231.961            8.5            4.0
    2453233.909            6.4            3.9
     2453235.96            7.3            4.2
    2453265.899            4.8            3.8
    2453268.919            1.7            4.0
     2453269.81           -5.5            3.5
    2453286.828            4.1            3.8
    2453324.713            4.9            5.5
    2453354.654            2.6            3.8
    2453400.642            8.4            7.5
    2453550.983           -3.0            4.4
    2453578.964           -0.8            4.6
    2453613.923            2.5            4.2
    2453654.771            2.9            4.1
    2453701.724           -3.2            4.6
    2453740.745            7.1            4.7
    2453911.993            5.3            3.6
    2453917.013            4.2            3.9
    2453934.974            1.4            3.9
    2453968.925            5.7            3.2
    2453981.851            2.5            3.8
    2453985.899            2.8            4.0
    2454055.755            3.5            3.9
    2454297.975           14.0            4.1
    2454300.974            1.5            4.0
    2454314.939            8.7            3.6
    2454318.981           -3.5            4.2
    2454344.859            3.8            4.3
    2454348.917           -6.1            4.0
    2454391.887           -3.2            5.4
    2454394.775            3.0            4.2
    2454418.777           11.5            4.5
    2454420.763            4.0            4.2
    2454440.653           -0.0            3.4
    2454443.651           11.6            3.6
    2454481.638           -2.7            3.9
    2454503.651           16.5            4.3
    2454645.984           -6.0            4.5
    2454646.968           -1.4            4.2
    2454668.009            8.5            3.7
    2454681.904           10.4            3.8
     2454683.97            7.8            3.8
    2454711.893            9.8            4.1
    2454713.873            3.6            4.2
    2454715.882            2.9            4.6
    2454716.875            2.9            4.1
    2454753.885            6.2            3.6
     2454755.85            3.5            3.8
    2454777.733            3.1            4.1
    2454806.796            3.0            5.5
     2454808.77           -2.4            4.3
    2454809.763            2.6            6.1
    2455026.973           -3.4            5.7
    2455063.965           10.1            5.0
    2455099.996           -4.5            4.9
    2455116.856            0.6            6.8
    2455154.739           11.2            7.6
    2455174.788            0.3            5.8
    2455364.972            7.6            5.0
    2455419.012           12.6            4.7
    2455446.847            5.5            3.6
    2455446.856            5.1            3.1
    2455463.833            5.2            5.2
    2455466.842            7.3            4.8
    2455569.653            5.6            4.1
    2455571.713           -0.7            4.6
    2455572.671           -2.2            4.8
    2455621.621            0.6            4.6
    2455757.974            9.1            5.0
    2455803.919           11.0            4.3
    2455806.936           11.7            4.3
    2455828.781            2.6            4.2
    2455831.849           13.0            5.1
    2455861.842           11.2            4.2
    2455864.796            2.9            4.4
    2455892.745           11.7            4.9
