    2451745.994            0.4            4.3
    2451778.895           14.8            3.7
    2451808.867            9.3            3.6
    2451853.766            1.3            4.1
    2451856.801            8.5            4.6
    2451898.637            1.7            8.0
    2451932.609            2.2            3.9
    2452163.861           -3.2            4.9
    2452175.851           -5.9            4.0
    2452307.598            8.8            4.5
    2452465.989            7.3            5.3
    2452483.985            9.0            5.0
    2452494.987           10.7            5.0
    2452517.936            7.3            5.2
     2452528.91           12.9            5.2
     2452530.91            6.0            4.5
    2452541.904           11.5            4.5
    2452543.883           -1.4            5.0
    2452559.914            7.6            6.4
    2452561.795            0.3            8.4
    2452571.791           10.7            5.0
     2452589.81            7.1            5.7
    2452603.782           -2.3            4.9
    2452605.724            8.1            4.8
    2452616.772            9.7            5.9
    2452665.604            5.9            4.2
    2452668.611            8.3            5.3
    2452837.972           -2.6            5.4
    2452861.963            4.6            4.1
    2452863.985           12.2            5.2
    2452879.918            3.5            4.2
    2452880.947            8.4            5.0
    2452898.911           10.6            4.7
    2452900.928           -0.9            4.8
    2452932.839            6.7            4.3
    2452934.804            5.9            4.6
    2452963.753           12.5            5.2
    2452965.809           -1.2            5.4
     2453022.63           10.5            5.6
     2453208.01            5.2            3.8
    2453209.978            6.5            3.7
    2453214.961            5.9            4.2
    2453231.961            6.2            4.0
    2453233.909            3.4            3.9
     2453235.96           -2.9            4.2
    2453265.899           -1.0            3.8
    2453268.919            5.2            4.0
     2453269.81           -1.9            3.5
    2453286.828            8.5            3.8
    2453324.713           -0.6            5.5
    2453354.654            5.8            3.8
    2453400.642            5.6            7.5
    2453550.983           -5.2            4.4
    2453578.964           12.5            4.6
    2453613.923           12.8            4.2
    2453654.771            7.8            4.1
    2453701.724            7.0            4.6
    2453740.745            2.8            4.7
    2453911.993           11.2            3.6
    2453917.013            5.5            3.9
    2453934.974            3.3            3.9
    2453968.925            2.6            3.2
    2453981.851            5.9            3.8
    2453985.899           -4.9            4.0
    2454055.755            1.0            3.9
    2454297.975            9.6            4.1
    2454300.974            4.1            4.0
    2454314.939           -0.9            3.6
    2454318.981           -1.9            4.2
    2454344.859            9.7            4.3
    2454348.917           -2.9            4.0
    2454391.887           10.2            5.4
    2454394.775            1.1            4.2
    2454418.777           -1.8            4.5
    2454420.763            6.0            4.2
    2454440.653           13.9            3.4
    2454443.651            3.3            3.6
    2454481.638            9.8            3.9
    2454503.651            4.4            4.3
    2454645.984            4.0            4.5
    2454646.968           -3.8            4.2
    2454668.009           17.1            3.7
    2454681.904            3.5            3.8
     2454683.97            1.8            3.8
    2454711.893           -3.1            4.1
    2454713.873            5.3            4.2
    2454715.882           11.0            4.6
    2454716.875            3.7            4.1
    2454753.885           -2.8            3.6
     2454755.85           11.7            3.8
    2454777.733            3.3            4.1
    2454806.796            3.9            5.5
     2454808.77           15.3            4.3
    2454809.763           14.8            6.1
    2455026.973            6.1            5.7
    2455063.965           -5.3            5.0
    2455099.996            4.3            4.9
    2455116.856           -1.3            6.8
    2455154.739           19.1            7.6
    2455174.788           -6.1            5.8
    2455364.972            9.4            5.0
    2455419.012            7.6            4.7
    2455446.847            5.1            3.6
    2455446.856            4.7            3.1
    2455463.833            4.0            5.2
    2455466.842            5.5            4.8
    2455569.653           10.4            4.1
    2455571.713           13.1            4.6
    2455572.671            6.2            4.8
    2455621.621            6.8            4.6
    2455757.974           12.3            5.0
    2455803.919            8.4            4.3
    2455806.936            5.8            4.3
    2455828.781           11.6            4.2
    2455831.849           -2.6            5.1
    2455861.842            3.7            4.2
    2455864.796           10.3            4.4
    2455892.745            7.0            4.9
