    2451745.994            8.1            4.3
    2451778.895            4.4            3.7
    2451808.867            2.8            3.6
    2451853.766            0.0            4.1
    2451856.801            7.7            4.6
    2451898.637            8.4            8.0
    2451932.609            3.5            3.9
    2452163.861            5.0            4.9
    2452175.851            6.4            4.0
    2452307.598            0.5            4.5
    2452465.989            9.3            5.3
    2452483.985            7.5            5.0
    2452494.987            1.2            5.0
    2452517.936            8.3            5.2
     2452528.91            1.9            5.2
     2452530.91            1.7            4.5
    2452541.904            8.0            4.5
    2452543.883            7.5            5.0
    2452559.914           10.5            6.4
    2452561.795            8.7            8.4
    2452571.791            1.5            5.0
     2452589.81            1.5            5.7
    2452603.782            7.5            4.9
    2452605.724            1.9            4.8
    2452616.772            3.8            5.9
    2452665.604            1.5            4.2
    2452668.611            4.5            5.3
    2452837.972            1.3            5.4
    2452861.963            2.6            4.1
    2452863.985            1.2            5.2
    2452879.918            0.8            4.2
    2452880.947            0.9            5.0
    2452898.911            1.7            4.7
    2452900.928            7.4            4.8
    2452932.839            0.7            4.3
    2452934.804            6.3            4.6
    2452963.753            6.5            5.2
    2452965.809            1.6            5.4
     2453022.63            9.3            5.6
     2453208.01            3.4            3.8
    2453209.978            7.8            3.7
    2453214.961            0.2            4.2
    2453231.961           -0.1            4.0
    2453233.909            4.1            3.9
     2453235.96            8.3            4.2
    2453265.899           -0.4            3.8
    2453268.919            6.3            4.0
     2453269.81            7.4            3.5
    2453286.828            7.6            3.8
    2453324.713            2.8            5.5
    2453354.654            6.5            3.8
    2453400.642            7.8            7.5
    2453550.983            5.6            4.4
    2453578.964            8.4            4.6
    2453613.923            6.6            4.2
    2453654.771            7.7            4.1
    2453701.724            1.1            4.6
    2453740.745            8.7            4.7
    2453911.993            7.7            3.6
    2453917.013            0.1            3.9
    2453934.974            1.7            3.9
    2453968.925            0.3            3.2
    2453981.851            6.6            3.8
    2453985.899            0.8            4.0
    2454055.755            4.4            3.9
    2454297.975            7.9            4.1
    2454300.974            0.4            4.0
    2454314.939            7.5            3.6
    2454318.981            0.1            4.2
    2454344.859            0.3            4.3
    2454348.917            8.1            4.0
    2454391.887            9.5            5.4
    2454394.775            1.3            4.2
    2454418.777            6.3            4.5
    2454420.763            0.7            4.2
    2454440.653            3.0            3.4
    2454443.651            7.2            3.6
    2454481.638           -0.2            3.9
    2454503.651            7.8            4.3
    2454645.984            3.7            4.5
    2454646.968            6.3            4.2
    2454668.009            2.6            3.7
    2454681.904            7.4            3.8
     2454683.97            6.0            3.8
    2454711.893            0.5            4.1
    2454713.873            1.8            4.2
    2454715.882            7.7            4.6
    2454716.875            8.2            4.1
    2454753.885            1.7            3.6
     2454755.85           -0.1            3.8
    2454777.733            7.3            4.1
    2454806.796            1.4            5.5
     2454808.77            4.0            4.3
    2454809.763            8.6            6.1
    2455026.973            6.3            5.7
    2455063.965            1.1            5.0
    2455099.996            5.2            4.9
    2455116.856            6.3            6.8
    2455154.739            9.9            7.6
    2455174.788            1.6            5.8
    2455364.972            4.1            5.0
    2455419.012            8.8            4.7
    2455446.847            2.8            3.6
    2455446.856            2.3            3.1
    2455463.833            4.8            5.2
    2455466.842            1.7            4.8
    2455569.653            1.2            4.1
    2455571.713            7.4            4.6
    2455572.671            8.9            4.8
    2455621.621            3.3            4.6
    2455757.974            2.1            5.0
    2455803.919            8.4            4.3
    2455806.936            2.0            4.3
    2455828.781            7.5            4.2
    2455831.849            4.9            5.1
    2455861.842            4.4            4.2
    2455864.796            7.6            4.4
    2455892.745            2.1            4.9
