    2451745.994           -1.2            4.3
    2451778.895            2.8            3.7
    2451808.867            6.2            3.6
    2451853.766           -0.4            4.1
    2451856.801            2.6            4.6
    2451898.637           10.1            8.0
    2451932.609           -0.0            3.9
    2452163.861            8.4            4.9
    2452175.851            5.9            4.0
    2452307.598            0.9            4.5
    2452465.989            6.5            5.3
    2452483.985            6.7            5.0
    2452494.987           11.2            5.0
    2452517.936            3.3            5.2
     2452528.91            2.1            5.2
     2452530.91           -0.2            4.5
    2452541.904            4.8            4.5
    2452543.883           11.4            5.0
    2452559.914            0.1            6.4
    2452561.795            4.8            8.4
    2452571.791            1.0            5.0
     2452589.81            3.4            5.7
    2452603.782           11.5            4.9
    2452605.724            7.8            4.8
    2452616.772            1.4            5.9
    2452665.604            0.8            4.2
    2452668.611           -1.3            5.3
    2452837.972            8.3            5.4
    2452861.963            2.9            4.1
    2452863.985            1.7            5.2
    2452879.918            3.1            4.2
    2452880.947            0.6            5.0
    2452898.911           10.1            4.7
    2452900.928            4.7            4.8
    2452932.839           -2.9            4.3
    2452934.804            3.1            4.6
    2452963.753            7.6            5.2
    2452965.809           12.1            5.4
     2453022.63            6.2            5.6
     2453208.01            3.6            3.8
    2453209.978            9.8            3.7
    2453214.961            2.8            4.2
    2453231.961            6.4            4.0
    2453233.909           -0.3            3.9
     2453235.96           -2.5            4.2
    2453265.899            2.8            3.8
    2453268.919           11.5            4.0
     2453269.81           11.6            3.5
    2453286.828            2.2            3.8
    2453324.713            4.6            5.5
    2453354.654           -0.1            3.8
    2453400.642            0.9            7.5
    2453550.983            1.1            4.4
    2453578.964            3.4            4.6
    2453613.923            5.1            4.2
    2453654.771           -1.3            4.1
    2453701.724            6.3            4.6
    2453740.745           10.9            4.7
    2453911.993           -2.8            3.6
    2453917.013            4.5            3.9
    2453934.974           10.5            3.9
    2453968.925           -4.3            3.2
    2453981.851            3.6            3.8
    2453985.899            8.1            4.0
    2454055.755            3.9            3.9
    2454297.975           10.8            4.1
    2454300.974            3.7            4.0
    2454314.939            5.6            3.6
    2454318.981            6.3            4.2
    2454344.859            6.6            4.3
    2454348.917            5.8            4.0
    2454391.887            0.2            5.4
    2454394.775            8.0            4.2
    2454418.777            2.3            4.5
    2454420.763            0.4            4.2
    2454440.653           -3.0            3.4
    2454443.651            6.3            3.6
    2454481.638            3.0            3.9
    2454503.651           10.3            4.3
    2454645.984           -2.7            4.5
    2454646.968           -0.5            4.2
    2454668.009            9.2            3.7
    2454681.904            3.7            3.8
     2454683.97           -1.9            3.8
    2454711.893            3.6            4.1
    2454713.873            1.2            4.2
    2454715.882            6.3            4.6
    2454716.875            9.1            4.1
    2454753.885           -2.3            3.6
     2454755.85            4.2            3.8
    2454777.733           11.4            4.1
    2454806.796            8.9            5.5
     2454808.77            4.6            4.3
    2454809.763            3.6            6.1
    2455026.973            3.2            5.7
    2455063.965            1.9            5.0
    2455099.996            8.5            4.9
    2455116.856            2.8            6.8
    2455154.739            0.7            7.6
    2455174.788            1.9            5.8
    2455364.972            7.3            5.0
    2455419.012           -3.2            4.7
    2455446.847            2.8            3.6
    2455446.856            2.3            3.1
    2455463.833            7.3            5.2
    2455466.842           -2.2            4.8
    2455569.653            6.5            4.1
    2455571.713            5.1            4.6
    2455572.671            2.3            4.8
    2455621.621            2.7            4.6
    2455757.974           10.5            5.0
    2455803.919           10.0            4.3
    2455806.936            9.7            4.3
    2455828.781           -2.1            4.2
    2455831.849            1.2            5.1
    2455861.842            8.1            4.2
    2455864.796           11.6            4.4
    2455892.745            7.2            4.9
