    2451745.994           12.7            4.3
    2451778.895            1.2            3.7
    2451808.867            0.8            3.6
    2451853.766           -3.2            4.1
    2451856.801            0.9            4.6
    2451898.637            7.2            8.0
    2451932.609            6.8            3.9
    2452163.861            1.2            4.9
    2452175.851            1.4            4.0
    2452307.598            5.5            4.5
    2452465.989            9.7            5.3
    2452483.985            3.3            5.0
    2452494.987            4.4            5.0
    2452517.936            5.1            5.2
     2452528.91            6.2            5.2
     2452530.91            3.6            4.5
    2452541.904            5.5            4.5
    2452543.883            4.2            5.0
    2452559.914            2.1            6.4
    2452561.795            0.9            8.4
    2452571.791           -0.5            5.0
     2452589.81            6.9            5.7
    2452603.782            5.7            4.9
    2452605.724            7.3            4.8
    2452616.772            6.1            5.9
    2452665.604            8.7            4.2
    2452668.611           10.0            5.3
    2452837.972            9.5            5.4
    2452861.963            1.0            4.1
    2452863.985            6.8            5.2
    2452879.918            4.9            4.2
    2452880.947            6.1            5.0
    2452898.911           -2.5            4.7
    2452900.928            1.8            4.8
    2452932.839            3.3            4.3
    2452934.804            1.9            4.6
    2452963.753            6.7            5.2
    2452965.809            9.0            5.4
     2453022.63            4.2            5.6
     2453208.01            2.4            3.8
    2453209.978            1.2            3.7
    2453214.961            9.5            4.2
    2453231.961            2.8            4.0
    2453233.909           -0.6            3.9
     2453235.96            2.1            4.2
    2453265.899            6.6            3.8
    2453268.919            3.7            4.0
     2453269.81            0.6            3.5
    2453286.828            0.6            3.8
    2453324.713            1.7            5.5
    2453354.654            3.1            3.8
    2453400.642           10.5            7.5
    2453550.983           12.3            4.4
    2453578.964            4.9            4.6
    2453613.923            1.0            4.2
    2453654.771           -2.5            4.1
    2453701.724            3.6            4.6
    2453740.745            5.0            4.7
    2453911.993            5.8            3.6
    2453917.013            1.9            3.9
    2453934.974           13.1            3.9
    2453968.925            1.0            3.2
    2453981.851            6.5            3.8
    2453985.899            4.0            4.0
    2454055.755            5.8            3.9
    2454297.975            3.8            4.1
    2454300.974            4.0            4.0
    2454314.939            6.1            3.6
    2454318.981            8.6            4.2
    2454344.859            4.8            4.3
    2454348.917            5.0            4.0
    2454391.887            4.6            5.4
    2454394.775            3.1            4.2
    2454418.777           -0.5            4.5
    2454420.763            3.0            4.2
    2454440.653            5.2            3.4
    2454443.651            6.2            3.6
    2454481.638           12.2            3.9
    2454503.651            2.4            4.3
    2454645.984           10.6            4.5
    2454646.968            9.2            4.2
    2454668.009            7.7            3.7
    2454681.904            5.2            3.8
     2454683.97            5.5            3.8
    2454711.893           -1.8            4.1
    2454713.873           -2.0            4.2
    2454715.882            3.0            4.6
    2454716.875            2.8            4.1
    2454753.885           -2.4            3.6
     2454755.85           -0.6            3.8
    2454777.733            3.3            4.1
    2454806.796            9.4            5.5
     2454808.77            5.8            4.3
    2454809.763            7.9            6.1
    2455026.973           10.6            5.7
    2455063.965            5.9            5.0
    2455099.996            1.9            4.9
    2455116.856            8.0            6.8
    2455154.739           13.0            7.6
    2455174.788            2.2            5.8
    2455364.972           12.1            5.0
    2455419.012            5.3            4.7
    2455446.847            0.9            3.6
    2455446.856            0.5            3.1
    2455463.833            0.8            5.2
    2455466.842            3.3            4.8
    2455569.653            9.2            4.1
    2455571.713            6.6            4.6
    2455572.671            7.2            4.8
    2455621.621            4.9            4.6
    2455757.974            2.9            5.0
    2455803.919            3.8            4.3
    2455806.936           -1.5            4.3
    2455828.781            6.4            4.2
    2455831.849            3.5            5.1
    2455861.842            4.7            4.2
    2455864.796            8.0            4.4
    2455892.745            1.0            4.9
