    2451745.994            6.9            4.3
    2451778.895            5.4            3.7
    2451808.867           -0.7            3.6
    2451853.766           15.3            4.1
    2451856.801            3.2            4.6
    2451898.637           -0.1            8.0
    2451932.609            5.4            3.9
    2452163.861            0.8            4.9
    2452175.851            9.2            4.0
    2452307.598            0.8            4.5
    2452465.989            2.2            5.3
    2452483.985           13.4            5.0
    2452494.987            9.5            5.0
    2452517.936            7.9            5.2
     2452528.91           -9.7            5.2
     2452530.91            1.1            4.5
    2452541.904           10.4            4.5
    2452543.883            1.5            5.0
    2452559.914            9.5            6.4
    2452561.795            3.3            8.4
    2452571.791           10.8            5.0
     2452589.81           16.4            5.7
    2452603.782            4.7            4.9
    2452605.724           11.6            4.8
    2452616.772           10.1            5.9
    2452665.604          -13.4            4.2
    2452668.611           -3.5            5.3
    2452837.972            9.3            5.4
    2452861.963            6.8            4.1
    2452863.985            9.7            5.2
    2452879.918           14.6            4.2
    2452880.947            4.5            5.0
    2452898.911            4.6            4.7
    2452900.928           11.0            4.8
    2452932.839            3.0            4.3
    2452934.804           16.7            4.6
    2452963.753            8.0            5.2
    2452965.809            7.8            5.4
     2453022.63           17.5            5.6
     2453208.01            6.6            3.8
    2453209.978            4.5            3.7
    2453214.961           -3.5            4.2
    2453231.961            5.9            4.0
    2453233.909           -0.8            3.9
     2453235.96           -7.1            4.2
    2453265.899           -1.3            3.8
    2453268.919            7.1            4.0
     2453269.81           -0.0            3.5
    2453286.828           10.9            3.8
    2453324.713           -1.1            5.5
    2453354.654           -9.0            3.8
    2453400.642           21.8            7.5
    2453550.983            6.1            4.4
    2453578.964            0.9            4.6
    2453613.923            5.3            4.2
    2453654.771           -0.5            4.1
    2453701.724           -3.6            4.6
    2453740.745            1.6            4.7
    2453911.993           12.7            3.6
    2453917.013            7.6            3.9
    2453934.974           14.2            3.9
    2453968.925           14.0            3.2
    2453981.851            6.9            3.8
    2453985.899           13.1            4.0
    2454055.755            9.3            3.9
    2454297.975           13.3            4.1
    2454300.974            5.5            4.0
    2454314.939            2.3            3.6
    2454318.981            2.1            4.2
    2454344.859           10.1            4.3
    2454348.917            0.1            4.0
    2454391.887           -3.0            5.4
    2454394.775            2.5            4.2
    2454418.777            5.2            4.5
    2454420.763           -7.3            4.2
    2454440.653           10.7            3.4
    2454443.651           -2.4            3.6
    2454481.638           18.1            3.9
    2454503.651           12.3            4.3
    2454645.984            6.6            4.5
    2454646.968           -3.2            4.2
    2454668.009            6.9            3.7
    2454681.904            4.3            3.8
     2454683.97           -2.4            3.8
    2454711.893            7.4            4.1
    2454713.873            1.5            4.2
    2454715.882           -0.6            4.6
    2454716.875           -9.2            4.1
    2454753.885            2.3            3.6
     2454755.85            5.6            3.8
    2454777.733           16.6            4.1
    2454806.796            2.4            5.5
     2454808.77           17.8            4.3
    2454809.763            9.1            6.1
    2455026.973            8.4            5.7
    2455063.965            7.0            5.0
    2455099.996           -3.2            4.9
    2455116.856           -4.1            6.8
    2455154.739           15.4            7.6
    2455174.788           16.3            5.8
    2455364.972            7.6            5.0
    2455419.012            4.4            4.7
    2455446.847            0.1            3.6
    2455446.856           -0.2            3.1
    2455463.833           13.5            5.2
    2455466.842           12.7            4.8
    2455569.653           10.1            4.1
    2455571.713           10.5            4.6
    2455572.671            0.8            4.8
    2455621.621            5.5            4.6
    2455757.974           -0.6            5.0
    2455803.919            8.7            4.3
    2455806.936           -6.6            4.3
    2455828.781            0.1            4.2
    2455831.849           -0.9            5.1
    2455861.842           -0.1            4.2
    2455864.796            8.3            4.4
    2455892.745            6.5            4.9
