    2451745.994           16.3            4.3
    2451778.895           12.0            3.7
    2451808.867          -10.7            3.6
    2451853.766            8.7            4.1
    2451856.801           12.6            4.6
    2451898.637           17.7            8.0
    2451932.609          -10.8            3.9
    2452163.861           23.7            4.9
    2452175.851           15.3            4.0
    2452307.598            8.3            4.5
    2452465.989           10.7            5.3
    2452483.985           -5.9            5.0
    2452494.987          -10.0            5.0
    2452517.936           -7.1            5.2
     2452528.91            2.2            5.2
     2452530.91            1.2            4.5
    2452541.904           14.9            4.5
    2452543.883           14.3            5.0
    2452559.914           23.7            6.4
    2452561.795           23.8            8.4
    2452571.791           20.5            5.0
     2452589.81            8.6            5.7
    2452603.782           -6.7            4.9
    2452605.724           -1.2            4.8
    2452616.772          -11.0            5.9
    2452665.604            8.5            4.2
    2452668.611            8.9            5.3
    2452837.972           17.4            5.4
    2452861.963           11.6            4.1
    2452863.985           12.3            5.2
    2452879.918            1.2            4.2
    2452880.947           -0.2            5.0
    2452898.911           -9.5            4.7
    2452900.928           -8.4            4.8
    2452932.839            2.7            4.3
    2452934.804            3.3            4.6
    2452963.753           15.5            5.2
    2452965.809           17.8            5.4
     2453022.63           -4.7            5.6
     2453208.01           -3.2            3.8
    2453209.978           -2.3            3.7
    2453214.961            1.9            4.2
    2453231.961           17.4            4.0
    2453233.909           12.6            3.9
     2453235.96           14.7            4.2
    2453265.899           15.1            3.8
    2453268.919            7.5            4.0
     2453269.81           13.2            3.5
    2453286.828           -0.9            3.8
    2453324.713          -11.8            5.5
    2453354.654            8.4            3.8
    2453400.642           11.1            7.5
    2453550.983           13.8            4.4
    2453578.964           -6.9            4.6
    2453613.923           -4.1            4.2
    2453654.771           17.3            4.1
    2453701.724           -8.1            4.6
    2453740.745            7.1            4.7
    2453911.993            3.0            3.6
    2453917.013           14.7            3.9
    2453934.974           22.8            3.9
    2453968.925            3.8            3.2
    2453981.851           -4.9            3.8
    2453985.899           -5.6            4.0
    2454055.755           22.1            3.9
    2454297.975           -1.6            4.1
    2454300.974           -2.1            4.0
    2454314.939            9.4            3.6
    2454318.981           12.8            4.2
    2454344.859           21.1            4.3
    2454348.917           18.5            4.0
    2454391.887          -13.4            5.4
    2454394.775           -9.7            4.2
    2454418.777            0.9            4.5
    2454420.763           -1.0            4.2
    2454440.653            1.7            3.4
    2454443.651            4.6            3.6
    2454481.638           12.2            3.9
    2454503.651           -5.0            4.3
    2454645.984           10.1            4.5
    2454646.968            9.3            4.2
    2454668.009          -11.6            3.7
    2454681.904          -14.3            3.8
     2454683.97          -14.6            3.8
    2454711.893            6.6            4.1
    2454713.873            4.3            4.2
    2454715.882            4.9            4.6
    2454716.875            4.1            4.1
    2454753.885            8.3            3.6
     2454755.85           11.6            3.8
    2454777.733            7.9            4.1
    2454806.796           -7.9            5.5
     2454808.77           -7.4            4.3
    2454809.763           -4.2            6.1
    2455026.973           17.0            5.7
    2455063.965           -7.1            5.0
    2455099.996            5.8            4.9
    2455116.856           10.4            6.8
    2455154.739           23.9            7.6
    2455174.788            2.0            5.8
    2455364.972           -5.1            5.0
    2455419.012           18.5            4.7
    2455446.847           16.9            3.6
    2455446.856           15.7            3.1
    2455463.833            4.1            5.2
    2455466.842            0.7            4.8
    2455569.653           13.5            4.1
    2455571.713            5.7            4.6
    2455572.671            8.0            4.8
    2455621.621            0.6            4.6
    2455757.974           -3.8            5.0
    2455803.919            7.2            4.3
    2455806.936           15.1            4.3
    2455828.781           19.0            4.2
    2455831.849           19.3            5.1
    2455861.842            1.4            4.2
    2455864.796            1.2            4.4
    2455892.745           -8.0            4.9
