    2451745.994           18.1            4.3
    2451778.895           -0.9            3.7
    2451808.867            4.5            3.6
    2451853.766           -1.0            4.1
    2451856.801            6.4            4.6
    2451898.637           -4.0            8.0
    2451932.609           -6.7            3.9
    2452163.861            8.8            4.9
    2452175.851           -7.3            4.0
    2452307.598           -8.9            4.5
    2452465.989           16.3            5.3
    2452483.985            4.0            5.0
    2452494.987           -7.7            5.0
    2452517.936            2.0            5.2
     2452528.91            3.9            5.2
     2452530.91           -3.5            4.5
    2452541.904            3.1            4.5
    2452543.883          -13.3            5.0
    2452559.914           21.7            6.4
    2452561.795           16.7            8.4
    2452571.791            2.9            5.0
     2452589.81           13.2            5.7
    2452603.782           -0.4            4.9
    2452605.724           -5.8            4.8
    2452616.772            9.4            5.9
    2452665.604          -12.0            4.2
    2452668.611           21.3            5.3
    2452837.972           -6.7            5.4
    2452861.963            8.3            4.1
    2452863.985            5.6            5.2
    2452879.918            6.2            4.2
    2452880.947           -1.1            5.0
    2452898.911           11.7            4.7
    2452900.928            3.7            4.8
    2452932.839            1.1            4.3
    2452934.804           22.5            4.6
    2452963.753           -5.6            5.2
    2452965.809           -5.6            5.4
     2453022.63            4.8            5.6
     2453208.01            0.4            3.8
    2453209.978           10.4            3.7
    2453214.961           -5.2            4.2
    2453231.961          -14.0            4.0
    2453233.909            0.2            3.9
     2453235.96           -4.2            4.2
    2453265.899            0.2            3.8
    2453268.919            3.5            4.0
     2453269.81           -6.2            3.5
    2453286.828           10.7            3.8
    2453324.713           16.8            5.5
    2453354.654            9.6            3.8
    2453400.642           12.9            7.5
    2453550.983            0.1            4.4
    2453578.964           -2.0            4.6
    2453613.923            9.0            4.2
    2453654.771           19.5            4.1
    2453701.724            6.8            4.6
    2453740.745           -3.4            4.7
    2453911.993            2.1            3.6
    2453917.013           13.5            3.9
    2453934.974           -1.4            3.9
    2453968.925          -15.3            3.2
    2453981.851          -10.4            3.8
    2453985.899           -2.0            4.0
    2454055.755           12.5            3.9
    2454297.975           16.9            4.1
    2454300.974           -2.8            4.0
    2454314.939           18.2            3.6
    2454318.981           -0.5            4.2
    2454344.859            8.7            4.3
    2454348.917           16.6            4.0
    2454391.887           18.1            5.4
    2454394.775          -13.5            4.2
    2454418.777            0.8            4.5
    2454420.763          -13.6            4.2
    2454440.653           11.2            3.4
    2454443.651           -2.3            3.6
    2454481.638           16.9            3.9
    2454503.651          -15.0            4.3
    2454645.984            7.2            4.5
    2454646.968           14.4            4.2
    2454668.009           -3.9            3.7
    2454681.904            1.3            3.8
     2454683.97           10.3            3.8
    2454711.893           -9.2            4.1
    2454713.873           -4.0            4.2
    2454715.882           12.7            4.6
    2454716.875            1.4            4.1
    2454753.885           22.2            3.6
     2454755.85           17.0            3.8
    2454777.733            3.3            4.1
    2454806.796           10.2            5.5
     2454808.77            3.1            4.3
    2454809.763           -2.1            6.1
    2455026.973            7.3            5.7
    2455063.965           -7.6            5.0
    2455099.996          -12.4            4.9
    2455116.856            1.1            6.8
    2455154.739           13.6            7.6
    2455174.788            3.1            5.8
    2455364.972           30.2            5.0
    2455419.012          -11.3            4.7
    2455446.847           -0.6            3.6
    2455446.856           -1.2            3.1
    2455463.833           -4.3            5.2
    2455466.842           15.2            4.8
    2455569.653           18.5            4.1
    2455571.713            8.5            4.6
    2455572.671           -8.4            4.8
    2455621.621           -6.3            4.6
    2455757.974           -2.3            5.0
    2455803.919           23.0            4.3
    2455806.936          -12.1            4.3
    2455828.781            2.6            4.2
    2455831.849            6.2            5.1
    2455861.842            7.1            4.2
    2455864.796          -13.4            4.4
    2455892.745            8.2            4.9
