    2451745.994            3.8            4.3
    2451778.895            5.7            3.7
    2451808.867            2.1            3.6
    2451853.766            0.9            4.1
    2451856.801            3.2            4.6
    2451898.637            8.1            8.0
    2451932.609            2.0            3.9
    2452163.861            5.0            4.9
    2452175.851            5.6            4.0
    2452307.598            3.8            4.5
    2452465.989            4.8            5.3
    2452483.985            4.2            5.0
    2452494.987            4.4            5.0
    2452517.936            0.3            5.2
     2452528.91            1.3            5.2
     2452530.91            2.1            4.5
    2452541.904            2.1            4.5
    2452543.883            9.7            5.0
    2452559.914            5.4            6.4
    2452561.795           13.3            8.4
    2452571.791            0.4            5.0
     2452589.81            0.9            5.7
    2452603.782            9.8            4.9
    2452605.724            6.9            4.8
    2452616.772            8.7            5.9
    2452665.604            6.0            4.2
    2452668.611            7.2            5.3
    2452837.972            5.9            5.4
    2452861.963            8.2            4.1
    2452863.985            3.5            5.2
    2452879.918            5.0            4.2
    2452880.947            1.7            5.0
    2452898.911            0.6            4.7
    2452900.928            1.4            4.8
    2452932.839            8.7            4.3
    2452934.804            2.8            4.6
    2452963.753            9.1            5.2
    2452965.809            4.9            5.4
     2453022.63           10.9            5.6
     2453208.01            5.2            3.8
    2453209.978           -0.8            3.7
    2453214.961            4.7            4.2
    2453231.961           10.6            4.0
    2453233.909            4.0            3.9
     2453235.96            8.3            4.2
    2453265.899            3.3            3.8
    2453268.919            1.8            4.0
     2453269.81           -0.8            3.5
    2453286.828            3.8            3.8
    2453324.713            5.2            5.5
    2453354.654            1.8            3.8
    2453400.642            3.0            7.5
    2453550.983            1.4            4.4
    2453578.964            3.4            4.6
    2453613.923            6.7            4.2
    2453654.771            9.2            4.1
    2453701.724            7.4            4.6
    2453740.745            4.9            4.7
    2453911.993            9.2            3.6
    2453917.013            7.7            3.9
    2453934.974            3.4            3.9
    2453968.925            0.6            3.2
    2453981.851            0.9            3.8
    2453985.899           -1.1            4.0
    2454055.755            7.7            3.9
    2454297.975            0.3            4.1
    2454300.974            3.7            4.0
    2454314.939            0.1            3.6
    2454318.981            6.9            4.2
    2454344.859           -2.8            4.3
    2454348.917            0.5            4.0
    2454391.887            2.8            5.4
    2454394.775            7.2            4.2
    2454418.777            9.5            4.5
    2454420.763            6.4            4.2
    2454440.653            0.5            3.4
    2454443.651            6.7            3.6
    2454481.638            2.0            3.9
    2454503.651            3.9            4.3
    2454645.984            9.3            4.5
    2454646.968            7.4            4.2
    2454668.009            0.7            3.7
    2454681.904           10.0            3.8
     2454683.97            4.6            3.8
    2454711.893            5.6            4.1
    2454713.873           -0.9            4.2
    2454715.882           -0.3            4.6
    2454716.875            2.8            4.1
    2454753.885            5.8            3.6
     2454755.85           -0.7            3.8
    2454777.733            7.6            4.1
    2454806.796            9.5            5.5
     2454808.77            4.9            4.3
    2454809.763            3.2            6.1
    2455026.973            3.8            5.7
    2455063.965           11.0            5.0
    2455099.996           10.9            4.9
    2455116.856            9.1            6.8
    2455154.739            9.8            7.6
    2455174.788            0.7            5.8
    2455364.972            4.4            5.0
    2455419.012            2.0            4.7
    2455446.847            4.9            3.6
    2455446.856            4.4            3.1
    2455463.833           12.4            5.2
    2455466.842            4.9            4.8
    2455569.653            5.2            4.1
    2455571.713           11.0            4.6
    2455572.671            8.7            4.8
    2455621.621            5.0            4.6
    2455757.974            3.4            5.0
    2455803.919            4.1            4.3
    2455806.936           -3.5            4.3
    2455828.781            8.6            4.2
    2455831.849            4.7            5.1
    2455861.842            0.2            4.2
    2455864.796            6.2            4.4
    2455892.745            8.6            4.9
