    2451745.994           22.6            4.3
    2451778.895            1.1            3.7
    2451808.867           -2.9            3.6
    2451853.766           12.1            4.1
    2451856.801            9.4            4.6
    2451898.637            0.1            8.0
    2451932.609            4.3            3.9
    2452163.861           26.4            4.9
    2452175.851           28.4            4.0
    2452307.598           -4.1            4.5
    2452465.989            8.6            5.3
    2452483.985           -3.3            5.0
    2452494.987           11.0            5.0
    2452517.936           17.3            5.2
     2452528.91           14.7            5.2
     2452530.91           -9.9            4.5
    2452541.904            4.0            4.5
    2452543.883           12.2            5.0
    2452559.914          -15.5            6.4
    2452561.795            8.5            8.4
    2452571.791           -7.1            5.0
     2452589.81           14.2            5.7
    2452603.782            1.1            4.9
    2452605.724            9.8            4.8
    2452616.772           16.0            5.9
    2452665.604           12.1            4.2
    2452668.611           24.0            5.3
    2452837.972            2.2            5.4
    2452861.963          -12.3            4.1
    2452863.985           -4.9            5.2
    2452879.918           15.1            4.2
    2452880.947           12.1            5.0
    2452898.911          -11.4            4.7
    2452900.928            9.9            4.8
    2452932.839           24.7            4.3
    2452934.804           10.5            4.6
    2452963.753           -5.7            5.2
    2452965.809          -17.3            5.4
     2453022.63           23.0            5.6
     2453208.01           17.5            3.8
    2453209.978           -8.5            3.7
    2453214.961          -12.5            4.2
    2453231.961           14.1            4.0
    2453233.909           22.3            3.9
     2453235.96           -3.1            4.2
    2453265.899            7.4            3.8
    2453268.919           17.8            4.0
     2453269.81            5.1            3.5
    2453286.828           10.3            3.8
    2453324.713           20.4            5.5
    2453354.654          -14.7            3.8
    2453400.642            7.4            7.5
    2453550.983           -6.6            4.4
    2453578.964           10.4            4.6
    2453613.923           12.3            4.2
    2453654.771           13.6            4.1
    2453701.724            9.0            4.6
    2453740.745           11.7            4.7
    2453911.993           15.1            3.6
    2453917.013          -10.7            3.9
    2453934.974            1.2            3.9
    2453968.925          -15.0            3.2
    2453981.851            2.6            3.8
    2453985.899            8.6            4.0
    2454055.755            5.0            3.9
    2454297.975            0.7            4.1
    2454300.974           15.1            4.0
    2454314.939           10.2            3.6
    2454318.981           18.6            4.2
    2454344.859           17.8            4.3
    2454348.917          -13.2            4.0
    2454391.887           14.0            5.4
    2454394.775           17.0            4.2
    2454418.777            3.4            4.5
    2454420.763           20.9            4.2
    2454440.653            5.8            3.4
    2454443.651           15.0            3.6
    2454481.638           12.2            3.9
    2454503.651            0.8            4.3
    2454645.984            8.6            4.5
    2454646.968            4.8            4.2
    2454668.009            6.3            3.7
    2454681.904           14.2            3.8
     2454683.97           15.1            3.8
    2454711.893          -16.0            4.1
    2454713.873           -6.4            4.2
    2454715.882           10.0            4.6
    2454716.875            0.5            4.1
    2454753.885           12.5            3.6
     2454755.85            5.2            3.8
    2454777.733           -9.4            4.1
    2454806.796           -3.0            5.5
     2454808.77           18.6            4.3
    2454809.763            8.0            6.1
    2455026.973           -3.3            5.7
    2455063.965           14.6            5.0
    2455099.996            1.2            4.9
    2455116.856           -1.3            6.8
    2455154.739            8.5            7.6
    2455174.788           17.1            5.8
    2455364.972           -7.2            5.0
    2455419.012           -9.1            4.7
    2455446.847            6.8            3.6
    2455446.856            6.3            3.1
    2455463.833           18.9            5.2
    2455466.842           14.5            4.8
    2455569.653            8.2            4.1
    2455571.713           19.5            4.6
    2455572.671           -4.1            4.8
    2455621.621            7.2            4.6
    2455757.974           -4.3            5.0
    2455803.919           20.0            4.3
    2455806.936            8.7            4.3
    2455828.781           14.1            4.2
    2455831.849           13.2            5.1
    2455861.842            1.6            4.2
    2455864.796            7.6            4.4
    2455892.745           12.3            4.9
