    2451745.994           16.5            4.3
    2451778.895           -1.2            3.7
    2451808.867          -10.7            3.6
    2451853.766            7.7            4.1
    2451856.801           12.3            4.6
    2451898.637           21.3            8.0
    2451932.609           -5.7            3.9
    2452163.861            2.0            4.9
    2452175.851            8.9            4.0
    2452307.598           10.9            4.5
    2452465.989           19.4            5.3
    2452483.985          -10.5            5.0
    2452494.987           -1.5            5.0
    2452517.936           13.9            5.2
     2452528.91            2.2            5.2
     2452530.91           14.3            4.5
    2452541.904            1.4            4.5
    2452543.883           15.6            5.0
    2452559.914           16.5            6.4
    2452561.795           14.0            8.4
    2452571.791           12.4            5.0
     2452589.81            9.1            5.7
    2452603.782            6.5            4.9
    2452605.724           -3.9            4.8
    2452616.772            6.9            5.9
    2452665.604           -0.2            4.2
    2452668.611           19.2            5.3
    2452837.972           14.4            5.4
    2452861.963           14.2            4.1
    2452863.985           21.0            5.2
    2452879.918            6.5            4.2
    2452880.947           -2.4            5.0
    2452898.911           -1.0            4.7
    2452900.928            8.5            4.8
    2452932.839           18.9            4.3
    2452934.804            9.9            4.6
    2452963.753           -2.1            5.2
    2452965.809           -3.6            5.4
     2453022.63            0.7            5.6
     2453208.01           18.5            3.8
    2453209.978           12.3            3.7
    2453214.961           -7.4            4.2
    2453231.961            2.1            4.0
    2453233.909            5.9            3.9
     2453235.96           13.6            4.2
    2453265.899            6.2            3.8
    2453268.919          -12.5            4.0
     2453269.81          -11.4            3.5
    2453286.828            5.5            3.8
    2453324.713          -10.2            5.5
    2453354.654            0.8            3.8
    2453400.642           21.0            7.5
    2453550.983            5.0            4.4
    2453578.964           11.6            4.6
    2453613.923           -6.4            4.2
    2453654.771           -7.3            4.1
    2453701.724            8.1            4.6
    2453740.745           13.0            4.7
    2453911.993           19.5            3.6
    2453917.013           -6.6            3.9
    2453934.974            1.0            3.9
    2453968.925           13.6            3.2
    2453981.851           18.7            3.8
    2453985.899          -10.8            4.0
    2454055.755          -12.0            3.9
    2454297.975           19.2            4.1
    2454300.974           10.4            4.0
    2454314.939            3.5            3.6
    2454318.981           -8.6            4.2
    2454344.859           -1.7            4.3
    2454348.917            2.7            4.0
    2454391.887           21.0            5.4
    2454394.775           13.3            4.2
    2454418.777            9.6            4.5
    2454420.763           14.2            4.2
    2454440.653           -9.8            3.4
    2454443.651           -8.0            3.6
    2454481.638           -4.5            3.9
    2454503.651           15.9            4.3
    2454645.984            6.1            4.5
    2454646.968            0.7            4.2
    2454668.009           10.0            3.7
    2454681.904            4.6            3.8
     2454683.97           16.1            3.8
    2454711.893           17.4            4.1
    2454713.873            6.6            4.2
    2454715.882           -6.3            4.6
    2454716.875           -9.4            4.1
    2454753.885            9.9            3.6
     2454755.85            2.2            3.8
    2454777.733           15.6            4.1
    2454806.796           11.7            5.5
     2454808.77            5.2            4.3
    2454809.763            3.8            6.1
    2455026.973           15.7            5.7
    2455063.965           -0.7            5.0
    2455099.996           -4.3            4.9
    2455116.856           -5.9            6.8
    2455154.739           12.5            7.6
    2455174.788           11.1            5.8
    2455364.972           -2.1            5.0
    2455419.012           -6.1            4.7
    2455446.847           -3.1            3.6
    2455446.856           -4.2            3.1
    2455463.833           -4.5            5.2
    2455466.842            6.8            4.8
    2455569.653           -9.0            4.1
    2455571.713           -7.6            4.6
    2455572.671           -3.8            4.8
    2455621.621            7.8            4.6
    2455757.974           17.8            5.0
    2455803.919            5.9            4.3
    2455806.936          -10.3            4.3
    2455828.781           16.7            4.2
    2455831.849           -3.5            5.1
    2455861.842           -5.4            4.2
    2455864.796           -0.3            4.4
    2455892.745           10.7            4.9
