    2451745.994            7.9            4.3
    2451778.895            1.3            3.7
    2451808.867           -7.5            3.6
    2451853.766           10.5            4.1
    2451856.801            3.1            4.6
    2451898.637           13.9            8.0
    2451932.609            1.2            3.9
    2452163.861           11.8            4.9
    2452175.851           -3.1            4.0
    2452307.598           17.6            4.5
    2452465.989           13.6            5.3
    2452483.985           -1.9            5.0
    2452494.987            4.0            5.0
    2452517.936            4.2            5.2
     2452528.91           11.1            5.2
     2452530.91            7.5            4.5
    2452541.904            8.8            4.5
    2452543.883            8.1            5.0
    2452559.914            1.0            6.4
    2452561.795            3.0            8.4
    2452571.791           13.2            5.0
     2452589.81            0.9            5.7
    2452603.782            2.1            4.9
    2452605.724            7.4            4.8
    2452616.772           -1.6            5.9
    2452665.604           -4.4            4.2
    2452668.611           11.8            5.3
    2452837.972           -0.1            5.4
    2452861.963            3.6            4.1
    2452863.985            4.1            5.2
    2452879.918            7.0            4.2
    2452880.947            1.9            5.0
    2452898.911            4.3            4.7
    2452900.928            8.9            4.8
    2452932.839           -3.2            4.3
    2452934.804            1.3            4.6
    2452963.753           18.5            5.2
    2452965.809           16.0            5.4
     2453022.63            6.9            5.6
     2453208.01            1.1            3.8
    2453209.978           -0.3            3.7
    2453214.961           19.3            4.2
    2453231.961           13.3            4.0
    2453233.909           12.5            3.9
     2453235.96           10.8            4.2
    2453265.899           12.6            3.8
    2453268.919           -1.7            4.0
     2453269.81           15.7            3.5
    2453286.828            8.6            3.8
    2453324.713           11.7            5.5
    2453354.654            9.9            3.8
    2453400.642           17.6            7.5
    2453550.983            0.1            4.4
    2453578.964           -3.2            4.6
    2453613.923           15.6            4.2
    2453654.771           -0.6            4.1
    2453701.724            6.1            4.6
    2453740.745           12.9            4.7
    2453911.993            3.0            3.6
    2453917.013            5.8            3.9
    2453934.974            1.9            3.9
    2453968.925            2.5            3.2
    2453981.851          -10.4            3.8
    2453985.899           -5.2            4.0
    2454055.755           -4.9            3.9
    2454297.975            4.3            4.1
    2454300.974            3.5            4.0
    2454314.939            4.7            3.6
    2454318.981            8.6            4.2
    2454344.859           -4.5            4.3
    2454348.917           -1.7            4.0
    2454391.887           10.5            5.4
    2454394.775           14.9            4.2
    2454418.777           -8.7            4.5
    2454420.763           -9.6            4.2
    2454440.653           14.8            3.4
    2454443.651            2.9            3.6
    2454481.638            2.5            3.9
    2454503.651           -1.9            4.3
    2454645.984            7.1            4.5
    2454646.968            0.4            4.2
    2454668.009            0.1            3.7
    2454681.904            1.9            3.8
     2454683.97            4.5            3.8
    2454711.893           -4.5            4.1
    2454713.873           -4.3            4.2
    2454715.882           -2.9            4.6
    2454716.875            4.0            4.1
    2454753.885           -2.3            3.6
     2454755.85            1.0            3.8
    2454777.733           -2.6            4.1
    2454806.796           -5.7            5.5
     2454808.77           -5.9            4.3
    2454809.763            5.5            6.1
    2455026.973            1.1            5.7
    2455063.965           -0.1            5.0
    2455099.996            0.1            4.9
    2455116.856           -4.3            6.8
    2455154.739            0.6            7.6
    2455174.788           12.6            5.8
    2455364.972           16.5            5.0
    2455419.012           -6.6            4.7
    2455446.847            8.3            3.6
    2455446.856            8.1            3.1
    2455463.833            5.7            5.2
    2455466.842            1.0            4.8
    2455569.653           16.2            4.1
    2455571.713           17.9            4.6
    2455572.671            2.6            4.8
    2455621.621           -0.9            4.6
    2455757.974            6.6            5.0
    2455803.919           13.8            4.3
    2455806.936           -4.2            4.3
    2455828.781            9.7            4.2
    2455831.849           11.3            5.1
    2455861.842           -9.1            4.2
    2455864.796            7.7            4.4
    2455892.745           10.6            4.9
