    2451745.994            6.2            4.3
    2451778.895            4.9            3.7
    2451808.867           -5.7            3.6
    2451853.766           15.5            4.1
    2451856.801            3.6            4.6
    2451898.637           15.3            8.0
    2451932.609            8.8            3.9
    2452163.861           -2.6            4.9
    2452175.851            9.9            4.0
    2452307.598            7.5            4.5
    2452465.989           10.6            5.3
    2452483.985           14.1            5.0
    2452494.987           -6.7            5.0
    2452517.936            6.8            5.2
     2452528.91            2.5            5.2
     2452530.91            8.6            4.5
    2452541.904            5.0            4.5
    2452543.883           14.1            5.0
    2452559.914           -1.4            6.4
    2452561.795           11.7            8.4
    2452571.791            4.0            5.0
     2452589.81           16.2            5.7
    2452603.782           10.6            4.9
    2452605.724           -3.4            4.8
    2452616.772           14.3            5.9
    2452665.604           -6.2            4.2
    2452668.611           12.6            5.3
    2452837.972            7.1            5.4
    2452861.963           -7.7            4.1
    2452863.985           -0.9            5.2
    2452879.918            7.9            4.2
    2452880.947            0.2            5.0
    2452898.911           14.5            4.7
    2452900.928            0.9            4.8
    2452932.839            7.1            4.3
    2452934.804           -7.0            4.6
    2452963.753           11.1            5.2
    2452965.809           10.3            5.4
     2453022.63           11.6            5.6
     2453208.01           14.6            3.8
    2453209.978            2.3            3.7
    2453214.961           13.0            4.2
    2453231.961           -3.5            4.0
    2453233.909           11.7            3.9
     2453235.96            3.8            4.2
    2453265.899            5.9            3.8
    2453268.919            2.6            4.0
     2453269.81           -5.8            3.5
    2453286.828            8.0            3.8
    2453324.713            2.4            5.5
    2453354.654            6.4            3.8
    2453400.642            8.0            7.5
    2453550.983           14.1            4.4
    2453578.964           -1.6            4.6
    2453613.923            2.0            4.2
    2453654.771            6.0            4.1
    2453701.724           15.1            4.6
    2453740.745           14.6            4.7
    2453911.993           12.2            3.6
    2453917.013            2.8            3.9
    2453934.974           -3.6            3.9
    2453968.925            2.9            3.2
    2453981.851           -1.1            3.8
    2453985.899            9.1            4.0
    2454055.755            8.6            3.9
    2454297.975           -0.3            4.1
    2454300.974           14.3            4.0
    2454314.939           11.8            3.6
    2454318.981           13.9            4.2
    2454344.859            8.1            4.3
    2454348.917           -1.6            4.0
    2454391.887           13.8            5.4
    2454394.775           -0.3            4.2
    2454418.777           12.9            4.5
    2454420.763           -1.4            4.2
    2454440.653           -7.5            3.4
    2454443.651           -0.9            3.6
    2454481.638           -2.2            3.9
    2454503.651           17.5            4.3
    2454645.984           -9.0            4.5
    2454646.968           -3.7            4.2
    2454668.009           13.5            3.7
    2454681.904           16.2            3.8
     2454683.97            3.6            3.8
    2454711.893           -5.2            4.1
    2454713.873            9.4            4.2
    2454715.882           10.1            4.6
    2454716.875            0.8            4.1
    2454753.885           16.1            3.6
     2454755.85            9.8            3.8
    2454777.733           -5.8            4.1
    2454806.796            9.5            5.5
     2454808.77           -1.7            4.3
    2454809.763           -7.4            6.1
    2455026.973           -3.6            5.7
    2455063.965           13.4            5.0
    2455099.996            1.2            4.9
    2455116.856           21.2            6.8
    2455154.739           10.2            7.6
    2455174.788           10.5            5.8
    2455364.972            7.0            5.0
    2455419.012            9.6            4.7
    2455446.847            8.3            3.6
    2455446.856            7.8            3.1
    2455463.833           16.4            5.2
    2455466.842            9.6            4.8
    2455569.653           10.1            4.1
    2455571.713            3.6            4.6
    2455572.671           -5.3            4.8
    2455621.621            8.8            4.6
    2455757.974           -9.0            5.0
    2455803.919           -4.6            4.3
    2455806.936           16.7            4.3
    2455828.781            5.9            4.2
    2455831.849            7.4            5.1
    2455861.842            2.0            4.2
    2455864.796            5.0            4.4
    2455892.745           19.5            4.9
