    2451745.994            5.8            4.3
    2451778.895            2.5            3.7
    2451808.867           13.4            3.6
    2451853.766            0.6            4.1
    2451856.801            7.2            4.6
    2451898.637            2.8            8.0
    2451932.609          -18.6            3.9
    2452163.861           10.9            4.9
    2452175.851            0.0            4.0
    2452307.598           17.1            4.5
    2452465.989           10.5            5.3
    2452483.985          -10.0            5.0
    2452494.987           12.5            5.0
    2452517.936           -2.5            5.2
     2452528.91            1.3            5.2
     2452530.91           -9.2            4.5
    2452541.904            7.2            4.5
    2452543.883            2.6            5.0
    2452559.914           21.6            6.4
    2452561.795           -2.9            8.4
    2452571.791           13.3            5.0
     2452589.81           22.0            5.7
    2452603.782            1.6            4.9
    2452605.724            7.4            4.8
    2452616.772            3.5            5.9
    2452665.604            9.4            4.2
    2452668.611           11.2            5.3
    2452837.972            8.7            5.4
    2452861.963            3.0            4.1
    2452863.985           -5.1            5.2
    2452879.918            9.8            4.2
    2452880.947           17.1            5.0
    2452898.911            2.6            4.7
    2452900.928           -4.2            4.8
    2452932.839            2.6            4.3
    2452934.804            2.7            4.6
    2452963.753           10.7            5.2
    2452965.809           16.4            5.4
     2453022.63           13.6            5.6
     2453208.01           -6.2            3.8
    2453209.978           19.3            3.7
    2453214.961            9.7            4.2
    2453231.961            7.4            4.0
    2453233.909          -17.9            3.9
     2453235.96            6.2            4.2
    2453265.899           22.6            3.8
    2453268.919            4.6            4.0
     2453269.81            9.2            3.5
    2453286.828            4.8            3.8
    2453324.713            8.1            5.5
    2453354.654           -0.2            3.8
    2453400.642            4.7            7.5
    2453550.983           14.3            4.4
    2453578.964            5.8            4.6
    2453613.923            1.0            4.2
    2453654.771           -3.6            4.1
    2453701.724            1.8            4.6
    2453740.745            4.5            4.7
    2453911.993           21.1            3.6
    2453917.013            2.4            3.9
    2453934.974           11.3            3.9
    2453968.925           10.6            3.2
    2453981.851            3.0            3.8
    2453985.899            3.9            4.0
    2454055.755           -1.3            3.9
    2454297.975           14.5            4.1
    2454300.974            7.2            4.0
    2454314.939           19.7            3.6
    2454318.981           16.8            4.2
    2454344.859           15.1            4.3
    2454348.917           16.9            4.0
    2454391.887           11.1            5.4
    2454394.775           -1.5            4.2
    2454418.777           -1.9            4.5
    2454420.763            2.4            4.2
    2454440.653          -11.1            3.4
    2454443.651           11.7            3.6
    2454481.638           13.8            3.9
    2454503.651           12.9            4.3
    2454645.984           -3.4            4.5
    2454646.968           -2.3            4.2
    2454668.009          -14.4            3.7
    2454681.904           11.9            3.8
     2454683.97           11.5            3.8
    2454711.893           11.9            4.1
    2454713.873            3.6            4.2
    2454715.882            0.6            4.6
    2454716.875            7.2            4.1
    2454753.885           -6.3            3.6
     2454755.85           13.4            3.8
    2454777.733           18.1            4.1
    2454806.796           14.7            5.5
     2454808.77            7.6            4.3
    2454809.763           -2.3            6.1
    2455026.973           -0.4            5.7
    2455063.965            8.5            5.0
    2455099.996           15.2            4.9
    2455116.856            9.8            6.8
    2455154.739           17.8            7.6
    2455174.788            8.2            5.8
    2455364.972            1.9            5.0
    2455419.012           -6.7            4.7
    2455446.847           -3.2            3.6
    2455446.856           -3.3            3.1
    2455463.833            8.9            5.2
    2455466.842           19.3            4.8
    2455569.653            8.5            4.1
    2455571.713            3.6            4.6
    2455572.671          -15.5            4.8
    2455621.621            7.5            4.6
    2455757.974           14.1            5.0
    2455803.919            4.7            4.3
    2455806.936           11.7            4.3
    2455828.781          -11.8            4.2
    2455831.849            3.4            5.1
    2455861.842           -2.9            4.2
    2455864.796            3.4            4.4
    2455892.745           14.7            4.9
