    2451745.994           -6.0            4.3
    2451778.895           30.4            3.7
    2451808.867           -4.0            3.6
    2451853.766            0.1            4.1
    2451856.801            8.6            4.6
    2451898.637           13.8            8.0
    2451932.609          -16.9            3.9
    2452163.861          -23.9            4.9
    2452175.851           -5.0            4.0
    2452307.598           16.9            4.5
    2452465.989           18.1            5.3
    2452483.985            8.8            5.0
    2452494.987            0.3            5.0
    2452517.936           16.0            5.2
     2452528.91           33.0            5.2
     2452530.91           42.3            4.5
    2452541.904           -8.5            4.5
    2452543.883           -3.7            5.0
    2452559.914          -10.0            6.4
    2452561.795            9.6            8.4
    2452571.791          -23.8            5.0
     2452589.81            7.6            5.7
    2452603.782           -4.2            4.9
    2452605.724          -24.2            4.8
    2452616.772           16.2            5.9
    2452665.604           -0.0            4.2
    2452668.611            7.8            5.3
    2452837.972           44.5            5.4
    2452861.963           19.2            4.1
    2452863.985           37.3            5.2
    2452879.918            2.8            4.2
    2452880.947          -16.2            5.0
    2452898.911           15.6            4.7
    2452900.928            4.9            4.8
    2452932.839           35.5            4.3
    2452934.804           24.8            4.6
    2452963.753          -15.9            5.2
    2452965.809          -27.7            5.4
     2453022.63           -1.4            5.6
     2453208.01           50.4            3.8
    2453209.978           34.3            3.7
    2453214.961          -30.8            4.2
    2453231.961           21.5            4.0
    2453233.909           36.4            3.9
     2453235.96           26.4            4.2
    2453265.899           13.5            3.8
    2453268.919           -9.0            4.0
     2453269.81          -12.6            3.5
    2453286.828            3.5            3.8
    2453324.713           13.1            5.5
    2453354.654           15.9            3.8
    2453400.642           30.6            7.5
    2453550.983          -15.7            4.4
    2453578.964           -9.4            4.6
    2453613.923           21.8            4.2
    2453654.771           -5.1            4.1
    2453701.724           -3.8            4.6
    2453740.745           30.1            4.7
    2453911.993           29.6            3.6
    2453917.013           -7.9            3.9
    2453934.974          -24.2            3.9
    2453968.925          -12.3            3.2
    2453981.851           30.7            3.8
    2453985.899           16.0            4.0
    2454055.755            6.9            3.9
    2454297.975            7.1            4.1
    2454300.974            5.6            4.0
    2454314.939           -3.1            3.6
    2454318.981           -4.6            4.2
    2454344.859          -18.9            4.3
    2454348.917          -34.6            4.0
    2454391.887           51.4            5.4
    2454394.775          -15.0            4.2
    2454418.777            1.0            4.5
    2454420.763           -8.5            4.2
    2454440.653           -5.7            3.4
    2454443.651          -14.8            3.6
    2454481.638          -33.1            3.9
    2454503.651           -7.8            4.3
    2454645.984          -14.6            4.5
    2454646.968           15.2            4.2
    2454668.009            8.5            3.7
    2454681.904           -1.3            3.8
     2454683.97           -3.9            3.8
    2454711.893           22.2            4.1
    2454713.873           32.0            4.2
    2454715.882            9.3            4.6
    2454716.875          -25.9            4.1
    2454753.885           25.0            3.6
     2454755.85            9.5            3.8
    2454777.733           12.3            4.1
    2454806.796           16.0            5.5
     2454808.77           -5.6            4.3
    2454809.763            8.7            6.1
    2455026.973           15.4            5.7
    2455063.965          -20.0            5.0
    2455099.996          -20.0            4.9
    2455116.856           -7.2            6.8
    2455154.739           10.7            7.6
    2455174.788           -4.9            5.8
    2455364.972           29.0            5.0
    2455419.012           26.3            4.7
    2455446.847            1.2            3.6
    2455446.856            0.3            3.1
    2455463.833            8.9            5.2
    2455466.842           12.5            4.8
    2455569.653           32.8            4.1
    2455571.713           21.9            4.6
    2455572.671          -21.7            4.8
    2455621.621           21.3            4.6
    2455757.974          -16.4            5.0
    2455803.919          -27.5            4.3
    2455806.936           21.4            4.3
    2455828.781           19.9            4.2
    2455831.849           -0.8            5.1
    2455861.842          -26.3            4.2
    2455864.796           -4.3            4.4
    2455892.745            9.7            4.9
