    2451745.994           -3.7            4.3
    2451778.895            2.5            3.7
    2451808.867            1.1            3.6
    2451853.766            3.5            4.1
    2451856.801            5.4            4.6
    2451898.637           13.6            8.0
    2451932.609           10.8            3.9
    2452163.861            3.5            4.9
    2452175.851           -1.6            4.0
    2452307.598           11.6            4.5
    2452465.989           -2.7            5.3
    2452483.985            1.5            5.0
    2452494.987            0.7            5.0
    2452517.936           -0.9            5.2
     2452528.91            4.8            5.2
     2452530.91            3.9            4.5
    2452541.904            2.1            4.5
    2452543.883            3.2            5.0
    2452559.914           -1.4            6.4
    2452561.795            6.8            8.4
    2452571.791            6.9            5.0
     2452589.81            6.7            5.7
    2452603.782            3.4            4.9
    2452605.724            5.8            4.8
    2452616.772            8.1            5.9
    2452665.604           13.1            4.2
    2452668.611           14.1            5.3
    2452837.972           -2.3            5.4
    2452861.963            1.5            4.1
    2452863.985            2.5            5.2
    2452879.918           -0.3            4.2
    2452880.947           -0.9            5.0
    2452898.911            1.0            4.7
    2452900.928            1.6            4.8
    2452932.839            0.5            4.3
    2452934.804            3.0            4.6
    2452963.753            9.2            5.2
    2452965.809            6.8            5.4
     2453022.63           11.4            5.6
     2453208.01           -2.0            3.8
    2453209.978           -3.2            3.7
    2453214.961           -2.8            4.2
    2453231.961           -1.9            4.0
    2453233.909            1.2            3.9
     2453235.96            1.1            4.2
    2453265.899           -2.2            3.8
    2453268.919           -1.8            4.0
     2453269.81            2.5            3.5
    2453286.828            5.4            3.8
    2453324.713            9.1            5.5
    2453354.654            7.3            3.8
    2453400.642           13.1            7.5
    2453550.983           -5.0            4.4
    2453578.964            1.9            4.6
    2453613.923            2.1            4.2
    2453654.771            5.9            4.1
    2453701.724            7.3            4.6
    2453740.745            3.8            4.7
    2453911.993           -1.8            3.6
    2453917.013           -2.7            3.9
    2453934.974           -4.7            3.9
    2453968.925           -2.2            3.2
    2453981.851           -0.4            3.8
    2453985.899           -1.1            4.0
    2454055.755            8.3            3.9
    2454297.975           -1.9            4.1
    2454300.974           -3.7            4.0
    2454314.939           -4.4            3.6
    2454318.981           -3.1            4.2
    2454344.859            1.9            4.3
    2454348.917           -1.8            4.0
    2454391.887            2.2            5.4
    2454394.775            6.6            4.2
    2454418.777            7.0            4.5
    2454420.763            9.0            4.2
    2454440.653            9.1            3.4
    2454443.651            9.4            3.6
    2454481.638           11.3            3.9
    2454503.651            7.3            4.3
    2454645.984           -4.7            4.5
    2454646.968           -3.6            4.2
    2454668.009           -0.7            3.7
    2454681.904           -1.9            3.8
     2454683.97           -4.7            3.8
    2454711.893            3.7            4.1
    2454713.873            3.5            4.2
    2454715.882            3.9            4.6
    2454716.875            4.4            4.1
    2454753.885            2.7            3.6
     2454755.85            4.6            3.8
    2454777.733            6.2            4.1
    2454806.796           10.4            5.5
     2454808.77           10.0            4.3
    2454809.763           11.2            6.1
    2455026.973           -1.2            5.7
    2455063.965           -4.7            5.0
    2455099.996           -0.8            4.9
    2455116.856            2.4            6.8
    2455154.739           10.0            7.6
    2455174.788            7.3            5.8
    2455364.972            0.0            5.0
    2455419.012            0.8            4.7
    2455446.847           -1.1            3.6
    2455446.856           -2.0            3.1
    2455463.833            5.6            5.2
    2455466.842            5.8            4.8
    2455569.653           13.6            4.1
    2455571.713           10.4            4.6
    2455572.671           12.2            4.8
    2455621.621           12.0            4.6
    2455757.974            2.1            5.0
    2455803.919            2.7            4.3
    2455806.936            2.0            4.3
    2455828.781            2.9            4.2
    2455831.849            0.2            5.1
    2455861.842            2.6            4.2
    2455864.796            4.0            4.4
    2455892.745           10.2            4.9
