    2451745.994            3.9            4.3
    2451778.895           -9.1            3.7
    2451808.867            8.6            3.6
    2451853.766            3.2            4.1
    2451856.801            2.5            4.6
    2451898.637           11.2            8.0
    2451932.609            3.4            3.9
    2452163.861           17.2            4.9
    2452175.851           15.6            4.0
    2452307.598            5.2            4.5
    2452465.989           -0.5            5.3
    2452483.985           10.5            5.0
    2452494.987           11.6            5.0
    2452517.936           -7.6            5.2
     2452528.91            8.7            5.2
     2452530.91            5.3            4.5
    2452541.904           -5.1            4.5
    2452543.883           -3.3            5.0
    2452559.914            6.4            6.4
    2452561.795            6.0            8.4
    2452571.791           14.1            5.0
     2452589.81           17.4            5.7
    2452603.782            1.5            4.9
    2452605.724           -8.3            4.8
    2452616.772           10.0            5.9
    2452665.604           10.7            4.2
    2452668.611           12.8            5.3
    2452837.972           -4.4            5.4
    2452861.963           -1.5            4.1
    2452863.985            3.6            5.2
    2452879.918            4.6            4.2
    2452880.947           -7.1            5.0
    2452898.911            2.2            4.7
    2452900.928            8.0            4.8
    2452932.839           -2.6            4.3
    2452934.804            6.8            4.6
    2452963.753           -1.7            5.2
    2452965.809            2.7            5.4
     2453022.63            4.6            5.6
     2453208.01            0.1            3.8
    2453209.978            3.1            3.7
    2453214.961            0.7            4.2
    2453231.961            1.4            4.0
    2453233.909            1.9            3.9
     2453235.96           -1.6            4.2
    2453265.899           14.0            3.8
    2453268.919           -3.2            4.0
     2453269.81           -1.8            3.5
    2453286.828            7.6            3.8
    2453324.713            7.1            5.5
    2453354.654           -0.5            3.8
    2453400.642           10.6            7.5
    2453550.983            0.6            4.4
    2453578.964           13.0            4.6
    2453613.923            2.7            4.2
    2453654.771           13.4            4.1
    2453701.724            5.0            4.6
    2453740.745           -0.5            4.7
    2453911.993            2.7            3.6
    2453917.013           13.6            3.9
    2453934.974            1.8            3.9
    2453968.925           -0.2            3.2
    2453981.851            3.8            3.8
    2453985.899           10.9            4.0
    2454055.755            6.1            3.9
    2454297.975           -2.5            4.1
    2454300.974            1.4            4.0
    2454314.939           -6.7            3.6
    2454318.981           -0.0            4.2
    2454344.859           -0.2            4.3
    2454348.917           15.5            4.0
    2454391.887            6.3            5.4
    2454394.775           -8.9            4.2
    2454418.777            5.7            4.5
    2454420.763            0.5            4.2
    2454440.653            1.9            3.4
    2454443.651           17.9            3.6
    2454481.638            9.4            3.9
    2454503.651            1.7            4.3
    2454645.984           -6.8            4.5
    2454646.968            0.4            4.2
    2454668.009            5.2            3.7
    2454681.904           -1.1            3.8
     2454683.97           -3.2            3.8
    2454711.893           11.2            4.1
    2454713.873            7.9            4.2
    2454715.882            1.0            4.6
    2454716.875           -1.2            4.1
    2454753.885            3.6            3.6
     2454755.85            1.8            3.8
    2454777.733           10.7            4.1
    2454806.796           11.1            5.5
     2454808.77            8.4            4.3
    2454809.763           -3.1            6.1
    2455026.973           12.7            5.7
    2455063.965            5.5            5.0
    2455099.996           16.1            4.9
    2455116.856           12.0            6.8
    2455154.739           14.6            7.6
    2455174.788            3.5            5.8
    2455364.972           -0.2            5.0
    2455419.012            3.0            4.7
    2455446.847           -5.4            3.6
    2455446.856           -6.1            3.1
    2455463.833            5.1            5.2
    2455466.842            1.8            4.8
    2455569.653           13.6            4.1
    2455571.713            8.7            4.6
    2455572.671           -4.7            4.8
    2455621.621            9.4            4.6
    2455757.974            2.8            5.0
    2455803.919            9.6            4.3
    2455806.936           11.6            4.3
    2455828.781           -2.9            4.2
    2455831.849           11.6            5.1
    2455861.842           -6.4            4.2
    2455864.796           -1.2            4.4
    2455892.745           -7.1            4.9
