    2451745.994           -8.5            4.3
    2451778.895            4.1            3.7
    2451808.867           -6.8            3.6
    2451853.766           17.3            4.1
    2451856.801           21.8            4.6
    2451898.637           10.1            8.0
    2451932.609          -10.0            3.9
    2452163.861          -10.2            4.9
    2452175.851           -5.6            4.0
    2452307.598           -5.3            4.5
    2452465.989          -15.2            5.3
    2452483.985            2.1            5.0
    2452494.987          -11.2            5.0
    2452517.936          -13.5            5.2
     2452528.91           -5.0            5.2
     2452530.91            0.4            4.5
    2452541.904           11.7            4.5
    2452543.883            2.3            5.0
    2452559.914            5.1            6.4
    2452561.795           13.3            8.4
    2452571.791            7.9            5.0
     2452589.81            6.9            5.7
    2452603.782            6.5            4.9
    2452605.724            2.1            4.8
    2452616.772           -1.3            5.9
    2452665.604            4.8            4.2
    2452668.611           -0.4            5.3
    2452837.972           10.5            5.4
    2452861.963           -1.0            4.1
    2452863.985           21.1            5.2
    2452879.918            1.6            4.2
    2452880.947          -10.3            5.0
    2452898.911          -11.1            4.7
    2452900.928           -7.1            4.8
    2452932.839          -10.1            4.3
    2452934.804           -0.7            4.6
    2452963.753           -9.4            5.2
    2452965.809            7.3            5.4
     2453022.63           -3.3            5.6
     2453208.01           17.5            3.8
    2453209.978            3.9            3.7
    2453214.961           -8.5            4.2
    2453231.961            3.9            4.0
    2453233.909           -6.1            3.9
     2453235.96          -10.4            4.2
    2453265.899           -2.2            3.8
    2453268.919           14.8            4.0
     2453269.81           17.8            3.5
    2453286.828          -14.1            3.8
    2453324.713           13.9            5.5
    2453354.654            8.9            3.8
    2453400.642            0.1            7.5
    2453550.983            6.5            4.4
    2453578.964           -0.8            4.6
    2453613.923            6.6            4.2
    2453654.771            8.7            4.1
    2453701.724          -16.6            4.6
    2453740.745          -14.3            4.7
    2453911.993           -7.0            3.6
    2453917.013           -1.3            3.9
    2453934.974            5.9            3.9
    2453968.925           -0.8            3.2
    2453981.851           -7.2            3.8
    2453985.899           15.6            4.0
    2454055.755           -6.9            3.9
    2454297.975            0.4            4.1
    2454300.974           20.5            4.0
    2454314.939           -4.5            3.6
    2454318.981           10.3            4.2
    2454344.859            6.5            4.3
    2454348.917           -3.1            4.0
    2454391.887           21.4            5.4
    2454394.775           17.3            4.2
    2454418.777          -13.0            4.5
    2454420.763            3.0            4.2
    2454440.653           -6.9            3.4
    2454443.651           10.7            3.6
    2454481.638           -9.4            3.9
    2454503.651           16.0            4.3
    2454645.984           11.8            4.5
    2454646.968          -10.0            4.2
    2454668.009           -6.2            3.7
    2454681.904            2.3            3.8
     2454683.97            7.5            3.8
    2454711.893           -9.8            4.1
    2454713.873            9.4            4.2
    2454715.882           29.7            4.6
    2454716.875           14.5            4.1
    2454753.885            4.1            3.6
     2454755.85            5.7            3.8
    2454777.733           21.0            4.1
    2454806.796           17.0            5.5
     2454808.77           18.0            4.3
    2454809.763            6.6            6.1
    2455026.973           10.1            5.7
    2455063.965          -14.1            5.0
    2455099.996            5.3            4.9
    2455116.856            0.5            6.8
    2455154.739            4.2            7.6
    2455174.788           -2.4            5.8
    2455364.972           -4.7            5.0
    2455419.012          -10.6            4.7
    2455446.847           12.8            3.6
    2455446.856           11.5            3.1
    2455463.833           14.1            5.2
    2455466.842            6.3            4.8
    2455569.653            1.8            4.1
    2455571.713          -12.0            4.6
    2455572.671            1.7            4.8
    2455621.621            1.5            4.6
    2455757.974           -0.2            5.0
    2455803.919           -2.4            4.3
    2455806.936            3.4            4.3
    2455828.781           14.4            4.2
    2455831.849            3.8            5.1
    2455861.842           -4.3            4.2
    2455864.796           -7.1            4.4
    2455892.745           -1.6            4.9
