    2451745.994            7.6            4.3
    2451778.895           10.7            3.7
    2451808.867           -2.4            3.6
    2451853.766           -3.0            4.1
    2451856.801          -13.6            4.6
    2451898.637           16.1            8.0
    2451932.609            2.7            3.9
    2452163.861            9.8            4.9
    2452175.851           21.1            4.0
    2452307.598           12.8            4.5
    2452465.989           16.5            5.3
    2452483.985            3.7            5.0
    2452494.987           -8.1            5.0
    2452517.936            1.4            5.2
     2452528.91            5.0            5.2
     2452530.91            0.4            4.5
    2452541.904            1.8            4.5
    2452543.883            2.6            5.0
    2452559.914           16.3            6.4
    2452561.795            3.1            8.4
    2452571.791            5.0            5.0
     2452589.81           -7.2            5.7
    2452603.782            1.9            4.9
    2452605.724           18.5            4.8
    2452616.772            9.9            5.9
    2452665.604           11.2            4.2
    2452668.611           19.8            5.3
    2452837.972            6.3            5.4
    2452861.963           -1.3            4.1
    2452863.985           -0.1            5.2
    2452879.918            0.5            4.2
    2452880.947           13.1            5.0
    2452898.911           11.3            4.7
    2452900.928           -1.9            4.8
    2452932.839            9.1            4.3
    2452934.804           -3.2            4.6
    2452963.753            3.9            5.2
    2452965.809           14.0            5.4
     2453022.63           -3.9            5.6
     2453208.01            5.7            3.8
    2453209.978            3.7            3.7
    2453214.961          -10.7            4.2
    2453231.961            8.6            4.0
    2453233.909           13.7            3.9
     2453235.96            0.2            4.2
    2453265.899            7.0            3.8
    2453268.919           13.5            4.0
     2453269.81            3.5            3.5
    2453286.828           -9.2            3.8
    2453324.713           12.0            5.5
    2453354.654           -0.4            3.8
    2453400.642           21.8            7.5
    2453550.983            0.6            4.4
    2453578.964           12.2            4.6
    2453613.923           14.4            4.2
    2453654.771            3.8            4.1
    2453701.724           11.3            4.6
    2453740.745            1.3            4.7
    2453911.993           -8.5            3.6
    2453917.013           10.4            3.9
    2453934.974           -3.7            3.9
    2453968.925            0.0            3.2
    2453981.851           -9.1            3.8
    2453985.899           -1.9            4.0
    2454055.755           -9.9            3.9
    2454297.975            8.1            4.1
    2454300.974           15.7            4.0
    2454314.939           15.3            3.6
    2454318.981            5.1            4.2
    2454344.859           -7.8            4.3
    2454348.917            4.3            4.0
    2454391.887            6.0            5.4
    2454394.775           11.0            4.2
    2454418.777           -0.6            4.5
    2454420.763           10.1            4.2
    2454440.653           -0.2            3.4
    2454443.651            9.7            3.6
    2454481.638            6.8            3.9
    2454503.651           11.1            4.3
    2454645.984           -1.8            4.5
    2454646.968            8.6            4.2
    2454668.009            4.9            3.7
    2454681.904           10.9            3.8
     2454683.97           10.0            3.8
    2454711.893           -2.7            4.1
    2454713.873           -3.8            4.2
    2454715.882           -8.1            4.6
    2454716.875           -0.7            4.1
    2454753.885            1.6            3.6
     2454755.85           14.6            3.8
    2454777.733           -8.0            4.1
    2454806.796           15.7            5.5
     2454808.77            3.6            4.3
    2454809.763            1.0            6.1
    2455026.973            5.6            5.7
    2455063.965          -12.6            5.0
    2455099.996            2.2            4.9
    2455116.856           12.0            6.8
    2455154.739           10.3            7.6
    2455174.788           12.4            5.8
    2455364.972           -4.3            5.0
    2455419.012            8.5            4.7
    2455446.847            0.9            3.6
    2455446.856            0.3            3.1
    2455463.833           17.6            5.2
    2455466.842           19.1            4.8
    2455569.653           -8.5            4.1
    2455571.713            8.5            4.6
    2455572.671            8.7            4.8
    2455621.621           11.1            4.6
    2455757.974            0.4            5.0
    2455803.919            7.8            4.3
    2455806.936           -1.6            4.3
    2455828.781            3.6            4.2
    2455831.849           -8.2            5.1
    2455861.842           14.6            4.2
    2455864.796            9.6            4.4
    2455892.745            5.0            4.9
