    2451745.994           14.9            4.3
    2451778.895           -5.3            3.7
    2451808.867           -4.8            3.6
    2451853.766            6.9            4.1
    2451856.801           18.0            4.6
    2451898.637           -0.8            8.0
    2451932.609           12.2            3.9
    2452163.861           11.8            4.9
    2452175.851           -4.4            4.0
    2452307.598           -0.4            4.5
    2452465.989           15.9            5.3
    2452483.985            6.7            5.0
    2452494.987            6.3            5.0
    2452517.936            8.0            5.2
     2452528.91           -0.2            5.2
     2452530.91           11.0            4.5
    2452541.904          -14.7            4.5
    2452543.883           -8.9            5.0
    2452559.914            4.6            6.4
    2452561.795            9.5            8.4
    2452571.791            1.1            5.0
     2452589.81           16.5            5.7
    2452603.782           16.0            4.9
    2452605.724           19.3            4.8
    2452616.772          -12.8            5.9
    2452665.604            5.7            4.2
    2452668.611           -1.8            5.3
    2452837.972           11.9            5.4
    2452861.963            0.8            4.1
    2452863.985           -5.9            5.2
    2452879.918           -7.4            4.2
    2452880.947           15.5            5.0
    2452898.911           18.0            4.7
    2452900.928           -1.8            4.8
    2452932.839            7.5            4.3
    2452934.804           15.2            4.6
    2452963.753           18.3            5.2
    2452965.809            7.4            5.4
     2453022.63            9.8            5.6
     2453208.01           -1.4            3.8
    2453209.978           -3.5            3.7
    2453214.961            0.6            4.2
    2453231.961           12.0            4.0
    2453233.909           15.7            3.9
     2453235.96            5.1            4.2
    2453265.899           17.9            3.8
    2453268.919          -11.3            4.0
     2453269.81           -4.9            3.5
    2453286.828            8.4            3.8
    2453324.713           17.9            5.5
    2453354.654           12.7            3.8
    2453400.642            0.7            7.5
    2453550.983           11.9            4.4
    2453578.964           13.3            4.6
    2453613.923           -2.6            4.2
    2453654.771           15.6            4.1
    2453701.724          -13.2            4.6
    2453740.745            0.4            4.7
    2453911.993           -4.9            3.6
    2453917.013           15.7            3.9
    2453934.974           -3.1            3.9
    2453968.925            8.9            3.2
    2453981.851           17.4            3.8
    2453985.899           -4.8            4.0
    2454055.755           10.4            3.9
    2454297.975            6.3            4.1
    2454300.974           -0.8            4.0
    2454314.939           10.7            3.6
    2454318.981            8.2            4.2
    2454344.859           -2.9            4.3
    2454348.917           21.3            4.0
    2454391.887            9.8            5.4
    2454394.775            7.4            4.2
    2454418.777            7.2            4.5
    2454420.763            1.5            4.2
    2454440.653            6.3            3.4
    2454443.651           -4.6            3.6
    2454481.638            1.3            3.9
    2454503.651            4.4            4.3
    2454645.984           -5.6            4.5
    2454646.968          -15.2            4.2
    2454668.009           -3.3            3.7
    2454681.904           11.8            3.8
     2454683.97            4.9            3.8
    2454711.893           -3.8            4.1
    2454713.873            1.8            4.2
    2454715.882           22.7            4.6
    2454716.875            8.6            4.1
    2454753.885            7.6            3.6
     2454755.85            2.1            3.8
    2454777.733           -0.9            4.1
    2454806.796           13.7            5.5
     2454808.77           -5.1            4.3
    2454809.763          -14.5            6.1
    2455026.973            1.5            5.7
    2455063.965           -7.8            5.0
    2455099.996           -3.5            4.9
    2455116.856            3.9            6.8
    2455154.739            8.0            7.6
    2455174.788           -9.9            5.8
    2455364.972          -11.6            5.0
    2455419.012           14.9            4.7
    2455446.847          -13.7            3.6
    2455446.856          -14.1            3.1
    2455463.833           13.8            5.2
    2455466.842           -1.7            4.8
    2455569.653           16.7            4.1
    2455571.713            4.4            4.6
    2455572.671           -6.3            4.8
    2455621.621           20.3            4.6
    2455757.974           17.6            5.0
    2455803.919            1.8            4.3
    2455806.936            2.3            4.3
    2455828.781           -9.9            4.2
    2455831.849           10.5            5.1
    2455861.842            9.3            4.2
    2455864.796            8.3            4.4
    2455892.745           -4.0            4.9
