    2451745.994            1.0            4.3
    2451778.895           10.2            3.7
    2451808.867           -3.7            3.6
    2451853.766            9.4            4.1
    2451856.801            4.7            4.6
    2451898.637            2.2            8.0
    2451932.609            8.2            3.9
    2452163.861           10.2            4.9
    2452175.851           15.5            4.0
    2452307.598           -7.2            4.5
    2452465.989           -0.1            5.3
    2452483.985           17.0            5.0
    2452494.987           -1.9            5.0
    2452517.936            9.8            5.2
     2452528.91           -1.3            5.2
     2452530.91            6.9            4.5
    2452541.904            1.8            4.5
    2452543.883            2.8            5.0
    2452559.914           20.7            6.4
    2452561.795           -2.1            8.4
    2452571.791           14.0            5.0
     2452589.81           11.4            5.7
    2452603.782            0.9            4.9
    2452605.724           19.2            4.8
    2452616.772            0.5            5.9
    2452665.604           -3.2            4.2
    2452668.611           18.2            5.3
    2452837.972           -3.6            5.4
    2452861.963           -2.4            4.1
    2452863.985            5.9            5.2
    2452879.918            5.1            4.2
    2452880.947           14.3            5.0
    2452898.911           15.4            4.7
    2452900.928           -3.4            4.8
    2452932.839            1.0            4.3
    2452934.804            3.2            4.6
    2452963.753           -0.3            5.2
    2452965.809            6.5            5.4
     2453022.63            1.5            5.6
     2453208.01            3.8            3.8
    2453209.978            2.0            3.7
    2453214.961            7.5            4.2
    2453231.961           15.6            4.0
    2453233.909          -10.0            3.9
     2453235.96           11.7            4.2
    2453265.899            6.6            3.8
    2453268.919            5.3            4.0
     2453269.81           15.9            3.5
    2453286.828           11.3            3.8
    2453324.713           11.8            5.5
    2453354.654           -0.5            3.8
    2453400.642            6.0            7.5
    2453550.983            0.3            4.4
    2453578.964            8.4            4.6
    2453613.923            3.4            4.2
    2453654.771            6.2            4.1
    2453701.724           -4.3            4.6
    2453740.745           -3.8            4.7
    2453911.993            4.2            3.6
    2453917.013           12.1            3.9
    2453934.974            4.9            3.9
    2453968.925           -7.2            3.2
    2453981.851          -11.7            3.8
    2453985.899           -1.6            4.0
    2454055.755           18.1            3.9
    2454297.975           10.9            4.1
    2454300.974            4.4            4.0
    2454314.939            1.6            3.6
    2454318.981            7.9            4.2
    2454344.859           -6.0            4.3
    2454348.917            6.2            4.0
    2454391.887           -6.0            5.4
    2454394.775            5.2            4.2
    2454418.777           16.8            4.5
    2454420.763           -4.4            4.2
    2454440.653           -1.7            3.4
    2454443.651           12.9            3.6
    2454481.638           12.2            3.9
    2454503.651           11.3            4.3
    2454645.984           -9.9            4.5
    2454646.968            1.7            4.2
    2454668.009            5.6            3.7
    2454681.904           17.9            3.8
     2454683.97           -8.0            3.8
    2454711.893            6.1            4.1
    2454713.873            3.8            4.2
    2454715.882            4.2            4.6
    2454716.875          -10.1            4.1
    2454753.885            5.6            3.6
     2454755.85           -5.8            3.8
    2454777.733           17.7            4.1
    2454806.796            3.3            5.5
     2454808.77            8.6            4.3
    2454809.763            1.1            6.1
    2455026.973            6.1            5.7
    2455063.965           -2.3            5.0
    2455099.996           10.9            4.9
    2455116.856           20.6            6.8
    2455154.739           15.8            7.6
    2455174.788           10.7            5.8
    2455364.972            4.9            5.0
    2455419.012           -6.1            4.7
    2455446.847            8.7            3.6
    2455446.856            8.6            3.1
    2455463.833            3.0            5.2
    2455466.842           16.7            4.8
    2455569.653            0.2            4.1
    2455571.713            9.0            4.6
    2455572.671            7.5            4.8
    2455621.621            7.5            4.6
    2455757.974           -5.2            5.0
    2455803.919           -6.3            4.3
    2455806.936            4.9            4.3
    2455828.781           -5.8            4.2
    2455831.849            9.9            5.1
    2455861.842           -2.6            4.2
    2455864.796           12.9            4.4
    2455892.745            2.0            4.9
