    2451745.994            6.1            4.3
    2451778.895            9.4            3.7
    2451808.867           -2.7            3.6
    2451853.766           11.3            4.1
    2451856.801           -5.1            4.6
    2451898.637            1.2            8.0
    2451932.609            6.3            3.9
    2452163.861            7.8            4.9
    2452175.851           -3.2            4.0
    2452307.598            6.1            4.5
    2452465.989           14.0            5.3
    2452483.985           -0.4            5.0
    2452494.987           -3.6            5.0
    2452517.936            5.3            5.2
     2452528.91           11.2            5.2
     2452530.91            3.7            4.5
    2452541.904            3.3            4.5
    2452543.883            6.5            5.0
    2452559.914           10.1            6.4
    2452561.795           20.7            8.4
    2452571.791           15.7            5.0
     2452589.81           -2.7            5.7
    2452603.782            9.4            4.9
    2452605.724           -2.7            4.8
    2452616.772           -2.5            5.9
    2452665.604           -7.2            4.2
    2452668.611            5.6            5.3
    2452837.972            7.3            5.4
    2452861.963           -4.3            4.1
    2452863.985           11.8            5.2
    2452879.918           14.5            4.2
    2452880.947           17.1            5.0
    2452898.911           -1.3            4.7
    2452900.928            9.4            4.8
    2452932.839            6.8            4.3
    2452934.804            7.3            4.6
    2452963.753            3.3            5.2
    2452965.809           17.4            5.4
     2453022.63            2.8            5.6
     2453208.01           -2.7            3.8
    2453209.978           11.9            3.7
    2453214.961            9.6            4.2
    2453231.961            7.4            4.0
    2453233.909           -8.0            3.9
     2453235.96            1.5            4.2
    2453265.899           -1.0            3.8
    2453268.919           16.1            4.0
     2453269.81           12.2            3.5
    2453286.828            3.8            3.8
    2453324.713           -5.8            5.5
    2453354.654           12.7            3.8
    2453400.642            1.8            7.5
    2453550.983            9.1            4.4
    2453578.964           -0.3            4.6
    2453613.923           11.7            4.2
    2453654.771           -6.3            4.1
    2453701.724            1.3            4.6
    2453740.745           -1.0            4.7
    2453911.993           10.9            3.6
    2453917.013            9.9            3.9
    2453934.974            9.2            3.9
    2453968.925           -9.6            3.2
    2453981.851            9.4            3.8
    2453985.899            4.0            4.0
    2454055.755            8.1            3.9
    2454297.975           -8.3            4.1
    2454300.974            7.8            4.0
    2454314.939           -2.3            3.6
    2454318.981           -0.5            4.2
    2454344.859            5.3            4.3
    2454348.917           11.1            4.0
    2454391.887           14.4            5.4
    2454394.775            0.3            4.2
    2454418.777           15.0            4.5
    2454420.763            0.0            4.2
    2454440.653            2.1            3.4
    2454443.651            3.5            3.6
    2454481.638           14.3            3.9
    2454503.651           12.4            4.3
    2454645.984           12.1            4.5
    2454646.968           15.9            4.2
    2454668.009           12.0            3.7
    2454681.904           -6.9            3.8
     2454683.97            7.8            3.8
    2454711.893            3.9            4.1
    2454713.873           -3.6            4.2
    2454715.882           12.2            4.6
    2454716.875            8.1            4.1
    2454753.885           10.5            3.6
     2454755.85           -4.1            3.8
    2454777.733           -4.8            4.1
    2454806.796           18.7            5.5
     2454808.77            2.4            4.3
    2454809.763            5.9            6.1
    2455026.973           -4.7            5.7
    2455063.965           -0.5            5.0
    2455099.996            3.9            4.9
    2455116.856            1.8            6.8
    2455154.739            2.2            7.6
    2455174.788            4.1            5.8
    2455364.972           16.3            5.0
    2455419.012            4.3            4.7
    2455446.847           -1.1            3.6
    2455446.856           -1.7            3.1
    2455463.833           -0.2            5.2
    2455466.842           12.3            4.8
    2455569.653           -6.2            4.1
    2455571.713            6.8            4.6
    2455572.671           10.4            4.8
    2455621.621            8.8            4.6
    2455757.974            9.3            5.0
    2455803.919           -6.2            4.3
    2455806.936            8.3            4.3
    2455828.781            3.3            4.2
    2455831.849            0.0            5.1
    2455861.842            1.8            4.2
    2455864.796           16.1            4.4
    2455892.745            6.4            4.9
