    2451745.994           16.8            4.3
    2451778.895           10.1            3.7
    2451808.867          -14.3            3.6
    2451853.766           -2.6            4.1
    2451856.801          -10.8            4.6
    2451898.637            4.0            8.0
    2451932.609          -11.0            3.9
    2452163.861            8.9            4.9
    2452175.851            1.9            4.0
    2452307.598           14.1            4.5
    2452465.989            2.4            5.3
    2452483.985            3.3            5.0
    2452494.987           -2.6            5.0
    2452517.936           25.0            5.2
     2452528.91            7.4            5.2
     2452530.91           -6.0            4.5
    2452541.904            0.3            4.5
    2452543.883            7.9            5.0
    2452559.914            6.6            6.4
    2452561.795            7.4            8.4
    2452571.791            7.1            5.0
     2452589.81            2.0            5.7
    2452603.782          -18.1            4.9
    2452605.724           17.5            4.8
    2452616.772           12.5            5.9
    2452665.604           -1.0            4.2
    2452668.611          -12.1            5.3
    2452837.972           16.5            5.4
    2452861.963            6.8            4.1
    2452863.985           10.5            5.2
    2452879.918           -4.6            4.2
    2452880.947           19.9            5.0
    2452898.911           -8.2            4.7
    2452900.928            7.4            4.8
    2452932.839          -11.8            4.3
    2452934.804            4.9            4.6
    2452963.753          -13.4            5.2
    2452965.809           10.9            5.4
     2453022.63           -0.6            5.6
     2453208.01          -16.3            3.8
    2453209.978           19.7            3.7
    2453214.961           17.8            4.2
    2453231.961           11.8            4.0
    2453233.909            7.7            3.9
     2453235.96          -12.7            4.2
    2453265.899           23.3            3.8
    2453268.919           10.7            4.0
     2453269.81           -2.1            3.5
    2453286.828          -10.2            3.8
    2453324.713           15.7            5.5
    2453354.654            2.9            3.8
    2453400.642           15.1            7.5
    2453550.983          -10.8            4.4
    2453578.964           -8.5            4.6
    2453613.923           22.4            4.2
    2453654.771           -4.9            4.1
    2453701.724           17.8            4.6
    2453740.745           15.4            4.7
    2453911.993           10.6            3.6
    2453917.013            5.8            3.9
    2453934.974            9.3            3.9
    2453968.925            0.8            3.2
    2453981.851           12.6            3.8
    2453985.899            4.9            4.0
    2454055.755            6.7            3.9
    2454297.975            4.4            4.1
    2454300.974           -8.9            4.0
    2454314.939           -6.0            3.6
    2454318.981           10.3            4.2
    2454344.859           13.2            4.3
    2454348.917          -12.2            4.0
    2454391.887           -1.8            5.4
    2454394.775            7.8            4.2
    2454418.777            1.7            4.5
    2454420.763           15.5            4.2
    2454440.653           10.0            3.4
    2454443.651            0.8            3.6
    2454481.638            8.2            3.9
    2454503.651          -15.5            4.3
    2454645.984           16.7            4.5
    2454646.968           -9.2            4.2
    2454668.009            3.9            3.7
    2454681.904           22.4            3.8
     2454683.97           -7.3            3.8
    2454711.893          -13.1            4.1
    2454713.873            3.9            4.2
    2454715.882            9.7            4.6
    2454716.875           -5.4            4.1
    2454753.885            4.2            3.6
     2454755.85           -4.3            3.8
    2454777.733           17.7            4.1
    2454806.796           -7.3            5.5
     2454808.77            6.7            4.3
    2454809.763           -3.1            6.1
    2455026.973            4.8            5.7
    2455063.965            3.5            5.0
    2455099.996           -1.9            4.9
    2455116.856           11.4            6.8
    2455154.739           12.2            7.6
    2455174.788           -5.0            5.8
    2455364.972           16.1            5.0
    2455419.012            4.0            4.7
    2455446.847           10.4            3.6
    2455446.856            9.5            3.1
    2455463.833           -3.8            5.2
    2455466.842            0.8            4.8
    2455569.653           16.8            4.1
    2455571.713          -14.7            4.6
    2455572.671           11.1            4.8
    2455621.621            2.7            4.6
    2455757.974           20.3            5.0
    2455803.919           -2.0            4.3
    2455806.936           -1.0            4.3
    2455828.781           12.1            4.2
    2455831.849            2.9            5.1
    2455861.842           19.5            4.2
    2455864.796           12.1            4.4
    2455892.745           10.8            4.9
