    2451745.994           14.5            4.3
    2451778.895            2.4            3.7
    2451808.867            7.1            3.6
    2451853.766           -1.1            4.1
    2451856.801            8.3            4.6
    2451898.637           18.2            8.0
    2451932.609           19.3            3.9
    2452163.861            5.9            4.9
    2452175.851           -9.7            4.0
    2452307.598            1.4            4.5
    2452465.989           14.8            5.3
    2452483.985          -11.8            5.0
    2452494.987           -2.9            5.0
    2452517.936            2.3            5.2
     2452528.91           10.8            5.2
     2452530.91            5.8            4.5
    2452541.904           -5.0            4.5
    2452543.883           12.3            5.0
    2452559.914           -0.6            6.4
    2452561.795          -11.2            8.4
    2452571.791            5.0            5.0
     2452589.81           14.9            5.7
    2452603.782            9.0            4.9
    2452605.724           -2.6            4.8
    2452616.772           -9.1            5.9
    2452665.604           -1.2            4.2
    2452668.611          -12.2            5.3
    2452837.972            5.9            5.4
    2452861.963            5.9            4.1
    2452863.985           -4.2            5.2
    2452879.918           14.0            4.2
    2452880.947            8.8            5.0
    2452898.911          -11.1            4.7
    2452900.928            6.1            4.8
    2452932.839           -7.9            4.3
    2452934.804           13.0            4.6
    2452963.753            9.4            5.2
    2452965.809           -1.2            5.4
     2453022.63            0.7            5.6
     2453208.01           10.5            3.8
    2453209.978            0.4            3.7
    2453214.961           -2.5            4.2
    2453231.961           17.4            4.0
    2453233.909           12.5            3.9
     2453235.96          -11.4            4.2
    2453265.899           23.1            3.8
    2453268.919           12.7            4.0
     2453269.81           -3.6            3.5
    2453286.828           16.2            3.8
    2453324.713          -10.1            5.5
    2453354.654            4.9            3.8
    2453400.642            1.7            7.5
    2453550.983           15.4            4.4
    2453578.964           -2.9            4.6
    2453613.923           11.9            4.2
    2453654.771           14.9            4.1
    2453701.724           10.8            4.6
    2453740.745           -0.0            4.7
    2453911.993            3.9            3.6
    2453917.013           13.7            3.9
    2453934.974           -2.2            3.9
    2453968.925            5.2            3.2
    2453981.851          -13.6            3.8
    2453985.899           19.2            4.0
    2454055.755            0.3            3.9
    2454297.975           -4.9            4.1
    2454300.974            3.9            4.0
    2454314.939           12.2            3.6
    2454318.981          -12.7            4.2
    2454344.859           -0.3            4.3
    2454348.917           12.4            4.0
    2454391.887           18.8            5.4
    2454394.775            8.0            4.2
    2454418.777            2.0            4.5
    2454420.763           18.9            4.2
    2454440.653            5.0            3.4
    2454443.651           18.7            3.6
    2454481.638            4.3            3.9
    2454503.651           -6.5            4.3
    2454645.984            6.4            4.5
    2454646.968          -11.5            4.2
    2454668.009           -1.2            3.7
    2454681.904           -4.3            3.8
     2454683.97            6.8            3.8
    2454711.893            7.6            4.1
    2454713.873           -1.8            4.2
    2454715.882            1.1            4.6
    2454716.875           11.1            4.1
    2454753.885          -11.0            3.6
     2454755.85           -6.6            3.8
    2454777.733            6.3            4.1
    2454806.796           19.1            5.5
     2454808.77           -6.9            4.3
    2454809.763            9.7            6.1
    2455026.973           -6.9            5.7
    2455063.965            5.0            5.0
    2455099.996           12.5            4.9
    2455116.856          -10.6            6.8
    2455154.739           18.3            7.6
    2455174.788           11.7            5.8
    2455364.972            1.0            5.0
    2455419.012           -6.0            4.7
    2455446.847           11.5            3.6
    2455446.856           10.9            3.1
    2455463.833           10.2            5.2
    2455466.842            7.0            4.8
    2455569.653           20.1            4.1
    2455571.713           -2.3            4.6
    2455572.671           12.3            4.8
    2455621.621           13.3            4.6
    2455757.974            2.4            5.0
    2455803.919            0.4            4.3
    2455806.936            7.0            4.3
    2455828.781           13.7            4.2
    2455831.849           23.5            5.1
    2455861.842            1.2            4.2
    2455864.796            3.6            4.4
    2455892.745           10.2            4.9
