    2451745.994           -4.4            4.3
    2451778.895           -4.3            3.7
    2451808.867          -11.2            3.6
    2451853.766            6.1            4.1
    2451856.801           -1.6            4.6
    2451898.637           13.3            8.0
    2451932.609           -9.9            3.9
    2452163.861            8.6            4.9
    2452175.851           11.8            4.0
    2452307.598           11.1            4.5
    2452465.989           -9.5            5.3
    2452483.985           -8.3            5.0
    2452494.987          -10.3            5.0
    2452517.936           12.2            5.2
     2452528.91            8.5            5.2
     2452530.91           -2.2            4.5
    2452541.904           -7.9            4.5
    2452543.883           12.5            5.0
    2452559.914            0.0            6.4
    2452561.795           14.6            8.4
    2452571.791           -9.1            5.0
     2452589.81          -10.4            5.7
    2452603.782           -4.7            4.9
    2452605.724           11.3            4.8
    2452616.772           10.8            5.9
    2452665.604           -1.2            4.2
    2452668.611           16.1            5.3
    2452837.972           -4.0            5.4
    2452861.963           11.9            4.1
    2452863.985           -9.2            5.2
    2452879.918           12.8            4.2
    2452880.947            3.0            5.0
    2452898.911           11.3            4.7
    2452900.928            6.5            4.8
    2452932.839           -3.2            4.3
    2452934.804           17.3            4.6
    2452963.753           19.9            5.2
    2452965.809           -5.2            5.4
     2453022.63           20.1            5.6
     2453208.01           16.7            3.8
    2453209.978           -5.1            3.7
    2453214.961            2.0            4.2
    2453231.961          -10.5            4.0
    2453233.909           15.8            3.9
     2453235.96           -3.4            4.2
    2453265.899            4.0            3.8
    2453268.919           -4.0            4.0
     2453269.81           10.5            3.5
    2453286.828           -6.5            3.8
    2453324.713           10.0            5.5
    2453354.654           13.7            3.8
    2453400.642           -2.2            7.5
    2453550.983            5.6            4.4
    2453578.964          -10.7            4.6
    2453613.923           10.5            4.2
    2453654.771            1.7            4.1
    2453701.724           10.8            4.6
    2453740.745           12.1            4.7
    2453911.993            5.9            3.6
    2453917.013            9.4            3.9
    2453934.974           12.5            3.9
    2453968.925           -1.8            3.2
    2453981.851            9.4            3.8
    2453985.899           20.8            4.0
    2454055.755            8.7            3.9
    2454297.975          -10.4            4.1
    2454300.974           -4.8            4.0
    2454314.939            7.5            3.6
    2454318.981            4.6            4.2
    2454344.859           -4.3            4.3
    2454348.917           -9.4            4.0
    2454391.887            3.6            5.4
    2454394.775           15.6            4.2
    2454418.777           -6.3            4.5
    2454420.763            9.1            4.2
    2454440.653          -10.0            3.4
    2454443.651           -3.1            3.6
    2454481.638            5.4            3.9
    2454503.651           11.7            4.3
    2454645.984           12.3            4.5
    2454646.968           14.7            4.2
    2454668.009            7.5            3.7
    2454681.904           -7.1            3.8
     2454683.97            1.1            3.8
    2454711.893           10.2            4.1
    2454713.873           -9.7            4.2
    2454715.882           14.5            4.6
    2454716.875            2.9            4.1
    2454753.885           -3.7            3.6
     2454755.85           14.7            3.8
    2454777.733           15.1            4.1
    2454806.796           11.6            5.5
     2454808.77           -7.9            4.3
    2454809.763            3.0            6.1
    2455026.973           12.8            5.7
    2455063.965           -6.0            5.0
    2455099.996            8.6            4.9
    2455116.856           17.0            6.8
    2455154.739            6.4            7.6
    2455174.788            1.4            5.8
    2455364.972           12.7            5.0
    2455419.012           -5.7            4.7
    2455446.847           -0.6            3.6
    2455446.856           -1.3            3.1
    2455463.833           12.6            5.2
    2455466.842            3.3            4.8
    2455569.653           10.1            4.1
    2455571.713           -9.9            4.6
    2455572.671            0.8            4.8
    2455621.621           16.3            4.6
    2455757.974           -5.7            5.0
    2455803.919           17.2            4.3
    2455806.936           17.6            4.3
    2455828.781            9.0            4.2
    2455831.849            1.1            5.1
    2455861.842           12.2            4.2
    2455864.796            6.9            4.4
    2455892.745           -7.2            4.9
