    2451745.994            3.0            4.3
    2451778.895            3.0            3.7
    2451808.867            2.3            3.6
    2451853.766            5.2            4.1
    2451856.801           -3.1            4.6
    2451898.637           13.2            8.0
    2451932.609            3.2            3.9
    2452163.861            4.5            4.9
    2452175.851            5.5            4.0
    2452307.598            3.2            4.5
    2452465.989            2.6            5.3
    2452483.985            6.8            5.0
    2452494.987            4.0            5.0
    2452517.936           12.8            5.2
     2452528.91           11.5            5.2
     2452530.91           16.0            4.5
    2452541.904            4.9            4.5
    2452543.883           11.3            5.0
    2452559.914           -3.8            6.4
    2452561.795           -0.7            8.4
    2452571.791            9.1            5.0
     2452589.81            3.5            5.7
    2452603.782            9.4            4.9
    2452605.724            6.6            4.8
    2452616.772            2.5            5.9
    2452665.604           -1.3            4.2
    2452668.611            3.1            5.3
    2452837.972            8.7            5.4
    2452861.963           -3.7            4.1
    2452863.985           -0.6            5.2
    2452879.918            4.3            4.2
    2452880.947            3.7            5.0
    2452898.911            4.4            4.7
    2452900.928            5.4            4.8
    2452932.839            1.9            4.3
    2452934.804            4.0            4.6
    2452963.753            7.7            5.2
    2452965.809            4.5            5.4
     2453022.63            5.3            5.6
     2453208.01            5.9            3.8
    2453209.978            9.7            3.7
    2453214.961            6.4            4.2
    2453231.961            9.3            4.0
    2453233.909            6.4            3.9
     2453235.96           11.0            4.2
    2453265.899            6.2            3.8
    2453268.919            0.9            4.0
     2453269.81            5.2            3.5
    2453286.828            6.0            3.8
    2453324.713            1.8            5.5
    2453354.654            6.6            3.8
    2453400.642            6.6            7.5
    2453550.983            3.3            4.4
    2453578.964            4.4            4.6
    2453613.923            3.1            4.2
    2453654.771           -1.7            4.1
    2453701.724           -0.6            4.6
    2453740.745           13.2            4.7
    2453911.993            1.4            3.6
    2453917.013            5.5            3.9
    2453934.974            9.5            3.9
    2453968.925            6.7            3.2
    2453981.851            3.5            3.8
    2453985.899            9.5            4.0
    2454055.755            1.9            3.9
    2454297.975            4.0            4.1
    2454300.974           14.7            4.0
    2454314.939            4.3            3.6
    2454318.981            5.1            4.2
    2454344.859            4.1            4.3
    2454348.917            0.0            4.0
    2454391.887            6.6            5.4
    2454394.775            7.3            4.2
    2454418.777            9.6            4.5
    2454420.763            8.1            4.2
    2454440.653           -0.5            3.4
    2454443.651           12.5            3.6
    2454481.638            4.2            3.9
    2454503.651           12.3            4.3
    2454645.984           11.8            4.5
    2454646.968            4.1            4.2
    2454668.009            6.5            3.7
    2454681.904            2.9            3.8
     2454683.97            2.4            3.8
    2454711.893            4.6            4.1
    2454713.873            1.2            4.2
    2454715.882            1.1            4.6
    2454716.875            5.0            4.1
    2454753.885           -0.8            3.6
     2454755.85           -4.4            3.8
    2454777.733           10.2            4.1
    2454806.796           -1.7            5.5
     2454808.77            1.0            4.3
    2454809.763            9.9            6.1
    2455026.973           12.7            5.7
    2455063.965            5.6            5.0
    2455099.996            9.6            4.9
    2455116.856            9.4            6.8
    2455154.739           13.3            7.6
    2455174.788            8.0            5.8
    2455364.972            0.6            5.0
    2455419.012            4.8            4.7
    2455446.847            2.7            3.6
    2455446.856            2.2            3.1
    2455463.833           14.8            5.2
    2455466.842            1.3            4.8
    2455569.653           -4.4            4.1
    2455571.713           -5.1            4.6
    2455572.671            4.9            4.8
    2455621.621            2.9            4.6
    2455757.974           13.4            5.0
    2455803.919           -1.9            4.3
    2455806.936            5.3            4.3
    2455828.781            6.5            4.2
    2455831.849            5.1            5.1
    2455861.842           11.0            4.2
    2455864.796            8.4            4.4
    2455892.745            8.4            4.9
