    2451745.994            3.1            4.3
    2451778.895           -6.0            3.7
    2451808.867           25.2            3.6
    2451853.766           24.1            4.1
    2451856.801          -12.6            4.6
    2451898.637            8.6            8.0
    2451932.609           -9.6            3.9
    2452163.861            0.7            4.9
    2452175.851            3.3            4.0
    2452307.598          -20.7            4.5
    2452465.989           -1.2            5.3
    2452483.985           16.7            5.0
    2452494.987           34.0            5.0
    2452517.936           11.9            5.2
     2452528.91            6.1            5.2
     2452530.91           27.1            4.5
    2452541.904            8.2            4.5
    2452543.883           14.6            5.0
    2452559.914           14.6            6.4
    2452561.795           31.9            8.4
    2452571.791            9.2            5.0
     2452589.81           -6.7            5.7
    2452603.782           11.9            4.9
    2452605.724            7.4            4.8
    2452616.772            4.6            5.9
    2452665.604           -2.0            4.2
    2452668.611           12.3            5.3
    2452837.972           -2.7            5.4
    2452861.963           11.9            4.1
    2452863.985           28.4            5.2
    2452879.918            5.8            4.2
    2452880.947           22.5            5.0
    2452898.911           23.4            4.7
    2452900.928            4.8            4.8
    2452932.839            4.0            4.3
    2452934.804           22.8            4.6
    2452963.753            3.1            5.2
    2452965.809           15.5            5.4
     2453022.63           14.5            5.6
     2453208.01           19.8            3.8
    2453209.978           24.5            3.7
    2453214.961           -0.2            4.2
    2453231.961           15.5            4.0
    2453233.909            0.0            3.9
     2453235.96            8.0            4.2
    2453265.899            4.2            3.8
    2453268.919          -22.5            4.0
     2453269.81            5.5            3.5
    2453286.828          -14.7            3.8
    2453324.713           16.6            5.5
    2453354.654           14.1            3.8
    2453400.642           32.0            7.5
    2453550.983           13.2            4.4
    2453578.964           -5.9            4.6
    2453613.923            9.4            4.2
    2453654.771          -14.2            4.1
    2453701.724            4.6            4.6
    2453740.745           22.7            4.7
    2453911.993            7.8            3.6
    2453917.013           -6.6            3.9
    2453934.974           -0.4            3.9
    2453968.925            5.2            3.2
    2453981.851          -16.6            3.8
    2453985.899          -16.5            4.0
    2454055.755           25.0            3.9
    2454297.975           27.8            4.1
    2454300.974           -5.8            4.0
    2454314.939           -4.4            3.6
    2454318.981          -21.0            4.2
    2454344.859            5.5            4.3
    2454348.917           16.7            4.0
    2454391.887           -0.6            5.4
    2454394.775           -4.9            4.2
    2454418.777            4.0            4.5
    2454420.763           -8.3            4.2
    2454440.653            0.7            3.4
    2454443.651           -2.3            3.6
    2454481.638            5.5            3.9
    2454503.651            5.3            4.3
    2454645.984            7.6            4.5
    2454646.968           -6.2            4.2
    2454668.009            0.1            3.7
    2454681.904           26.4            3.8
     2454683.97           36.5            3.8
    2454711.893           -8.9            4.1
    2454713.873          -11.8            4.2
    2454715.882            4.7            4.6
    2454716.875            6.9            4.1
    2454753.885           -6.9            3.6
     2454755.85           10.1            3.8
    2454777.733            0.6            4.1
    2454806.796           -3.5            5.5
     2454808.77           10.0            4.3
    2454809.763          -14.0            6.1
    2455026.973           -1.3            5.7
    2455063.965           22.2            5.0
    2455099.996           -0.9            4.9
    2455116.856            4.5            6.8
    2455154.739            9.2            7.6
    2455174.788           16.6            5.8
    2455364.972           10.0            5.0
    2455419.012           11.8            4.7
    2455446.847           -5.6            3.6
    2455446.856           -6.0            3.1
    2455463.833            1.4            5.2
    2455466.842          -14.8            4.8
    2455569.653           24.0            4.1
    2455571.713           14.7            4.6
    2455572.671            0.7            4.8
    2455621.621          -13.4            4.6
    2455757.974          -14.2            5.0
    2455803.919          -12.6            4.3
    2455806.936            4.9            4.3
    2455828.781          -19.1            4.2
    2455831.849           17.2            5.1
    2455861.842           -4.5            4.2
    2455864.796            3.7            4.4
    2455892.745            2.5            4.9
