    2451745.994           -3.0            4.3
    2451778.895           -4.3            3.7
    2451808.867            2.4            3.6
    2451853.766           11.7            4.1
    2451856.801            6.2            4.6
    2451898.637           14.4            8.0
    2451932.609            1.8            3.9
    2452163.861           10.4            4.9
    2452175.851           10.4            4.0
    2452307.598           12.7            4.5
    2452465.989           14.4            5.3
    2452483.985           11.3            5.0
    2452494.987           -3.2            5.0
    2452517.936           -3.2            5.2
     2452528.91           11.8            5.2
     2452530.91            0.1            4.5
    2452541.904           13.1            4.5
    2452543.883            9.1            5.0
    2452559.914           13.0            6.4
    2452561.795           17.0            8.4
    2452571.791           12.4            5.0
     2452589.81           14.2            5.7
    2452603.782           -3.4            4.9
    2452605.724           -0.0            4.8
    2452616.772           -0.2            5.9
    2452665.604           12.1            4.2
    2452668.611            6.8            5.3
    2452837.972           -2.4            5.4
    2452861.963           12.7            4.1
    2452863.985            9.4            5.2
    2452879.918            8.5            4.2
    2452880.947           -3.8            5.0
    2452898.911           -1.1            4.7
    2452900.928           -3.1            4.8
    2452932.839           12.5            4.3
    2452934.804           11.6            4.6
    2452963.753           -0.1            5.2
    2452965.809           11.8            5.4
     2453022.63            0.9            5.6
     2453208.01           -0.4            3.8
    2453209.978            9.9            3.7
    2453214.961           11.4            4.2
    2453231.961            7.4            4.0
    2453233.909           -2.3            3.9
     2453235.96           -2.6            4.2
    2453265.899            4.2            3.8
    2453268.919           -3.1            4.0
     2453269.81            9.7            3.5
    2453286.828           -5.1            3.8
    2453324.713           -2.7            5.5
    2453354.654           -4.9            3.8
    2453400.642           -1.1            7.5
    2453550.983           -3.6            4.4
    2453578.964           -4.1            4.6
    2453613.923            0.4            4.2
    2453654.771           -4.7            4.1
    2453701.724           11.3            4.6
    2453740.745           -4.3            4.7
    2453911.993           -1.1            3.6
    2453917.013           -2.7            3.9
    2453934.974            2.4            3.9
    2453968.925            8.6            3.2
    2453981.851           -0.7            3.8
    2453985.899           10.4            4.0
    2454055.755           -4.3            3.9
    2454297.975            3.6            4.1
    2454300.974           11.1            4.0
    2454314.939           -4.5            3.6
    2454318.981           13.0            4.2
    2454344.859            1.2            4.3
    2454348.917            9.2            4.0
    2454391.887            9.1            5.4
    2454394.775           12.9            4.2
    2454418.777           -4.9            4.5
    2454420.763            0.8            4.2
    2454440.653            3.1            3.4
    2454443.651           -4.4            3.6
    2454481.638           -3.4            3.9
    2454503.651           11.8            4.3
    2454645.984            8.7            4.5
    2454646.968            6.2            4.2
    2454668.009           -5.3            3.7
    2454681.904           12.4            3.8
     2454683.97            6.9            3.8
    2454711.893           10.7            4.1
    2454713.873            0.6            4.2
    2454715.882           -4.0            4.6
    2454716.875            9.0            4.1
    2454753.885           -4.1            3.6
     2454755.85            4.3            3.8
    2454777.733           12.5            4.1
    2454806.796           -0.3            5.5
     2454808.77            9.5            4.3
    2454809.763           -1.7            6.1
    2455026.973           12.9            5.7
    2455063.965           -3.8            5.0
    2455099.996            0.6            4.9
    2455116.856           -1.7            6.8
    2455154.739           -1.7            7.6
    2455174.788            1.2            5.8
    2455364.972           12.9            5.0
    2455419.012            1.6            4.7
    2455446.847           -4.7            3.6
    2455446.856           -5.1            3.1
    2455463.833            9.8            5.2
    2455466.842            1.0            4.8
    2455569.653           12.4            4.1
    2455571.713            5.4            4.6
    2455572.671            8.3            4.8
    2455621.621           -3.9            4.6
    2455757.974           12.2            5.0
    2455803.919           12.7            4.3
    2455806.936            7.1            4.3
    2455828.781           13.0            4.2
    2455831.849           11.4            5.1
    2455861.842           12.0            4.2
    2455864.796           10.5            4.4
    2455892.745            7.8            4.9
