    2451745.994           -5.2            4.3
    2451778.895           15.0            3.7
    2451808.867            6.0            3.6
    2451853.766           10.0            4.1
    2451856.801            4.5            4.6
    2451898.637           19.2            8.0
    2451932.609            4.3            3.9
    2452163.861          -11.3            4.9
    2452175.851           20.3            4.0
    2452307.598           -7.7            4.5
    2452465.989            2.7            5.3
    2452483.985            8.4            5.0
    2452494.987            2.9            5.0
    2452517.936           11.1            5.2
     2452528.91            9.4            5.2
     2452530.91           -6.3            4.5
    2452541.904           -1.8            4.5
    2452543.883           10.4            5.0
    2452559.914          -10.8            6.4
    2452561.795            1.6            8.4
    2452571.791           15.6            5.0
     2452589.81           18.8            5.7
    2452603.782           -9.0            4.9
    2452605.724           -9.4            4.8
    2452616.772           20.0            5.9
    2452665.604           11.1            4.2
    2452668.611           -5.5            5.3
    2452837.972           -4.1            5.4
    2452861.963            6.2            4.1
    2452863.985            8.2            5.2
    2452879.918           -0.9            4.2
    2452880.947           -0.8            5.0
    2452898.911            9.3            4.7
    2452900.928           -4.4            4.8
    2452932.839            7.1            4.3
    2452934.804           18.1            4.6
    2452963.753           16.7            5.2
    2452965.809            4.4            5.4
     2453022.63           -1.3            5.6
     2453208.01           -4.2            3.8
    2453209.978           -5.7            3.7
    2453214.961           20.7            4.2
    2453231.961            4.7            4.0
    2453233.909            7.4            3.9
     2453235.96            2.5            4.2
    2453265.899            4.7            3.8
    2453268.919            7.6            4.0
     2453269.81            2.6            3.5
    2453286.828           22.4            3.8
    2453324.713            7.8            5.5
    2453354.654            7.2            3.8
    2453400.642           10.3            7.5
    2453550.983           -6.9            4.4
    2453578.964           -5.8            4.6
    2453613.923            4.4            4.2
    2453654.771           15.7            4.1
    2453701.724           23.9            4.6
    2453740.745           -0.4            4.7
    2453911.993           10.3            3.6
    2453917.013           -1.3            3.9
    2453934.974           10.9            3.9
    2453968.925          -14.8            3.2
    2453981.851           18.0            3.8
    2453985.899           -7.5            4.0
    2454055.755            3.7            3.9
    2454297.975           15.6            4.1
    2454300.974            8.5            4.0
    2454314.939           -2.5            3.6
    2454318.981           -0.6            4.2
    2454344.859           14.8            4.3
    2454348.917            8.6            4.0
    2454391.887            9.5            5.4
    2454394.775           14.0            4.2
    2454418.777            9.0            4.5
    2454420.763            3.1            4.2
    2454440.653           14.9            3.4
    2454443.651           15.1            3.6
    2454481.638            1.3            3.9
    2454503.651            3.0            4.3
    2454645.984            3.0            4.5
    2454646.968            6.5            4.2
    2454668.009           16.5            3.7
    2454681.904          -14.5            3.8
     2454683.97           -7.2            3.8
    2454711.893           10.4            4.1
    2454713.873           20.1            4.2
    2454715.882           15.6            4.6
    2454716.875           11.1            4.1
    2454753.885          -11.1            3.6
     2454755.85           -2.2            3.8
    2454777.733            1.6            4.1
    2454806.796            5.9            5.5
     2454808.77            3.9            4.3
    2454809.763            9.5            6.1
    2455026.973           -4.8            5.7
    2455063.965           20.8            5.0
    2455099.996            0.6            4.9
    2455116.856            1.0            6.8
    2455154.739           20.0            7.6
    2455174.788           13.9            5.8
    2455364.972           18.4            5.0
    2455419.012            4.9            4.7
    2455446.847           -1.0            3.6
    2455446.856           -1.6            3.1
    2455463.833            8.9            5.2
    2455466.842          -11.5            4.8
    2455569.653           15.6            4.1
    2455571.713           22.9            4.6
    2455572.671           20.1            4.8
    2455621.621            5.5            4.6
    2455757.974           12.7            5.0
    2455803.919           17.0            4.3
    2455806.936           18.2            4.3
    2455828.781            5.2            4.2
    2455831.849           11.4            5.1
    2455861.842           -4.1            4.2
    2455864.796          -10.6            4.4
    2455892.745            2.9            4.9
