    2451745.994            1.6            4.3
    2451778.895           -1.5            3.7
    2451808.867            4.3            3.6
    2451853.766            3.8            4.1
    2451856.801            5.0            4.6
    2451898.637            8.9            8.0
    2451932.609            1.5            3.9
    2452163.861            1.9            4.9
    2452175.851           14.5            4.0
    2452307.598            5.1            4.5
    2452465.989           11.1            5.3
    2452483.985            8.2            5.0
    2452494.987           -0.7            5.0
    2452517.936            3.7            5.2
     2452528.91            0.1            5.2
     2452530.91           -3.5            4.5
    2452541.904            6.0            4.5
    2452543.883           -4.6            5.0
    2452559.914            8.9            6.4
    2452561.795           14.7            8.4
    2452571.791            1.4            5.0
     2452589.81           14.1            5.7
    2452603.782            9.3            4.9
    2452605.724           -0.8            4.8
    2452616.772           10.3            5.9
    2452665.604           10.0            4.2
    2452668.611           -2.3            5.3
    2452837.972            7.8            5.4
    2452861.963            0.4            4.1
    2452863.985           12.4            5.2
    2452879.918            7.0            4.2
    2452880.947            1.2            5.0
    2452898.911           14.5            4.7
    2452900.928            3.7            4.8
    2452932.839           12.2            4.3
    2452934.804            7.2            4.6
    2452963.753           -1.0            5.2
    2452965.809            5.2            5.4
     2453022.63           13.8            5.6
     2453208.01            9.1            3.8
    2453209.978            7.3            3.7
    2453214.961            8.2            4.2
    2453231.961           -3.1            4.0
    2453233.909           -3.8            3.9
     2453235.96            9.8            4.2
    2453265.899            0.4            3.8
    2453268.919           -0.1            4.0
     2453269.81            6.0            3.5
    2453286.828            1.2            3.8
    2453324.713            8.2            5.5
    2453354.654            6.0            3.8
    2453400.642           13.4            7.5
    2453550.983           -1.7            4.4
    2453578.964            2.6            4.6
    2453613.923            6.1            4.2
    2453654.771            2.6            4.1
    2453701.724           -2.5            4.6
    2453740.745            8.1            4.7
    2453911.993           12.3            3.6
    2453917.013            4.5            3.9
    2453934.974           -2.6            3.9
    2453968.925           -2.8            3.2
    2453981.851            6.8            3.8
    2453985.899            2.0            4.0
    2454055.755            9.7            3.9
    2454297.975           10.2            4.1
    2454300.974           -2.4            4.0
    2454314.939           -4.5            3.6
    2454318.981           12.2            4.2
    2454344.859            9.0            4.3
    2454348.917           -5.4            4.0
    2454391.887            2.7            5.4
    2454394.775           11.0            4.2
    2454418.777           -2.0            4.5
    2454420.763            9.1            4.2
    2454440.653            4.2            3.4
    2454443.651            7.6            3.6
    2454481.638            2.4            3.9
    2454503.651           11.9            4.3
    2454645.984            1.3            4.5
    2454646.968            5.9            4.2
    2454668.009            5.0            3.7
    2454681.904            6.0            3.8
     2454683.97           10.9            3.8
    2454711.893            7.1            4.1
    2454713.873           -3.2            4.2
    2454715.882            3.4            4.6
    2454716.875           10.0            4.1
    2454753.885            7.0            3.6
     2454755.85           -1.6            3.8
    2454777.733            0.0            4.1
    2454806.796           13.0            5.5
     2454808.77            8.8            4.3
    2454809.763            4.0            6.1
    2455026.973           13.1            5.7
    2455063.965            7.9            5.0
    2455099.996           -3.1            4.9
    2455116.856           13.6            6.8
    2455154.739            3.6            7.6
    2455174.788            3.0            5.8
    2455364.972           14.2            5.0
    2455419.012            5.3            4.7
    2455446.847            5.4            3.6
    2455446.856            4.9            3.1
    2455463.833            4.5            5.2
    2455466.842            1.4            4.8
    2455569.653            1.6            4.1
    2455571.713           12.7            4.6
    2455572.671           12.5            4.8
    2455621.621            9.0            4.6
    2455757.974           12.4            5.0
    2455803.919           -0.4            4.3
    2455806.936            9.6            4.3
    2455828.781            1.4            4.2
    2455831.849           -0.2            5.1
    2455861.842           10.7            4.2
    2455864.796           -4.3            4.4
    2455892.745           -0.7            4.9
