    2451745.994           -0.3            4.3
    2451778.895            5.5            3.7
    2451808.867           -2.1            3.6
    2451853.766            0.1            4.1
    2451856.801            1.2            4.6
    2451898.637            5.9            8.0
    2451932.609           -3.5            3.9
    2452163.861            1.3            4.9
    2452175.851           -4.2            4.0
    2452307.598           -2.1            4.5
    2452465.989            3.9            5.3
    2452483.985            2.3            5.0
    2452494.987            2.4            5.0
    2452517.936            5.4            5.2
     2452528.91            1.6            5.2
     2452530.91           -0.2            4.5
    2452541.904           -4.1            4.5
    2452543.883            0.2            5.0
    2452559.914            7.9            6.4
    2452561.795            3.9            8.4
    2452571.791            6.6            5.0
     2452589.81            9.1            5.7
    2452603.782            7.0            4.9
    2452605.724            3.0            4.8
    2452616.772            4.1            5.9
    2452665.604           -2.0            4.2
    2452668.611            7.0            5.3
    2452837.972            7.0            5.4
    2452861.963           -1.5            4.1
    2452863.985            1.8            5.2
    2452879.918           11.9            4.2
    2452880.947           10.2            5.0
    2452898.911            4.7            4.7
    2452900.928            7.6            4.8
    2452932.839            7.4            4.3
    2452934.804           10.3            4.6
    2452963.753            1.4            5.2
    2452965.809            7.9            5.4
     2453022.63            8.4            5.6
     2453208.01            0.8            3.8
    2453209.978            6.7            3.7
    2453214.961            1.7            4.2
    2453231.961            6.4            4.0
    2453233.909            8.3            3.9
     2453235.96            5.7            4.2
    2453265.899            6.8            3.8
    2453268.919            3.7            4.0
     2453269.81            0.8            3.5
    2453286.828            2.3            3.8
    2453324.713            9.9            5.5
    2453354.654            7.9            3.8
    2453400.642            9.2            7.5
    2453550.983            4.4            4.4
    2453578.964            8.2            4.6
    2453613.923            3.2            4.2
    2453654.771            7.3            4.1
    2453701.724            5.7            4.6
    2453740.745            5.5            4.7
    2453911.993            8.1            3.6
    2453917.013            4.8            3.9
    2453934.974            4.5            3.9
    2453968.925           -2.3            3.2
    2453981.851           -1.9            3.8
    2453985.899            8.8            4.0
    2454055.755            8.7            3.9
    2454297.975           12.1            4.1
    2454300.974            2.9            4.0
    2454314.939           -5.1            3.6
    2454318.981            5.6            4.2
    2454344.859            4.9            4.3
    2454348.917            0.3            4.0
    2454391.887            1.4            5.4
    2454394.775            5.4            4.2
    2454418.777           12.0            4.5
    2454420.763           11.1            4.2
    2454440.653            5.0            3.4
    2454443.651            1.1            3.6
    2454481.638            2.5            3.9
    2454503.651           -1.2            4.3
    2454645.984            0.9            4.5
    2454646.968           -0.3            4.2
    2454668.009           -1.5            3.7
    2454681.904           -2.9            3.8
     2454683.97            3.8            3.8
    2454711.893            2.2            4.1
    2454713.873            0.8            4.2
    2454715.882            5.4            4.6
    2454716.875            8.5            4.1
    2454753.885            6.1            3.6
     2454755.85           -0.4            3.8
    2454777.733            3.6            4.1
    2454806.796            7.6            5.5
     2454808.77            4.0            4.3
    2454809.763            2.5            6.1
    2455026.973            7.9            5.7
    2455063.965            5.5            5.0
    2455099.996            4.0            4.9
    2455116.856            9.8            6.8
    2455154.739            5.4            7.6
    2455174.788            5.9            5.8
    2455364.972            1.0            5.0
    2455419.012            4.1            4.7
    2455446.847            5.7            3.6
    2455446.856            5.2            3.1
    2455463.833            8.4            5.2
    2455466.842            2.8            4.8
    2455569.653            8.2            4.1
    2455571.713           12.1            4.6
    2455572.671           12.8            4.8
    2455621.621           -1.6            4.6
    2455757.974            7.6            5.0
    2455803.919           10.1            4.3
    2455806.936            7.0            4.3
    2455828.781            8.3            4.2
    2455831.849            3.4            5.1
    2455861.842            3.3            4.2
    2455864.796           -2.4            4.4
    2455892.745           11.6            4.9
