    2451745.994            0.9            4.3
    2451778.895            8.7            3.7
    2451808.867           -1.7            3.6
    2451853.766           14.9            4.1
    2451856.801           15.0            4.6
    2451898.637           22.5            8.0
    2451932.609           -1.5            3.9
    2452163.861            1.6            4.9
    2452175.851           -8.8            4.0
    2452307.598            5.4            4.5
    2452465.989           24.2            5.3
    2452483.985           -7.9            5.0
    2452494.987           -3.1            5.0
    2452517.936           13.5            5.2
     2452528.91           -6.8            5.2
     2452530.91            4.3            4.5
    2452541.904           -5.6            4.5
    2452543.883            5.9            5.0
    2452559.914           16.4            6.4
    2452561.795            8.7            8.4
    2452571.791            3.1            5.0
     2452589.81           11.8            5.7
    2452603.782           -1.6            4.9
    2452605.724           -2.9            4.8
    2452616.772            5.4            5.9
    2452665.604            6.4            4.2
    2452668.611            5.1            5.3
    2452837.972            1.0            5.4
    2452861.963           10.4            4.1
    2452863.985            6.6            5.2
    2452879.918           -9.6            4.2
    2452880.947            6.5            5.0
    2452898.911           14.2            4.7
    2452900.928           13.1            4.8
    2452932.839            3.5            4.3
    2452934.804           12.4            4.6
    2452963.753           -0.8            5.2
    2452965.809            4.3            5.4
     2453022.63           16.7            5.6
     2453208.01            3.7            3.8
    2453209.978            1.2            3.7
    2453214.961            1.6            4.2
    2453231.961            9.1            4.0
    2453233.909           11.8            3.9
     2453235.96           14.3            4.2
    2453265.899           11.9            3.8
    2453268.919            5.9            4.0
     2453269.81          -10.0            3.5
    2453286.828           -9.6            3.8
    2453324.713           -4.3            5.5
    2453354.654            0.2            3.8
    2453400.642           11.1            7.5
    2453550.983           16.7            4.4
    2453578.964            9.4            4.6
    2453613.923            3.6            4.2
    2453654.771            3.9            4.1
    2453701.724           -6.7            4.6
    2453740.745           -0.4            4.7
    2453911.993           10.4            3.6
    2453917.013           14.5            3.9
    2453934.974          -12.4            3.9
    2453968.925            5.0            3.2
    2453981.851           11.1            3.8
    2453985.899            4.0            4.0
    2454055.755            3.6            3.9
    2454297.975            2.2            4.1
    2454300.974           -8.9            4.0
    2454314.939           11.7            3.6
    2454318.981           17.5            4.2
    2454344.859           23.2            4.3
    2454348.917           13.1            4.0
    2454391.887            6.3            5.4
    2454394.775           -4.6            4.2
    2454418.777           -6.4            4.5
    2454420.763           -7.8            4.2
    2454440.653            6.4            3.4
    2454443.651           11.8            3.6
    2454481.638           17.2            3.9
    2454503.651            2.3            4.3
    2454645.984            1.0            4.5
    2454646.968            9.2            4.2
    2454668.009           17.5            3.7
    2454681.904           -1.7            3.8
     2454683.97            3.0            3.8
    2454711.893            7.2            4.1
    2454713.873            3.4            4.2
    2454715.882           -2.5            4.6
    2454716.875           -2.5            4.1
    2454753.885           16.4            3.6
     2454755.85            8.4            3.8
    2454777.733           17.4            4.1
    2454806.796           15.9            5.5
     2454808.77            5.9            4.3
    2454809.763           10.6            6.1
    2455026.973            0.6            5.7
    2455063.965           25.7            5.0
    2455099.996            9.1            4.9
    2455116.856            8.2            6.8
    2455154.739           -1.4            7.6
    2455174.788            9.3            5.8
    2455364.972           -4.8            5.0
    2455419.012            8.0            4.7
    2455446.847            0.0            3.6
    2455446.856           -0.3            3.1
    2455463.833            5.4            5.2
    2455466.842           13.9            4.8
    2455569.653           -1.3            4.1
    2455571.713            2.2            4.6
    2455572.671           -0.5            4.8
    2455621.621           -9.1            4.6
    2455757.974           -0.2            5.0
    2455803.919           -0.2            4.3
    2455806.936           15.0            4.3
    2455828.781           -5.8            4.2
    2455831.849           11.8            5.1
    2455861.842           19.7            4.2
    2455864.796           11.0            4.4
    2455892.745            4.9            4.9
