    2451745.994           -8.0            4.3
    2451778.895           13.6            3.7
    2451808.867            1.4            3.6
    2451853.766            7.6            4.1
    2451856.801           -3.3            4.6
    2451898.637            6.6            8.0
    2451932.609            2.1            3.9
    2452163.861            3.6            4.9
    2452175.851           -1.2            4.0
    2452307.598            1.4            4.5
    2452465.989            9.7            5.3
    2452483.985            6.9            5.0
    2452494.987           19.3            5.0
    2452517.936            9.3            5.2
     2452528.91            1.8            5.2
     2452530.91           -3.6            4.5
    2452541.904           14.2            4.5
    2452543.883            8.8            5.0
    2452559.914           -4.9            6.4
    2452561.795           -3.0            8.4
    2452571.791           -8.3            5.0
     2452589.81            9.4            5.7
    2452603.782           16.4            4.9
    2452605.724           16.8            4.8
    2452616.772            9.8            5.9
    2452665.604            7.9            4.2
    2452668.611           -0.2            5.3
    2452837.972            2.4            5.4
    2452861.963            7.3            4.1
    2452863.985            8.3            5.2
    2452879.918            3.8            4.2
    2452880.947            4.9            5.0
    2452898.911           20.4            4.7
    2452900.928           13.4            4.8
    2452932.839           -4.9            4.3
    2452934.804            4.1            4.6
    2452963.753            7.7            5.2
    2452965.809            1.1            5.4
     2453022.63            7.6            5.6
     2453208.01            7.6            3.8
    2453209.978            6.3            3.7
    2453214.961            9.2            4.2
    2453231.961            5.6            4.0
    2453233.909            1.1            3.9
     2453235.96           -4.0            4.2
    2453265.899            9.8            3.8
    2453268.919           11.0            4.0
     2453269.81           19.4            3.5
    2453286.828           -2.5            3.8
    2453324.713            4.4            5.5
    2453354.654            4.3            3.8
    2453400.642            1.8            7.5
    2453550.983            8.3            4.4
    2453578.964            3.8            4.6
    2453613.923           19.1            4.2
    2453654.771            7.1            4.1
    2453701.724            2.2            4.6
    2453740.745           -3.4            4.7
    2453911.993            0.2            3.6
    2453917.013            3.1            3.9
    2453934.974            6.2            3.9
    2453968.925            6.0            3.2
    2453981.851            0.2            3.8
    2453985.899           10.6            4.0
    2454055.755           13.8            3.9
    2454297.975          -14.4            4.1
    2454300.974            7.9            4.0
    2454314.939           12.3            3.6
    2454318.981           10.0            4.2
    2454344.859            5.4            4.3
    2454348.917           -8.6            4.0
    2454391.887            3.5            5.4
    2454394.775           -1.5            4.2
    2454418.777           -6.6            4.5
    2454420.763          -10.4            4.2
    2454440.653           23.2            3.4
    2454443.651            3.9            3.6
    2454481.638            6.9            3.9
    2454503.651            3.5            4.3
    2454645.984            5.6            4.5
    2454646.968           12.6            4.2
    2454668.009           -4.2            3.7
    2454681.904           -4.3            3.8
     2454683.97            0.0            3.8
    2454711.893           -5.1            4.1
    2454713.873           -3.5            4.2
    2454715.882           -0.1            4.6
    2454716.875            7.6            4.1
    2454753.885            4.8            3.6
     2454755.85           10.4            3.8
    2454777.733           -7.8            4.1
    2454806.796            3.3            5.5
     2454808.77            9.0            4.3
    2454809.763           16.4            6.1
    2455026.973            0.1            5.7
    2455063.965            7.0            5.0
    2455099.996            6.8            4.9
    2455116.856           25.1            6.8
    2455154.739           11.9            7.6
    2455174.788           -3.9            5.8
    2455364.972           20.5            5.0
    2455419.012            4.2            4.7
    2455446.847           17.0            3.6
    2455446.856           16.8            3.1
    2455463.833           16.2            5.2
    2455466.842           -2.7            4.8
    2455569.653           13.9            4.1
    2455571.713           16.7            4.6
    2455572.671           10.9            4.8
    2455621.621           17.3            4.6
    2455757.974            1.3            5.0
    2455803.919           14.1            4.3
    2455806.936           13.6            4.3
    2455828.781            1.0            4.2
    2455831.849           18.6            5.1
    2455861.842           -3.3            4.2
    2455864.796           -1.9            4.4
    2455892.745           -1.6            4.9
