    2451745.994            7.3            4.3
    2451778.895           -1.3            3.7
    2451808.867            5.1            3.6
    2451853.766           -2.6            4.1
    2451856.801            4.5            4.6
    2451898.637           11.8            8.0
    2451932.609           11.0            3.9
    2452163.861           11.9            4.9
    2452175.851           -7.8            4.0
    2452307.598            0.9            4.5
    2452465.989            5.8            5.3
    2452483.985           -0.3            5.0
    2452494.987           12.3            5.0
    2452517.936           11.8            5.2
     2452528.91            4.9            5.2
     2452530.91           16.5            4.5
    2452541.904            4.9            4.5
    2452543.883           16.9            5.0
    2452559.914            7.6            6.4
    2452561.795           19.9            8.4
    2452571.791            9.3            5.0
     2452589.81            6.2            5.7
    2452603.782            7.6            4.9
    2452605.724           17.6            4.8
    2452616.772            0.9            5.9
    2452665.604            2.2            4.2
    2452668.611           -1.6            5.3
    2452837.972           20.2            5.4
    2452861.963            1.1            4.1
    2452863.985           14.6            5.2
    2452879.918           -1.7            4.2
    2452880.947            1.5            5.0
    2452898.911           -0.9            4.7
    2452900.928           -3.9            4.8
    2452932.839            7.4            4.3
    2452934.804           -1.9            4.6
    2452963.753           14.9            5.2
    2452965.809            5.5            5.4
     2453022.63           -2.1            5.6
     2453208.01           -1.5            3.8
    2453209.978            0.5            3.7
    2453214.961            4.7            4.2
    2453231.961            0.7            4.0
    2453233.909           -7.0            3.9
     2453235.96           -3.4            4.2
    2453265.899            9.9            3.8
    2453268.919           12.7            4.0
     2453269.81           -3.1            3.5
    2453286.828           12.1            3.8
    2453324.713           -0.8            5.5
    2453354.654            1.9            3.8
    2453400.642            8.0            7.5
    2453550.983           -1.5            4.4
    2453578.964           -1.8            4.6
    2453613.923            2.7            4.2
    2453654.771           -0.5            4.1
    2453701.724           15.9            4.6
    2453740.745            7.2            4.7
    2453911.993           -6.4            3.6
    2453917.013            5.8            3.9
    2453934.974            7.0            3.9
    2453968.925           -1.6            3.2
    2453981.851           -6.8            3.8
    2453985.899           14.6            4.0
    2454055.755            4.3            3.9
    2454297.975           14.0            4.1
    2454300.974           20.1            4.0
    2454314.939           -8.1            3.6
    2454318.981           16.9            4.2
    2454344.859            7.3            4.3
    2454348.917           -1.9            4.0
    2454391.887            8.9            5.4
    2454394.775            0.7            4.2
    2454418.777            6.3            4.5
    2454420.763           -6.8            4.2
    2454440.653           -3.8            3.4
    2454443.651           -5.3            3.6
    2454481.638           14.9            3.9
    2454503.651            4.1            4.3
    2454645.984            9.7            4.5
    2454646.968            5.3            4.2
    2454668.009           -2.5            3.7
    2454681.904            3.4            3.8
     2454683.97           -5.2            3.8
    2454711.893           -6.0            4.1
    2454713.873            9.6            4.2
    2454715.882           15.4            4.6
    2454716.875            3.0            4.1
    2454753.885           -4.1            3.6
     2454755.85           -7.5            3.8
    2454777.733           15.2            4.1
    2454806.796           10.8            5.5
     2454808.77           11.1            4.3
    2454809.763            1.9            6.1
    2455026.973           -3.7            5.7
    2455063.965            7.1            5.0
    2455099.996            9.2            4.9
    2455116.856           -0.9            6.8
    2455154.739           17.5            7.6
    2455174.788            6.8            5.8
    2455364.972           -6.0            5.0
    2455419.012           -2.9            4.7
    2455446.847            2.1            3.6
    2455446.856            1.4            3.1
    2455463.833            3.0            5.2
    2455466.842           10.3            4.8
    2455569.653            6.7            4.1
    2455571.713           -8.3            4.6
    2455572.671            4.9            4.8
    2455621.621           16.5            4.6
    2455757.974           12.7            5.0
    2455803.919           -1.8            4.3
    2455806.936           -0.0            4.3
    2455828.781            2.9            4.2
    2455831.849           -3.9            5.1
    2455861.842            7.9            4.2
    2455864.796            5.1            4.4
    2455892.745           17.7            4.9
