    2451745.994          -11.1            4.3
    2451778.895           12.1            3.7
    2451808.867            6.9            3.6
    2451853.766           11.1            4.1
    2451856.801          -10.8            4.6
    2451898.637           12.4            8.0
    2451932.609           -5.1            3.9
    2452163.861           -6.3            4.9
    2452175.851            1.2            4.0
    2452307.598           15.5            4.5
    2452465.989            5.5            5.3
    2452483.985           17.7            5.0
    2452494.987            7.3            5.0
    2452517.936           -7.5            5.2
     2452528.91            6.7            5.2
     2452530.91           11.2            4.5
    2452541.904           -1.8            4.5
    2452543.883            2.3            5.0
    2452559.914            0.7            6.4
    2452561.795           -1.9            8.4
    2452571.791            2.4            5.0
     2452589.81            6.6            5.7
    2452603.782            3.1            4.9
    2452605.724           -8.8            4.8
    2452616.772            7.2            5.9
    2452665.604           -1.6            4.2
    2452668.611           -5.1            5.3
    2452837.972           16.5            5.4
    2452861.963            7.6            4.1
    2452863.985           17.4            5.2
    2452879.918            7.8            4.2
    2452880.947            6.2            5.0
    2452898.911            2.9            4.7
    2452900.928           11.2            4.8
    2452932.839           11.9            4.3
    2452934.804            9.1            4.6
    2452963.753            4.3            5.2
    2452965.809           -4.2            5.4
     2453022.63            0.1            5.6
     2453208.01            4.9            3.8
    2453209.978           15.9            3.7
    2453214.961           -6.3            4.2
    2453231.961           11.7            4.0
    2453233.909           13.9            3.9
     2453235.96           11.5            4.2
    2453265.899            3.9            3.8
    2453268.919           -5.2            4.0
     2453269.81            6.9            3.5
    2453286.828           14.7            3.8
    2453324.713            0.8            5.5
    2453354.654            1.6            3.8
    2453400.642            8.8            7.5
    2453550.983            4.6            4.4
    2453578.964            5.0            4.6
    2453613.923            9.5            4.2
    2453654.771           -3.6            4.1
    2453701.724            7.3            4.6
    2453740.745           12.1            4.7
    2453911.993          -10.1            3.6
    2453917.013            8.5            3.9
    2453934.974            9.5            3.9
    2453968.925            0.1            3.2
    2453981.851            7.1            3.8
    2453985.899            7.8            4.0
    2454055.755           10.1            3.9
    2454297.975           -1.0            4.1
    2454300.974            7.3            4.0
    2454314.939           16.9            3.6
    2454318.981           18.4            4.2
    2454344.859           16.1            4.3
    2454348.917           12.6            4.0
    2454391.887            9.9            5.4
    2454394.775           -2.0            4.2
    2454418.777            3.8            4.5
    2454420.763           -8.6            4.2
    2454440.653          -13.3            3.4
    2454443.651            9.3            3.6
    2454481.638            8.2            3.9
    2454503.651            2.3            4.3
    2454645.984            9.5            4.5
    2454646.968            2.0            4.2
    2454668.009            3.6            3.7
    2454681.904            8.9            3.8
     2454683.97           -1.2            3.8
    2454711.893            2.8            4.1
    2454713.873          -10.7            4.2
    2454715.882           -5.8            4.6
    2454716.875            0.8            4.1
    2454753.885            0.7            3.6
     2454755.85            1.6            3.8
    2454777.733           -0.5            4.1
    2454806.796          -10.2            5.5
     2454808.77            6.0            4.3
    2454809.763           15.2            6.1
    2455026.973           -5.3            5.7
    2455063.965            9.8            5.0
    2455099.996           -7.4            4.9
    2455116.856           10.6            6.8
    2455154.739           14.8            7.6
    2455174.788           14.7            5.8
    2455364.972            4.2            5.0
    2455419.012           -6.5            4.7
    2455446.847           -8.6            3.6
    2455446.856           -8.9            3.1
    2455463.833            3.6            5.2
    2455466.842           -1.9            4.8
    2455569.653            1.4            4.1
    2455571.713            8.3            4.6
    2455572.671            8.5            4.8
    2455621.621           11.3            4.6
    2455757.974            4.9            5.0
    2455803.919           13.1            4.3
    2455806.936           -0.5            4.3
    2455828.781          -10.8            4.2
    2455831.849            0.1            5.1
    2455861.842           -2.7            4.2
    2455864.796            4.3            4.4
    2455892.745            7.0            4.9
