    2451745.994          -16.2            4.3
    2451778.895           10.0            3.7
    2451808.867            4.9            3.6
    2451853.766           25.9            4.1
    2451856.801            9.6            4.6
    2451898.637           21.6            8.0
    2451932.609           -6.8            3.9
    2452163.861           23.1            4.9
    2452175.851           10.6            4.0
    2452307.598           19.1            4.5
    2452465.989           16.3            5.3
    2452483.985           20.2            5.0
    2452494.987           -0.6            5.0
    2452517.936           -3.7            5.2
     2452528.91            8.6            5.2
     2452530.91           22.6            4.5
    2452541.904            2.8            4.5
    2452543.883            9.1            5.0
    2452559.914            5.5            6.4
    2452561.795            3.1            8.4
    2452571.791           -1.7            5.0
     2452589.81           12.2            5.7
    2452603.782           -8.8            4.9
    2452605.724           15.6            4.8
    2452616.772            1.4            5.9
    2452665.604            9.1            4.2
    2452668.611          -15.9            5.3
    2452837.972           -0.6            5.4
    2452861.963            2.4            4.1
    2452863.985            9.1            5.2
    2452879.918            2.0            4.2
    2452880.947           20.7            5.0
    2452898.911            4.0            4.7
    2452900.928           18.8            4.8
    2452932.839            8.0            4.3
    2452934.804            5.9            4.6
    2452963.753           -6.7            5.2
    2452965.809            9.8            5.4
     2453022.63           13.9            5.6
     2453208.01            9.1            3.8
    2453209.978            8.9            3.7
    2453214.961           -3.7            4.2
    2453231.961           -2.2            4.0
    2453233.909          -14.4            3.9
     2453235.96           -1.6            4.2
    2453265.899            1.2            3.8
    2453268.919           -2.4            4.0
     2453269.81           13.7            3.5
    2453286.828           10.3            3.8
    2453324.713           28.4            5.5
    2453354.654           13.7            3.8
    2453400.642            7.6            7.5
    2453550.983            9.5            4.4
    2453578.964            4.9            4.6
    2453613.923           -8.6            4.2
    2453654.771           23.4            4.1
    2453701.724           26.1            4.6
    2453740.745           11.1            4.7
    2453911.993            9.8            3.6
    2453917.013           20.2            3.9
    2453934.974           13.1            3.9
    2453968.925            2.4            3.2
    2453981.851           16.8            3.8
    2453985.899            3.5            4.0
    2454055.755            1.7            3.9
    2454297.975           -6.7            4.1
    2454300.974           -7.3            4.0
    2454314.939           10.5            3.6
    2454318.981            9.7            4.2
    2454344.859           -5.4            4.3
    2454348.917            7.9            4.0
    2454391.887            1.7            5.4
    2454394.775          -17.0            4.2
    2454418.777           14.8            4.5
    2454420.763           12.9            4.2
    2454440.653           11.5            3.4
    2454443.651            5.7            3.6
    2454481.638          -11.6            3.9
    2454503.651            4.8            4.3
    2454645.984           16.7            4.5
    2454646.968           10.7            4.2
    2454668.009          -10.9            3.7
    2454681.904            7.7            3.8
     2454683.97           14.7            3.8
    2454711.893            4.1            4.1
    2454713.873            7.2            4.2
    2454715.882           11.2            4.6
    2454716.875           -6.9            4.1
    2454753.885          -10.8            3.6
     2454755.85           14.2            3.8
    2454777.733           23.6            4.1
    2454806.796           -2.0            5.5
     2454808.77          -17.5            4.3
    2454809.763            1.0            6.1
    2455026.973          -13.6            5.7
    2455063.965          -10.7            5.0
    2455099.996           12.4            4.9
    2455116.856           10.9            6.8
    2455154.739           24.2            7.6
    2455174.788           21.2            5.8
    2455364.972           -3.8            5.0
    2455419.012           -2.4            4.7
    2455446.847           13.3            3.6
    2455446.856           13.0            3.1
    2455463.833            0.5            5.2
    2455466.842            9.7            4.8
    2455569.653           13.3            4.1
    2455571.713           13.7            4.6
    2455572.671          -12.5            4.8
    2455621.621            0.6            4.6
    2455757.974           17.3            5.0
    2455803.919            7.9            4.3
    2455806.936           12.4            4.3
    2455828.781           -3.1            4.2
    2455831.849           26.6            5.1
    2455861.842           22.2            4.2
    2455864.796           -5.0            4.4
    2455892.745          -13.0            4.9
