    2451745.994           -2.5            4.3
    2451778.895            2.3            3.7
    2451808.867            2.2            3.6
    2451853.766            5.9            4.1
    2451856.801            7.4            4.6
    2451898.637           16.0            8.0
    2451932.609           -2.1            3.9
    2452163.861           -2.0            4.9
    2452175.851           10.6            4.0
    2452307.598           10.1            4.5
    2452465.989           14.2            5.3
    2452483.985           13.5            5.0
    2452494.987           -1.0            5.0
    2452517.936           -3.2            5.2
     2452528.91            9.3            5.2
     2452530.91           -0.5            4.5
    2452541.904            3.0            4.5
    2452543.883            6.5            5.0
    2452559.914            4.1            6.4
    2452561.795           12.9            8.4
    2452571.791            1.5            5.0
     2452589.81            4.6            5.7
    2452603.782            1.1            4.9
    2452605.724            9.0            4.8
    2452616.772            7.7            5.9
    2452665.604           10.2            4.2
    2452668.611           -0.3            5.3
    2452837.972           12.2            5.4
    2452861.963            5.4            4.1
    2452863.985            3.8            5.2
    2452879.918            8.0            4.2
    2452880.947           -0.1            5.0
    2452898.911            0.1            4.7
    2452900.928            9.2            4.8
    2452932.839            7.8            4.3
    2452934.804            1.4            4.6
    2452963.753            0.3            5.2
    2452965.809            9.7            5.4
     2453022.63            2.2            5.6
     2453208.01           -4.7            3.8
    2453209.978            8.5            3.7
    2453214.961           10.2            4.2
    2453231.961            2.3            4.0
    2453233.909            6.0            3.9
     2453235.96           -2.4            4.2
    2453265.899            5.8            3.8
    2453268.919           10.4            4.0
     2453269.81           10.9            3.5
    2453286.828            8.9            3.8
    2453324.713            9.0            5.5
    2453354.654            3.2            3.8
    2453400.642           13.9            7.5
    2453550.983           13.0            4.4
    2453578.964            9.3            4.6
    2453613.923            8.7            4.2
    2453654.771            8.3            4.1
    2453701.724            7.7            4.6
    2453740.745            7.4            4.7
    2453911.993           -5.3            3.6
    2453917.013           -2.5            3.9
    2453934.974           -3.0            3.9
    2453968.925           11.3            3.2
    2453981.851           11.9            3.8
    2453985.899            8.2            4.0
    2454055.755            4.9            3.9
    2454297.975           -3.6            4.1
    2454300.974            5.1            4.0
    2454314.939            0.5            3.6
    2454318.981            6.0            4.2
    2454344.859            8.7            4.3
    2454348.917            4.3            4.0
    2454391.887            7.7            5.4
    2454394.775           10.9            4.2
    2454418.777            9.1            4.5
    2454420.763           -1.6            4.2
    2454440.653            9.8            3.4
    2454443.651           -2.4            3.6
    2454481.638           10.4            3.9
    2454503.651            9.3            4.3
    2454645.984            7.6            4.5
    2454646.968           -1.4            4.2
    2454668.009           12.3            3.7
    2454681.904           10.6            3.8
     2454683.97           -1.8            3.8
    2454711.893            2.0            4.1
    2454713.873            7.5            4.2
    2454715.882           -2.4            4.6
    2454716.875            6.2            4.1
    2454753.885            9.8            3.6
     2454755.85           -3.3            3.8
    2454777.733            5.9            4.1
    2454806.796            1.8            5.5
     2454808.77           12.8            4.3
    2454809.763            6.3            6.1
    2455026.973            9.9            5.7
    2455063.965            5.3            5.0
    2455099.996            7.9            4.9
    2455116.856           13.1            6.8
    2455154.739            5.5            7.6
    2455174.788            2.0            5.8
    2455364.972           -0.3            5.0
    2455419.012           -4.2            4.7
    2455446.847           -3.1            3.6
    2455446.856           -3.5            3.1
    2455463.833            1.4            5.2
    2455466.842           12.8            4.8
    2455569.653           -1.6            4.1
    2455571.713            9.0            4.6
    2455572.671            0.3            4.8
    2455621.621           12.1            4.6
    2455757.974           11.4            5.0
    2455803.919            4.0            4.3
    2455806.936           10.5            4.3
    2455828.781            1.8            4.2
    2455831.849           -2.6            5.1
    2455861.842           11.0            4.2
    2455864.796            0.1            4.4
    2455892.745            9.4            4.9
