    2451745.994            5.3            4.3
    2451778.895           12.9            3.7
    2451808.867            8.3            3.6
    2451853.766            9.5            4.1
    2451856.801           12.3            4.6
    2451898.637            6.9            8.0
    2451932.609           11.9            3.9
    2452163.861           -4.8            4.9
    2452175.851           -4.5            4.0
    2452307.598            7.7            4.5
    2452465.989           -3.7            5.3
    2452483.985           -1.7            5.0
    2452494.987            5.6            5.0
    2452517.936            4.5            5.2
     2452528.91            0.4            5.2
     2452530.91            9.3            4.5
    2452541.904            4.3            4.5
    2452543.883           -1.3            5.0
    2452559.914            0.1            6.4
    2452561.795            5.0            8.4
    2452571.791           -3.6            5.0
     2452589.81            0.7            5.7
    2452603.782            9.4            4.9
    2452605.724           12.0            4.8
    2452616.772            1.0            5.9
    2452665.604           -1.9            4.2
    2452668.611            3.1            5.3
    2452837.972            4.4            5.4
    2452861.963           -1.6            4.1
    2452863.985           -0.7            5.2
    2452879.918            2.2            4.2
    2452880.947           15.3            5.0
    2452898.911            9.3            4.7
    2452900.928           -4.4            4.8
    2452932.839           11.0            4.3
    2452934.804           10.2            4.6
    2452963.753           -1.1            5.2
    2452965.809            8.7            5.4
     2453022.63           11.4            5.6
     2453208.01            4.7            3.8
    2453209.978           13.4            3.7
    2453214.961           -4.7            4.2
    2453231.961            4.6            4.0
    2453233.909            9.9            3.9
     2453235.96            0.4            4.2
    2453265.899           -3.4            3.8
    2453268.919           -6.0            4.0
     2453269.81            0.2            3.5
    2453286.828            0.8            3.8
    2453324.713           11.8            5.5
    2453354.654           10.7            3.8
    2453400.642           10.9            7.5
    2453550.983           11.6            4.4
    2453578.964           12.8            4.6
    2453613.923            1.6            4.2
    2453654.771            8.0            4.1
    2453701.724            2.0            4.6
    2453740.745           -1.1            4.7
    2453911.993           -4.8            3.6
    2453917.013           12.2            3.9
    2453934.974           12.2            3.9
    2453968.925            4.3            3.2
    2453981.851           -3.2            3.8
    2453985.899           11.4            4.0
    2454055.755            8.7            3.9
    2454297.975            7.9            4.1
    2454300.974            9.9            4.0
    2454314.939            8.8            3.6
    2454318.981            5.7            4.2
    2454344.859            0.4            4.3
    2454348.917            9.5            4.0
    2454391.887            6.8            5.4
    2454394.775            5.7            4.2
    2454418.777           10.2            4.5
    2454420.763           10.2            4.2
    2454440.653           -4.7            3.4
    2454443.651           -0.2            3.6
    2454481.638           11.9            3.9
    2454503.651           -1.0            4.3
    2454645.984           -3.0            4.5
    2454646.968            2.1            4.2
    2454668.009            5.6            3.7
    2454681.904            3.8            3.8
     2454683.97           12.1            3.8
    2454711.893            2.7            4.1
    2454713.873            7.0            4.2
    2454715.882           -4.2            4.6
    2454716.875            8.9            4.1
    2454753.885            4.3            3.6
     2454755.85            4.6            3.8
    2454777.733            9.3            4.1
    2454806.796           -0.8            5.5
     2454808.77           -0.4            4.3
    2454809.763            2.6            6.1
    2455026.973           -1.4            5.7
    2455063.965           11.0            5.0
    2455099.996            7.5            4.9
    2455116.856            4.9            6.8
    2455154.739           16.4            7.6
    2455174.788           -4.4            5.8
    2455364.972            1.0            5.0
    2455419.012            1.2            4.7
    2455446.847           -1.8            3.6
    2455446.856           -2.2            3.1
    2455463.833            2.6            5.2
    2455466.842            5.9            4.8
    2455569.653            0.1            4.1
    2455571.713           11.6            4.6
    2455572.671            5.0            4.8
    2455621.621           -5.6            4.6
    2455757.974            3.2            5.0
    2455803.919            5.6            4.3
    2455806.936            6.6            4.3
    2455828.781            9.1            4.2
    2455831.849            7.9            5.1
    2455861.842           12.9            4.2
    2455864.796           14.6            4.4
    2455892.745            5.6            4.9
