    2451745.994            4.8            4.3
    2451778.895            7.8            3.7
    2451808.867            6.8            3.6
    2451853.766           -1.0            4.1
    2451856.801           -0.8            4.6
    2451898.637            7.6            8.0
    2451932.609            8.7            3.9
    2452163.861            8.8            4.9
    2452175.851            2.4            4.0
    2452307.598            4.4            4.5
    2452465.989            6.8            5.3
    2452483.985            7.4            5.0
    2452494.987            4.0            5.0
    2452517.936           11.2            5.2
     2452528.91            7.0            5.2
     2452530.91            5.2            4.5
    2452541.904            5.6            4.5
    2452543.883            6.5            5.0
    2452559.914            3.3            6.4
    2452561.795            4.2            8.4
    2452571.791            9.4            5.0
     2452589.81            1.7            5.7
    2452603.782            5.5            4.9
    2452605.724            5.7            4.8
    2452616.772            3.7            5.9
    2452665.604            6.8            4.2
    2452668.611           11.4            5.3
    2452837.972            7.9            5.4
    2452861.963           -0.1            4.1
    2452863.985            3.3            5.2
    2452879.918            6.7            4.2
    2452880.947            6.9            5.0
    2452898.911            5.5            4.7
    2452900.928            6.9            4.8
    2452932.839           10.4            4.3
    2452934.804           11.0            4.6
    2452963.753            7.3            5.2
    2452965.809            9.4            5.4
     2453022.63           11.5            5.6
     2453208.01           -1.7            3.8
    2453209.978           -1.9            3.7
    2453214.961           -1.4            4.2
    2453231.961            7.9            4.0
    2453233.909            7.1            3.9
     2453235.96            7.7            4.2
    2453265.899            4.5            3.8
    2453268.919            4.4            4.0
     2453269.81            4.4            3.5
    2453286.828            9.5            3.8
    2453324.713            7.4            5.5
    2453354.654            0.8            3.8
    2453400.642            6.7            7.5
    2453550.983            5.0            4.4
    2453578.964           10.1            4.6
    2453613.923            6.0            4.2
    2453654.771            0.6            4.1
    2453701.724            6.6            4.6
    2453740.745            1.9            4.7
    2453911.993            1.6            3.6
    2453917.013            0.5            3.9
    2453934.974            8.5            3.9
    2453968.925            8.3            3.2
    2453981.851            3.9            3.8
    2453985.899            4.4            4.0
    2454055.755            5.7            3.9
    2454297.975            1.9            4.1
    2454300.974            0.8            4.0
    2454314.939            2.8            3.6
    2454318.981            6.1            4.2
    2454344.859            3.2            4.3
    2454348.917            7.0            4.0
    2454391.887            2.9            5.4
    2454394.775            0.1            4.2
    2454418.777            2.6            4.5
    2454420.763            3.1            4.2
    2454440.653            6.8            3.4
    2454443.651            3.3            3.6
    2454481.638            2.8            3.9
    2454503.651            3.0            4.3
    2454645.984            5.0            4.5
    2454646.968            4.3            4.2
    2454668.009            5.7            3.7
    2454681.904            5.5            3.8
     2454683.97            6.4            3.8
    2454711.893            0.4            4.1
    2454713.873           -0.0            4.2
    2454715.882            0.4            4.6
    2454716.875            0.8            4.1
    2454753.885            1.1            3.6
     2454755.85            2.4            3.8
    2454777.733            2.6            4.1
    2454806.796            0.9            5.5
     2454808.77           -1.7            4.3
    2454809.763           -0.5            6.1
    2455026.973            9.2            5.7
    2455063.965            4.0            5.0
    2455099.996            3.1            4.9
    2455116.856            9.9            6.8
    2455154.739            6.5            7.6
    2455174.788           10.4            5.8
    2455364.972            1.7            5.0
    2455419.012            4.1            4.7
    2455446.847            4.8            3.6
    2455446.856            4.3            3.1
    2455463.833            3.7            5.2
    2455466.842            6.4            4.8
    2455569.653            2.8            4.1
    2455571.713            1.6            4.6
    2455572.671            0.8            4.8
    2455621.621            7.4            4.6
    2455757.974           -0.0            5.0
    2455803.919            2.9            4.3
    2455806.936            1.8            4.3
    2455828.781            7.9            4.2
    2455831.849            8.5            5.1
    2455861.842            3.0            4.2
    2455864.796            3.6            4.4
    2455892.745            6.1            4.9
