    2451745.994           15.4            4.3
    2451778.895           16.3            3.7
    2451808.867           -8.8            3.6
    2451853.766           -8.0            4.1
    2451856.801            5.7            4.6
    2451898.637            6.5            8.0
    2451932.609           -4.9            3.9
    2452163.861            0.4            4.9
    2452175.851          -16.2            4.0
    2452307.598            6.9            4.5
    2452465.989            0.9            5.3
    2452483.985           -1.6            5.0
    2452494.987            9.5            5.0
    2452517.936            3.9            5.2
     2452528.91           -7.1            5.2
     2452530.91           -7.2            4.5
    2452541.904            7.7            4.5
    2452543.883            3.9            5.0
    2452559.914            3.9            6.4
    2452561.795            2.2            8.4
    2452571.791            5.8            5.0
     2452589.81           -5.1            5.7
    2452603.782            8.1            4.9
    2452605.724            7.1            4.8
    2452616.772           14.1            5.9
    2452665.604            2.7            4.2
    2452668.611           11.6            5.3
    2452837.972            7.6            5.4
    2452861.963           12.5            4.1
    2452863.985            8.3            5.2
    2452879.918           -8.1            4.2
    2452880.947           -2.9            5.0
    2452898.911            7.7            4.7
    2452900.928           10.2            4.8
    2452932.839           -4.9            4.3
    2452934.804           -0.8            4.6
    2452963.753            1.8            5.2
    2452965.809            5.7            5.4
     2453022.63            3.3            5.6
     2453208.01           -9.2            3.8
    2453209.978           -5.8            3.7
    2453214.961            9.5            4.2
    2453231.961            3.5            4.0
    2453233.909            1.7            3.9
     2453235.96           -0.7            4.2
    2453265.899            6.6            3.8
    2453268.919           -7.3            4.0
     2453269.81            3.2            3.5
    2453286.828            5.1            3.8
    2453324.713           13.9            5.5
    2453354.654            5.0            3.8
    2453400.642           15.2            7.5
    2453550.983            2.2            4.4
    2453578.964           -3.0            4.6
    2453613.923           -0.2            4.2
    2453654.771           -7.1            4.1
    2453701.724           -8.9            4.6
    2453740.745            2.6            4.7
    2453911.993          -12.5            3.6
    2453917.013           11.2            3.9
    2453934.974           15.8            3.9
    2453968.925           -2.3            3.2
    2453981.851           15.5            3.8
    2453985.899           12.5            4.0
    2454055.755           10.2            3.9
    2454297.975           -1.1            4.1
    2454300.974            0.2            4.0
    2454314.939            4.6            3.6
    2454318.981           12.8            4.2
    2454344.859            3.2            4.3
    2454348.917            9.4            4.0
    2454391.887           11.7            5.4
    2454394.775            4.3            4.2
    2454418.777           17.9            4.5
    2454420.763           14.7            4.2
    2454440.653           -1.6            3.4
    2454443.651           -0.2            3.6
    2454481.638           13.0            3.9
    2454503.651           -8.3            4.3
    2454645.984           -3.6            4.5
    2454646.968            7.8            4.2
    2454668.009           -2.8            3.7
    2454681.904            7.9            3.8
     2454683.97            8.7            3.8
    2454711.893            0.6            4.1
    2454713.873           -2.5            4.2
    2454715.882           -1.3            4.6
    2454716.875            9.0            4.1
    2454753.885            9.4            3.6
     2454755.85           12.1            3.8
    2454777.733            7.3            4.1
    2454806.796            7.4            5.5
     2454808.77            3.3            4.3
    2454809.763           -2.2            6.1
    2455026.973           11.2            5.7
    2455063.965            3.9            5.0
    2455099.996           13.1            4.9
    2455116.856            1.8            6.8
    2455154.739           10.6            7.6
    2455174.788            3.0            5.8
    2455364.972           10.0            5.0
    2455419.012           -0.7            4.7
    2455446.847           18.1            3.6
    2455446.856           17.6            3.1
    2455463.833           11.2            5.2
    2455466.842           10.5            4.8
    2455569.653            1.5            4.1
    2455571.713            6.1            4.6
    2455572.671            0.9            4.8
    2455621.621            8.0            4.6
    2455757.974           -6.6            5.0
    2455803.919           17.1            4.3
    2455806.936           -6.0            4.3
    2455828.781           11.0            4.2
    2455831.849           11.8            5.1
    2455861.842           -3.1            4.2
    2455864.796           11.5            4.4
    2455892.745           -4.4            4.9
