    2451745.994            6.8            4.3
    2451778.895            1.5            3.7
    2451808.867            6.4            3.6
    2451853.766            5.4            4.1
    2451856.801            3.5            4.6
    2451898.637            6.5            8.0
    2451932.609            6.3            3.9
    2452163.861            7.0            4.9
    2452175.851            3.4            4.0
    2452307.598            6.8            4.5
    2452465.989            4.0            5.3
    2452483.985            2.3            5.0
    2452494.987            7.0            5.0
    2452517.936            6.1            5.2
     2452528.91            4.8            5.2
     2452530.91            5.7            4.5
    2452541.904            3.2            4.5
    2452543.883            2.8            5.0
    2452559.914            7.2            6.4
    2452561.795            7.8            8.4
    2452571.791            5.9            5.0
     2452589.81            4.4            5.7
    2452603.782            3.7            4.9
    2452605.724            2.6            4.8
    2452616.772            8.3            5.9
    2452665.604            3.0            4.2
    2452668.611            2.6            5.3
    2452837.972            3.3            5.4
    2452861.963            4.3            4.1
    2452863.985            6.8            5.2
    2452879.918            2.4            4.2
    2452880.947            3.9            5.0
    2452898.911            2.3            4.7
    2452900.928            3.4            4.8
    2452932.839            5.4            4.3
    2452934.804            4.2            4.6
    2452963.753            4.4            5.2
    2452965.809            6.2            5.4
     2453022.63            2.8            5.6
     2453208.01            1.1            3.8
    2453209.978            1.1            3.7
    2453214.961            4.7            4.2
    2453231.961            1.8            4.0
    2453233.909            3.0            3.9
     2453235.96            4.9            4.2
    2453265.899            3.6            3.8
    2453268.919            1.8            4.0
     2453269.81            1.0            3.5
    2453286.828            3.6            3.8
    2453324.713            8.0            5.5
    2453354.654            1.5            3.8
    2453400.642            7.3            7.5
    2453550.983            7.1            4.4
    2453578.964            3.0            4.6
    2453613.923            6.4            4.2
    2453654.771            6.6            4.1
    2453701.724            4.6            4.6
    2453740.745            6.4            4.7
    2453911.993            1.7            3.6
    2453917.013            2.6            3.9
    2453934.974            1.4            3.9
    2453968.925            4.5            3.2
    2453981.851            3.9            3.8
    2453985.899            6.3            4.0
    2454055.755            2.7            3.9
    2454297.975            6.9            4.1
    2454300.974            5.6            4.0
    2454314.939            5.0            3.6
    2454318.981            6.8            4.2
    2454344.859            3.7            4.3
    2454348.917            1.3            4.0
    2454391.887            2.7            5.4
    2454394.775            2.9            4.2
    2454418.777            5.9            4.5
    2454420.763            6.6            4.2
    2454440.653            5.6            3.4
    2454443.651            6.3            3.6
    2454481.638            6.0            3.9
    2454503.651            6.8            4.3
    2454645.984            5.5            4.5
    2454646.968            5.9            4.2
    2454668.009            5.6            3.7
    2454681.904            1.5            3.8
     2454683.97            2.2            3.8
    2454711.893            6.6            4.1
    2454713.873            6.5            4.2
    2454715.882            5.8            4.6
    2454716.875            4.6            4.1
    2454753.885            5.9            3.6
     2454755.85            5.7            3.8
    2454777.733            5.4            4.1
    2454806.796            3.1            5.5
     2454808.77            2.7            4.3
    2454809.763            5.2            6.1
    2455026.973            7.2            5.7
    2455063.965            7.7            5.0
    2455099.996            3.8            4.9
    2455116.856            4.0            6.8
    2455154.739            6.2            7.6
    2455174.788            5.0            5.8
    2455364.972            2.4            5.0
    2455419.012            7.3            4.7
    2455446.847            1.6            3.6
    2455446.856            1.1            3.1
    2455463.833            5.6            5.2
    2455466.842            3.0            4.8
    2455569.653            2.8            4.1
    2455571.713            2.3            4.6
    2455572.671            2.3            4.8
    2455621.621            6.2            4.6
    2455757.974            2.8            5.0
    2455803.919            2.8            4.3
    2455806.936            4.9            4.3
    2455828.781            5.6            4.2
    2455831.849            7.8            5.1
    2455861.842            1.9            4.2
    2455864.796            1.9            4.4
    2455892.745            6.8            4.9
