    2451745.994           16.1            4.3
    2451778.895            2.2            3.7
    2451808.867           -6.5            3.6
    2451853.766           -1.2            4.1
    2451856.801           -2.4            4.6
    2451898.637           19.2            8.0
    2451932.609            0.0            3.9
    2452163.861            2.7            4.9
    2452175.851            6.7            4.0
    2452307.598            7.7            4.5
    2452465.989           10.6            5.3
    2452483.985            1.1            5.0
    2452494.987           -4.1            5.0
    2452517.936           19.6            5.2
     2452528.91            8.1            5.2
     2452530.91           14.7            4.5
    2452541.904           10.4            4.5
    2452543.883           -0.4            5.0
    2452559.914            1.5            6.4
    2452561.795           -2.8            8.4
    2452571.791           15.6            5.0
     2452589.81           13.2            5.7
    2452603.782           15.8            4.9
    2452605.724            4.7            4.8
    2452616.772           10.7            5.9
    2452665.604           10.3            4.2
    2452668.611           15.4            5.3
    2452837.972           14.9            5.4
    2452861.963           12.3            4.1
    2452863.985            0.6            5.2
    2452879.918           -3.6            4.2
    2452880.947            8.8            5.0
    2452898.911            1.3            4.7
    2452900.928           -6.3            4.8
    2452932.839           -3.9            4.3
    2452934.804           10.8            4.6
    2452963.753            8.0            5.2
    2452965.809           -5.7            5.4
     2453022.63            6.1            5.6
     2453208.01           -2.2            3.8
    2453209.978           -0.4            3.7
    2453214.961            0.2            4.2
    2453231.961           -8.6            4.0
    2453233.909           -4.1            3.9
     2453235.96            6.8            4.2
    2453265.899            7.5            3.8
    2453268.919           -3.0            4.0
     2453269.81           -7.7            3.5
    2453286.828           10.4            3.8
    2453324.713           20.9            5.5
    2453354.654            4.2            3.8
    2453400.642            3.4            7.5
    2453550.983           11.8            4.4
    2453578.964           -3.7            4.6
    2453613.923           -2.9            4.2
    2453654.771            1.1            4.1
    2453701.724           13.3            4.6
    2453740.745           -4.9            4.7
    2453911.993           -4.4            3.6
    2453917.013           14.0            3.9
    2453934.974           18.0            3.9
    2453968.925           -2.2            3.2
    2453981.851           -1.9            3.8
    2453985.899           12.2            4.0
    2454055.755           11.5            3.9
    2454297.975            6.5            4.1
    2454300.974           15.9            4.0
    2454314.939            4.3            3.6
    2454318.981            2.6            4.2
    2454344.859           -1.1            4.3
    2454348.917           -2.2            4.0
    2454391.887            7.2            5.4
    2454394.775            4.7            4.2
    2454418.777            1.7            4.5
    2454420.763           -2.6            4.2
    2454440.653           15.5            3.4
    2454443.651           13.8            3.6
    2454481.638            7.4            3.9
    2454503.651            4.4            4.3
    2454645.984            7.6            4.5
    2454646.968           -5.5            4.2
    2454668.009           -5.6            3.7
    2454681.904           -6.8            3.8
     2454683.97           -2.9            3.8
    2454711.893            5.9            4.1
    2454713.873           -4.7            4.2
    2454715.882            3.4            4.6
    2454716.875          -10.4            4.1
    2454753.885           -4.9            3.6
     2454755.85           12.4            3.8
    2454777.733            8.1            4.1
    2454806.796           13.1            5.5
     2454808.77            4.7            4.3
    2454809.763           16.6            6.1
    2455026.973           15.9            5.7
    2455063.965            6.0            5.0
    2455099.996           17.7            4.9
    2455116.856            8.7            6.8
    2455154.739           -3.5            7.6
    2455174.788            0.0            5.8
    2455364.972           -2.4            5.0
    2455419.012            2.7            4.7
    2455446.847           13.5            3.6
    2455446.856           13.1            3.1
    2455463.833           10.1            5.2
    2455466.842            5.7            4.8
    2455569.653           -1.9            4.1
    2455571.713           -1.7            4.6
    2455572.671           -0.9            4.8
    2455621.621           18.5            4.6
    2455757.974           -2.2            5.0
    2455803.919            4.4            4.3
    2455806.936            8.5            4.3
    2455828.781           11.9            4.2
    2455831.849           12.3            5.1
    2455861.842            6.8            4.2
    2455864.796           -0.0            4.4
    2455892.745            5.2            4.9
