    2451745.994            2.4            4.3
    2451778.895            2.6            3.7
    2451808.867            6.7            3.6
    2451853.766            2.0            4.1
    2451856.801           -2.6            4.6
    2451898.637           18.9            8.0
    2451932.609            0.3            3.9
    2452163.861            8.2            4.9
    2452175.851           -0.9            4.0
    2452307.598            9.4            4.5
    2452465.989           15.7            5.3
    2452483.985            6.2            5.0
    2452494.987           11.6            5.0
    2452517.936           -1.8            5.2
     2452528.91            2.7            5.2
     2452530.91            5.2            4.5
    2452541.904            5.9            4.5
    2452543.883           21.2            5.0
    2452559.914           23.8            6.4
    2452561.795           10.7            8.4
    2452571.791            1.4            5.0
     2452589.81           15.9            5.7
    2452603.782           10.6            4.9
    2452605.724           16.1            4.8
    2452616.772            8.2            5.9
    2452665.604           10.5            4.2
    2452668.611            7.8            5.3
    2452837.972           14.7            5.4
    2452861.963           13.8            4.1
    2452863.985           -3.9            5.2
    2452879.918          -10.9            4.2
    2452880.947           -0.1            5.0
    2452898.911           -2.7            4.7
    2452900.928            8.4            4.8
    2452932.839            9.8            4.3
    2452934.804           10.2            4.6
    2452963.753           -9.1            5.2
    2452965.809           -0.4            5.4
     2453022.63           -6.8            5.6
     2453208.01            8.8            3.8
    2453209.978           -0.0            3.7
    2453214.961          -12.5            4.2
    2453231.961           15.3            4.0
    2453233.909           10.9            3.9
     2453235.96            8.3            4.2
    2453265.899           -2.5            3.8
    2453268.919           -7.3            4.0
     2453269.81            4.9            3.5
    2453286.828           11.6            3.8
    2453324.713            3.8            5.5
    2453354.654           -3.6            3.8
    2453400.642            0.8            7.5
    2453550.983           14.7            4.4
    2453578.964            6.4            4.6
    2453613.923           -0.1            4.2
    2453654.771          -13.3            4.1
    2453701.724            8.3            4.6
    2453740.745            4.1            4.7
    2453911.993            8.9            3.6
    2453917.013           -4.4            3.9
    2453934.974           -2.4            3.9
    2453968.925           11.8            3.2
    2453981.851           -4.3            3.8
    2453985.899            9.6            4.0
    2454055.755            6.4            3.9
    2454297.975            3.0            4.1
    2454300.974            8.1            4.0
    2454314.939           12.0            3.6
    2454318.981            3.9            4.2
    2454344.859            1.0            4.3
    2454348.917            4.2            4.0
    2454391.887           -4.8            5.4
    2454394.775            4.0            4.2
    2454418.777            1.2            4.5
    2454420.763            5.1            4.2
    2454440.653           -6.6            3.4
    2454443.651           -0.7            3.6
    2454481.638           -7.9            3.9
    2454503.651           14.1            4.3
    2454645.984            4.5            4.5
    2454646.968           16.1            4.2
    2454668.009            8.5            3.7
    2454681.904           12.1            3.8
     2454683.97            1.1            3.8
    2454711.893           20.3            4.1
    2454713.873           10.2            4.2
    2454715.882           -6.7            4.6
    2454716.875            1.1            4.1
    2454753.885           -0.9            3.6
     2454755.85            2.6            3.8
    2454777.733           -5.0            4.1
    2454806.796           17.4            5.5
     2454808.77            9.8            4.3
    2454809.763            2.2            6.1
    2455026.973            6.8            5.7
    2455063.965           -6.5            5.0
    2455099.996            8.3            4.9
    2455116.856           13.1            6.8
    2455154.739           16.5            7.6
    2455174.788           -5.7            5.8
    2455364.972            3.4            5.0
    2455419.012           10.9            4.7
    2455446.847            4.6            3.6
    2455446.856            3.8            3.1
    2455463.833           -2.0            5.2
    2455466.842            2.7            4.8
    2455569.653           -3.7            4.1
    2455571.713           -0.2            4.6
    2455572.671           11.9            4.8
    2455621.621           13.3            4.6
    2455757.974           -5.4            5.0
    2455803.919          -14.4            4.3
    2455806.936           -4.2            4.3
    2455828.781           10.4            4.2
    2455831.849            3.9            5.1
    2455861.842            4.6            4.2
    2455864.796            5.9            4.4
    2455892.745           -2.4            4.9
