    2451745.994            6.1            4.3
    2451778.895           12.0            3.7
    2451808.867            5.0            3.6
    2451853.766            5.8            4.1
    2451856.801            8.2            4.6
    2451898.637           13.7            8.0
    2451932.609            0.2            3.9
    2452163.861           10.0            4.9
    2452175.851            9.6            4.0
    2452307.598           14.9            4.5
    2452465.989           -4.2            5.3
    2452483.985            6.6            5.0
    2452494.987           -9.6            5.0
    2452517.936           13.9            5.2
     2452528.91           16.1            5.2
     2452530.91            6.0            4.5
    2452541.904           17.6            4.5
    2452543.883           -1.3            5.0
    2452559.914            0.3            6.4
    2452561.795           16.9            8.4
    2452571.791            5.0            5.0
     2452589.81            1.3            5.7
    2452603.782            3.8            4.9
    2452605.724          -12.0            4.8
    2452616.772           -2.4            5.9
    2452665.604           10.0            4.2
    2452668.611           16.2            5.3
    2452837.972           -0.1            5.4
    2452861.963           11.6            4.1
    2452863.985           -2.6            5.2
    2452879.918           -5.1            4.2
    2452880.947            1.4            5.0
    2452898.911           15.1            4.7
    2452900.928           -0.8            4.8
    2452932.839            2.8            4.3
    2452934.804           12.4            4.6
    2452963.753            6.5            5.2
    2452965.809           -6.4            5.4
     2453022.63            9.1            5.6
     2453208.01           -6.5            3.8
    2453209.978           11.8            3.7
    2453214.961            5.3            4.2
    2453231.961           -3.5            4.0
    2453233.909            2.6            3.9
     2453235.96           -2.5            4.2
    2453265.899            4.4            3.8
    2453268.919            8.2            4.0
     2453269.81            2.9            3.5
    2453286.828            2.1            3.8
    2453324.713           13.6            5.5
    2453354.654           -1.8            3.8
    2453400.642            0.6            7.5
    2453550.983           11.0            4.4
    2453578.964            6.9            4.6
    2453613.923            1.4            4.2
    2453654.771           -2.6            4.1
    2453701.724            3.9            4.6
    2453740.745            1.2            4.7
    2453911.993            7.0            3.6
    2453917.013           -8.1            3.9
    2453934.974            0.1            3.9
    2453968.925           12.5            3.2
    2453981.851            7.1            3.8
    2453985.899            7.5            4.0
    2454055.755           -0.8            3.9
    2454297.975           -2.3            4.1
    2454300.974            9.9            4.0
    2454314.939           -8.7            3.6
    2454318.981           -8.3            4.2
    2454344.859            8.1            4.3
    2454348.917           10.1            4.0
    2454391.887            3.2            5.4
    2454394.775           10.0            4.2
    2454418.777            4.6            4.5
    2454420.763            1.5            4.2
    2454440.653            4.6            3.4
    2454443.651            5.5            3.6
    2454481.638           16.2            3.9
    2454503.651           -5.2            4.3
    2454645.984            5.7            4.5
    2454646.968           -5.9            4.2
    2454668.009          -13.0            3.7
    2454681.904            8.5            3.8
     2454683.97           -6.9            3.8
    2454711.893            7.4            4.1
    2454713.873            8.0            4.2
    2454715.882            7.7            4.6
    2454716.875           -1.8            4.1
    2454753.885           -2.1            3.6
     2454755.85           16.1            3.8
    2454777.733           -6.0            4.1
    2454806.796           -3.1            5.5
     2454808.77           12.6            4.3
    2454809.763           13.5            6.1
    2455026.973            5.8            5.7
    2455063.965           11.1            5.0
    2455099.996           20.6            4.9
    2455116.856           13.6            6.8
    2455154.739            3.5            7.6
    2455174.788            8.0            5.8
    2455364.972           -6.8            5.0
    2455419.012            1.0            4.7
    2455446.847            3.5            3.6
    2455446.856            3.0            3.1
    2455463.833            1.5            5.2
    2455466.842           -2.8            4.8
    2455569.653            0.3            4.1
    2455571.713           19.4            4.6
    2455572.671           12.3            4.8
    2455621.621            8.1            4.6
    2455757.974           -9.1            5.0
    2455803.919            3.0            4.3
    2455806.936            2.1            4.3
    2455828.781            3.4            4.2
    2455831.849           -1.9            5.1
    2455861.842            0.3            4.2
    2455864.796          -10.7            4.4
    2455892.745            1.7            4.9
