    2451745.994          -13.2            4.3
    2451778.895           26.1            3.7
    2451808.867            4.4            3.6
    2451853.766           15.5            4.1
    2451856.801            4.4            4.6
    2451898.637           20.4            8.0
    2451932.609           -6.8            3.9
    2452163.861            1.6            4.9
    2452175.851           18.3            4.0
    2452307.598           30.6            4.5
    2452465.989           28.2            5.3
    2452483.985           13.0            5.0
    2452494.987            2.9            5.0
    2452517.936           31.4            5.2
     2452528.91            7.2            5.2
     2452530.91          -21.0            4.5
    2452541.904          -19.0            4.5
    2452543.883            8.7            5.0
    2452559.914            9.4            6.4
    2452561.795           -2.8            8.4
    2452571.791          -15.0            5.0
     2452589.81           -7.2            5.7
    2452603.782          -15.0            4.9
    2452605.724           -7.6            4.8
    2452616.772            2.9            5.9
    2452665.604           22.6            4.2
    2452668.611           12.7            5.3
    2452837.972           25.3            5.4
    2452861.963           -7.7            4.1
    2452863.985           -0.7            5.2
    2452879.918           -5.7            4.2
    2452880.947           15.0            5.0
    2452898.911           18.7            4.7
    2452900.928           10.0            4.8
    2452932.839            8.8            4.3
    2452934.804           -9.7            4.6
    2452963.753           -5.7            5.2
    2452965.809          -11.5            5.4
     2453022.63          -12.3            5.6
     2453208.01            6.7            3.8
    2453209.978           23.0            3.7
    2453214.961            6.7            4.2
    2453231.961            0.1            4.0
    2453233.909           -8.3            3.9
     2453235.96           -5.2            4.2
    2453265.899            3.9            3.8
    2453268.919           13.8            4.0
     2453269.81          -23.0            3.5
    2453286.828           20.8            3.8
    2453324.713            5.0            5.5
    2453354.654           11.8            3.8
    2453400.642           10.6            7.5
    2453550.983          -10.4            4.4
    2453578.964            3.1            4.6
    2453613.923           14.0            4.2
    2453654.771           20.0            4.1
    2453701.724           28.3            4.6
    2453740.745           12.9            4.7
    2453911.993            6.3            3.6
    2453917.013           25.9            3.9
    2453934.974            2.5            3.9
    2453968.925           14.8            3.2
    2453981.851          -21.9            3.8
    2453985.899           12.3            4.0
    2454055.755           12.3            3.9
    2454297.975           20.3            4.1
    2454300.974            5.0            4.0
    2454314.939            3.3            3.6
    2454318.981           20.6            4.2
    2454344.859          -15.6            4.3
    2454348.917           -9.5            4.0
    2454391.887           11.1            5.4
    2454394.775          -14.5            4.2
    2454418.777           27.5            4.5
    2454420.763           20.4            4.2
    2454440.653           10.7            3.4
    2454443.651           11.5            3.6
    2454481.638            4.5            3.9
    2454503.651            5.0            4.3
    2454645.984            0.5            4.5
    2454646.968            6.5            4.2
    2454668.009            9.4            3.7
    2454681.904           22.9            3.8
     2454683.97           12.4            3.8
    2454711.893           -5.2            4.1
    2454713.873           12.9            4.2
    2454715.882            7.1            4.6
    2454716.875          -15.4            4.1
    2454753.885            3.4            3.6
     2454755.85           -1.3            3.8
    2454777.733          -10.9            4.1
    2454806.796           32.8            5.5
     2454808.77           21.8            4.3
    2454809.763          -11.9            6.1
    2455026.973            4.8            5.7
    2455063.965           -3.7            5.0
    2455099.996            1.4            4.9
    2455116.856           26.5            6.8
    2455154.739           -9.3            7.6
    2455174.788           10.6            5.8
    2455364.972          -18.8            5.0
    2455419.012           14.8            4.7
    2455446.847           -1.5            3.6
    2455446.856           -1.8            3.1
    2455463.833           15.6            5.2
    2455466.842           13.8            4.8
    2455569.653          -22.9            4.1
    2455571.713            5.7            4.6
    2455572.671           15.1            4.8
    2455621.621           -5.2            4.6
    2455757.974          -11.8            5.0
    2455803.919           20.3            4.3
    2455806.936           13.0            4.3
    2455828.781           26.6            4.2
    2455831.849            6.7            5.1
    2455861.842           -0.6            4.2
    2455864.796           -3.6            4.4
    2455892.745           25.7            4.9
