    2451745.994           18.4            4.3
    2451778.895           -1.6            3.7
    2451808.867          -10.1            3.6
    2451853.766           -7.3            4.1
    2451856.801           -8.2            4.6
    2451898.637            5.1            8.0
    2451932.609          -14.0            3.9
    2452163.861            9.0            4.9
    2452175.851            9.9            4.0
    2452307.598           15.7            4.5
    2452465.989            4.2            5.3
    2452483.985           10.2            5.0
    2452494.987           11.2            5.0
    2452517.936            6.5            5.2
     2452528.91           10.1            5.2
     2452530.91            3.1            4.5
    2452541.904           -0.8            4.5
    2452543.883           10.1            5.0
    2452559.914            9.4            6.4
    2452561.795           20.3            8.4
    2452571.791           -8.4            5.0
     2452589.81           10.2            5.7
    2452603.782            7.1            4.9
    2452605.724           -5.6            4.8
    2452616.772            4.6            5.9
    2452665.604            5.3            4.2
    2452668.611            9.1            5.3
    2452837.972           -0.5            5.4
    2452861.963           -2.8            4.1
    2452863.985            3.9            5.2
    2452879.918           -2.6            4.2
    2452880.947           -0.3            5.0
    2452898.911            6.1            4.7
    2452900.928           13.0            4.8
    2452932.839           -8.9            4.3
    2452934.804            2.5            4.6
    2452963.753           -2.5            5.2
    2452965.809            3.9            5.4
     2453022.63           11.4            5.6
     2453208.01           12.5            3.8
    2453209.978           10.9            3.7
    2453214.961           -5.7            4.2
    2453231.961           14.6            4.0
    2453233.909            3.1            3.9
     2453235.96            9.8            4.2
    2453265.899            2.6            3.8
    2453268.919           -2.4            4.0
     2453269.81           -3.8            3.5
    2453286.828            2.5            3.8
    2453324.713           -5.0            5.5
    2453354.654            7.1            3.8
    2453400.642            8.1            7.5
    2453550.983           12.6            4.4
    2453578.964           -8.9            4.6
    2453613.923            6.1            4.2
    2453654.771          -14.2            4.1
    2453701.724            9.0            4.6
    2453740.745            7.6            4.7
    2453911.993            4.8            3.6
    2453917.013           -1.0            3.9
    2453934.974           11.1            3.9
    2453968.925            5.7            3.2
    2453981.851           -1.5            3.8
    2453985.899           -8.7            4.0
    2454055.755           11.6            3.9
    2454297.975           -7.2            4.1
    2454300.974           -4.7            4.0
    2454314.939           13.4            3.6
    2454318.981            5.7            4.2
    2454344.859            7.5            4.3
    2454348.917           -4.3            4.0
    2454391.887            1.8            5.4
    2454394.775            1.4            4.2
    2454418.777            2.0            4.5
    2454420.763           -4.1            4.2
    2454440.653            3.7            3.4
    2454443.651            5.1            3.6
    2454481.638           -3.9            3.9
    2454503.651            0.4            4.3
    2454645.984           15.3            4.5
    2454646.968            6.5            4.2
    2454668.009           20.0            3.7
    2454681.904           -2.0            3.8
     2454683.97           -1.9            3.8
    2454711.893           -8.1            4.1
    2454713.873           -2.0            4.2
    2454715.882            2.7            4.6
    2454716.875           11.5            4.1
    2454753.885            1.5            3.6
     2454755.85           -8.2            3.8
    2454777.733           13.8            4.1
    2454806.796            1.5            5.5
     2454808.77          -12.8            4.3
    2454809.763           -5.0            6.1
    2455026.973           -0.2            5.7
    2455063.965           -5.2            5.0
    2455099.996           13.4            4.9
    2455116.856          -11.2            6.8
    2455154.739            5.5            7.6
    2455174.788            6.7            5.8
    2455364.972            7.3            5.0
    2455419.012           11.1            4.7
    2455446.847            8.1            3.6
    2455446.856            7.1            3.1
    2455463.833            4.8            5.2
    2455466.842            6.3            4.8
    2455569.653           15.0            4.1
    2455571.713            0.7            4.6
    2455572.671            0.2            4.8
    2455621.621            3.3            4.6
    2455757.974            8.0            5.0
    2455803.919           17.6            4.3
    2455806.936            7.8            4.3
    2455828.781            9.2            4.2
    2455831.849           -2.0            5.1
    2455861.842          -12.5            4.2
    2455864.796          -11.9            4.4
    2455892.745            1.0            4.9
