    2451745.994           13.5            4.3
    2451778.895            2.1            3.7
    2451808.867           16.5            3.6
    2451853.766           -1.4            4.1
    2451856.801            9.1            4.6
    2451898.637           11.4            8.0
    2451932.609            8.8            3.9
    2452163.861            2.4            4.9
    2452175.851            1.4            4.0
    2452307.598            3.0            4.5
    2452465.989           -0.4            5.3
    2452483.985           16.6            5.0
    2452494.987            7.9            5.0
    2452517.936           15.4            5.2
     2452528.91           -0.1            5.2
     2452530.91           -5.0            4.5
    2452541.904            1.7            4.5
    2452543.883           -4.6            5.0
    2452559.914            0.6            6.4
    2452561.795           17.9            8.4
    2452571.791           16.4            5.0
     2452589.81           -2.4            5.7
    2452603.782           -1.8            4.9
    2452605.724           12.5            4.8
    2452616.772            1.5            5.9
    2452665.604           10.3            4.2
    2452668.611            7.1            5.3
    2452837.972           -4.6            5.4
    2452861.963            2.8            4.1
    2452863.985            4.5            5.2
    2452879.918            6.6            4.2
    2452880.947           12.7            5.0
    2452898.911            0.9            4.7
    2452900.928           -6.0            4.8
    2452932.839            2.8            4.3
    2452934.804           -1.1            4.6
    2452963.753           -0.4            5.2
    2452965.809           -8.2            5.4
     2453022.63            1.4            5.6
     2453208.01            4.2            3.8
    2453209.978           -2.6            3.7
    2453214.961           -2.4            4.2
    2453231.961           11.8            4.0
    2453233.909           -2.2            3.9
     2453235.96            4.8            4.2
    2453265.899           15.9            3.8
    2453268.919           -7.8            4.0
     2453269.81           11.4            3.5
    2453286.828           10.6            3.8
    2453324.713           13.5            5.5
    2453354.654           -0.3            3.8
    2453400.642           -4.8            7.5
    2453550.983           -3.5            4.4
    2453578.964           15.3            4.6
    2453613.923            0.8            4.2
    2453654.771            2.7            4.1
    2453701.724            3.1            4.6
    2453740.745            9.1            4.7
    2453911.993           11.4            3.6
    2453917.013            1.4            3.9
    2453934.974           10.2            3.9
    2453968.925           -4.6            3.2
    2453981.851           -6.3            3.8
    2453985.899           -1.4            4.0
    2454055.755            7.2            3.9
    2454297.975           17.2            4.1
    2454300.974           -2.4            4.0
    2454314.939            6.4            3.6
    2454318.981           10.3            4.2
    2454344.859           -3.0            4.3
    2454348.917           -0.6            4.0
    2454391.887            8.8            5.4
    2454394.775            7.3            4.2
    2454418.777            0.4            4.5
    2454420.763            2.4            4.2
    2454440.653           11.5            3.4
    2454443.651           -0.1            3.6
    2454481.638           -1.2            3.9
    2454503.651           10.7            4.3
    2454645.984            1.3            4.5
    2454646.968            5.0            4.2
    2454668.009            6.8            3.7
    2454681.904           -7.4            3.8
     2454683.97            3.9            3.8
    2454711.893            9.3            4.1
    2454713.873           17.1            4.2
    2454715.882            4.3            4.6
    2454716.875            0.5            4.1
    2454753.885            9.6            3.6
     2454755.85            4.5            3.8
    2454777.733            2.4            4.1
    2454806.796            9.6            5.5
     2454808.77           -0.9            4.3
    2454809.763            3.4            6.1
    2455026.973            5.5            5.7
    2455063.965           -4.3            5.0
    2455099.996            5.8            4.9
    2455116.856           -4.5            6.8
    2455154.739           10.2            7.6
    2455174.788           -4.5            5.8
    2455364.972            0.8            5.0
    2455419.012            4.0            4.7
    2455446.847            0.6            3.6
    2455446.856            0.2            3.1
    2455463.833           -1.4            5.2
    2455466.842           16.1            4.8
    2455569.653            4.5            4.1
    2455571.713           -5.4            4.6
    2455572.671            2.3            4.8
    2455621.621            5.2            4.6
    2455757.974           -6.4            5.0
    2455803.919            1.7            4.3
    2455806.936            3.1            4.3
    2455828.781            7.0            4.2
    2455831.849            2.4            5.1
    2455861.842           10.2            4.2
    2455864.796           -9.9            4.4
    2455892.745           14.6            4.9
