    2451745.994            0.2            4.3
    2451778.895            2.0            3.7
    2451808.867           17.4            3.6
    2451853.766            9.3            4.1
    2451856.801            6.9            4.6
    2451898.637           -9.7            8.0
    2451932.609            8.5            3.9
    2452163.861            9.3            4.9
    2452175.851            0.5            4.0
    2452307.598           -5.7            4.5
    2452465.989           11.8            5.3
    2452483.985           21.1            5.0
    2452494.987            5.9            5.0
    2452517.936           -8.9            5.2
     2452528.91            1.4            5.2
     2452530.91           23.4            4.5
    2452541.904            2.3            4.5
    2452543.883           14.5            5.0
    2452559.914           14.2            6.4
    2452561.795           26.4            8.4
    2452571.791           -7.3            5.0
     2452589.81           -0.5            5.7
    2452603.782            2.2            4.9
    2452605.724           13.5            4.8
    2452616.772           23.5            5.9
    2452665.604            1.9            4.2
    2452668.611           12.6            5.3
    2452837.972           -7.8            5.4
    2452861.963            8.3            4.1
    2452863.985           16.0            5.2
    2452879.918           12.8            4.2
    2452880.947           10.9            5.0
    2452898.911           -5.4            4.7
    2452900.928           15.8            4.8
    2452932.839           23.0            4.3
    2452934.804           14.7            4.6
    2452963.753           13.9            5.2
    2452965.809           12.7            5.4
     2453022.63           -9.7            5.6
     2453208.01           -1.3            3.8
    2453209.978           11.4            3.7
    2453214.961           -6.7            4.2
    2453231.961            2.2            4.0
    2453233.909            4.7            3.9
     2453235.96           21.4            4.2
    2453265.899           11.4            3.8
    2453268.919           -3.9            4.0
     2453269.81            0.2            3.5
    2453286.828          -12.9            3.8
    2453324.713            1.5            5.5
    2453354.654          -13.4            3.8
    2453400.642           11.8            7.5
    2453550.983           -9.8            4.4
    2453578.964           -6.5            4.6
    2453613.923           15.2            4.2
    2453654.771            9.6            4.1
    2453701.724            4.1            4.6
    2453740.745           12.7            4.7
    2453911.993            4.4            3.6
    2453917.013            5.0            3.9
    2453934.974           -6.1            3.9
    2453968.925           12.1            3.2
    2453981.851            4.9            3.8
    2453985.899            7.5            4.0
    2454055.755           13.1            3.9
    2454297.975           10.9            4.1
    2454300.974           -9.0            4.0
    2454314.939           13.6            3.6
    2454318.981            2.8            4.2
    2454344.859            8.2            4.3
    2454348.917            0.2            4.0
    2454391.887           -1.2            5.4
    2454394.775           -9.2            4.2
    2454418.777          -15.2            4.5
    2454420.763            3.3            4.2
    2454440.653          -13.7            3.4
    2454443.651           12.1            3.6
    2454481.638           19.7            3.9
    2454503.651            0.8            4.3
    2454645.984           26.6            4.5
    2454646.968            6.3            4.2
    2454668.009            6.1            3.7
    2454681.904           -2.1            3.8
     2454683.97           18.0            3.8
    2454711.893          -13.7            4.1
    2454713.873           -3.8            4.2
    2454715.882           12.8            4.6
    2454716.875           24.8            4.1
    2454753.885           -4.1            3.6
     2454755.85            6.5            3.8
    2454777.733           10.4            4.1
    2454806.796          -10.0            5.5
     2454808.77           12.3            4.3
    2454809.763           11.1            6.1
    2455026.973            5.9            5.7
    2455063.965           13.1            5.0
    2455099.996          -14.2            4.9
    2455116.856            9.5            6.8
    2455154.739            7.9            7.6
    2455174.788           16.9            5.8
    2455364.972           14.3            5.0
    2455419.012            5.7            4.7
    2455446.847           -1.7            3.6
    2455446.856           -2.2            3.1
    2455463.833           -3.6            5.2
    2455466.842           10.2            4.8
    2455569.653           12.8            4.1
    2455571.713            5.4            4.6
    2455572.671          -11.7            4.8
    2455621.621            2.0            4.6
    2455757.974           -1.9            5.0
    2455803.919          -19.0            4.3
    2455806.936           11.0            4.3
    2455828.781          -11.6            4.2
    2455831.849           14.6            5.1
    2455861.842            3.4            4.2
    2455864.796           11.8            4.4
    2455892.745            5.1            4.9
