    2451745.994           30.8            4.3
    2451778.895           24.8            3.7
    2451808.867           28.8            3.6
    2451853.766           14.5            4.1
    2451856.801           14.8            4.6
    2451898.637            5.1            8.0
    2451932.609           23.6            3.9
    2452163.861          -18.1            4.9
    2452175.851          -14.4            4.0
    2452307.598           12.1            4.5
    2452465.989          -10.3            5.3
    2452483.985          -26.8            5.0
    2452494.987           13.3            5.0
    2452517.936           12.8            5.2
     2452528.91           -0.4            5.2
     2452530.91           20.2            4.5
    2452541.904            4.6            4.5
    2452543.883           -2.1            5.0
    2452559.914           11.4            6.4
    2452561.795            6.4            8.4
    2452571.791          -12.5            5.0
     2452589.81          -14.5            5.7
    2452603.782            3.1            4.9
    2452605.724           22.3            4.8
    2452616.772          -14.5            5.9
    2452665.604           -4.2            4.2
    2452668.611          -13.0            5.3
    2452837.972            3.5            5.4
    2452861.963           15.6            4.1
    2452863.985            3.5            5.2
    2452879.918           -8.1            4.2
    2452880.947           23.9            5.0
    2452898.911           17.6            4.7
    2452900.928           -2.6            4.8
    2452932.839           21.9            4.3
    2452934.804           21.6            4.6
    2452963.753           -5.3            5.2
    2452965.809           31.2            5.4
     2453022.63           19.8            5.6
     2453208.01           -0.9            3.8
    2453209.978           23.5            3.7
    2453214.961          -25.4            4.2
    2453231.961           -0.9            4.0
    2453233.909            8.3            3.9
     2453235.96           -9.6            4.2
    2453265.899           -7.7            3.8
    2453268.919           -9.6            4.0
     2453269.81           19.4            3.5
    2453286.828          -10.8            3.8
    2453324.713           18.3            5.5
    2453354.654           25.1            3.8
    2453400.642           16.8            7.5
    2453550.983           11.9            4.4
    2453578.964           18.9            4.6
    2453613.923           -6.9            4.2
    2453654.771            8.4            4.1
    2453701.724           -1.7            4.6
    2453740.745           -6.2            4.7
    2453911.993           -9.2            3.6
    2453917.013           15.6            3.9
    2453934.974            8.0            3.9
    2453968.925           11.1            3.2
    2453981.851           -9.8            3.8
    2453985.899           31.0            4.0
    2454055.755           22.4            3.9
    2454297.975           12.3            4.1
    2454300.974            6.5            4.0
    2454314.939           16.0            3.6
    2454318.981           26.8            4.2
    2454344.859            0.6            4.3
    2454348.917            6.3            4.0
    2454391.887           17.1            5.4
    2454394.775           -3.4            4.2
    2454418.777           10.8            4.5
    2454420.763           16.5            4.2
    2454440.653          -15.5            3.4
    2454443.651          -14.7            3.6
    2454481.638           14.8            3.9
    2454503.651           10.7            4.3
    2454645.984           -0.5            4.5
    2454646.968           12.2            4.2
    2454668.009          -18.4            3.7
    2454681.904           -8.9            3.8
     2454683.97           17.8            3.8
    2454711.893            8.5            4.1
    2454713.873           12.3            4.2
    2454715.882          -19.9            4.6
    2454716.875           27.7            4.1
    2454753.885           12.7            3.6
     2454755.85            9.7            3.8
    2454777.733            6.6            4.1
    2454806.796           -3.4            5.5
     2454808.77          -15.5            4.3
    2454809.763           -0.7            6.1
    2455026.973           -3.0            5.7
    2455063.965           11.1            5.0
    2455099.996           14.0            4.9
    2455116.856            4.7            6.8
    2455154.739           11.8            7.6
    2455174.788          -13.6            5.8
    2455364.972           -1.6            5.0
    2455419.012           -3.5            4.7
    2455446.847           -9.9            3.6
    2455446.856          -10.0            3.1
    2455463.833            1.8            5.2
    2455466.842           -0.7            4.8
    2455569.653            8.2            4.1
    2455571.713           37.8            4.6
    2455572.671           -1.9            4.8
    2455621.621           -8.6            4.6
    2455757.974           -0.4            5.0
    2455803.919           16.8            4.3
    2455806.936            1.6            4.3
    2455828.781           19.0            4.2
    2455831.849           12.2            5.1
    2455861.842           17.5            4.2
    2455864.796           14.5            4.4
    2455892.745            5.3            4.9
