    2451745.994          -12.9            4.3
    2451778.895           16.2            3.7
    2451808.867            2.6            3.6
    2451853.766           -2.1            4.1
    2451856.801           13.2            4.6
    2451898.637            8.5            8.0
    2451932.609            1.3            3.9
    2452163.861            6.4            4.9
    2452175.851           -1.3            4.0
    2452307.598           -5.1            4.5
    2452465.989           19.9            5.3
    2452483.985           12.4            5.0
    2452494.987           -8.3            5.0
    2452517.936           -1.5            5.2
     2452528.91           -6.3            5.2
     2452530.91           10.9            4.5
    2452541.904          -12.0            4.5
    2452543.883            2.6            5.0
    2452559.914           -3.5            6.4
    2452561.795            6.7            8.4
    2452571.791            4.9            5.0
     2452589.81            5.7            5.7
    2452603.782            8.4            4.9
    2452605.724           23.3            4.8
    2452616.772           -3.5            5.9
    2452665.604           -5.5            4.2
    2452668.611            3.0            5.3
    2452837.972          -10.2            5.4
    2452861.963           -8.6            4.1
    2452863.985           14.3            5.2
    2452879.918           15.0            4.2
    2452880.947           13.7            5.0
    2452898.911           -7.7            4.7
    2452900.928            1.4            4.8
    2452932.839           -0.0            4.3
    2452934.804           19.6            4.6
    2452963.753           -0.5            5.2
    2452965.809            8.8            5.4
     2453022.63           -0.4            5.6
     2453208.01           -0.2            3.8
    2453209.978            6.5            3.7
    2453214.961           14.8            4.2
    2453231.961          -11.3            4.0
    2453233.909           -0.2            3.9
     2453235.96          -12.7            4.2
    2453265.899            4.8            3.8
    2453268.919            8.4            4.0
     2453269.81            2.1            3.5
    2453286.828          -15.7            3.8
    2453324.713            6.2            5.5
    2453354.654            1.9            3.8
    2453400.642           10.5            7.5
    2453550.983            2.1            4.4
    2453578.964          -14.4            4.6
    2453613.923            0.5            4.2
    2453654.771            8.3            4.1
    2453701.724           -8.7            4.6
    2453740.745           11.6            4.7
    2453911.993          -13.9            3.6
    2453917.013           19.6            3.9
    2453934.974            9.3            3.9
    2453968.925            8.2            3.2
    2453981.851           15.6            3.8
    2453985.899           24.9            4.0
    2454055.755           -2.1            3.9
    2454297.975           -0.3            4.1
    2454300.974           15.1            4.0
    2454314.939           23.7            3.6
    2454318.981           21.6            4.2
    2454344.859            0.7            4.3
    2454348.917            1.5            4.0
    2454391.887           -3.7            5.4
    2454394.775           -1.0            4.2
    2454418.777           -2.9            4.5
    2454420.763           18.0            4.2
    2454440.653           21.3            3.4
    2454443.651           -6.5            3.6
    2454481.638           18.9            3.9
    2454503.651            7.0            4.3
    2454645.984           20.7            4.5
    2454646.968           -2.1            4.2
    2454668.009           -0.5            3.7
    2454681.904           -3.9            3.8
     2454683.97           -7.2            3.8
    2454711.893          -11.7            4.1
    2454713.873            5.3            4.2
    2454715.882            2.5            4.6
    2454716.875           23.4            4.1
    2454753.885           20.3            3.6
     2454755.85            4.8            3.8
    2454777.733           12.9            4.1
    2454806.796           -5.7            5.5
     2454808.77           12.4            4.3
    2454809.763            2.1            6.1
    2455026.973           -4.5            5.7
    2455063.965           19.2            5.0
    2455099.996            8.7            4.9
    2455116.856           14.6            6.8
    2455154.739           12.6            7.6
    2455174.788           -7.5            5.8
    2455364.972            4.7            5.0
    2455419.012            7.9            4.7
    2455446.847            1.4            3.6
    2455446.856            1.2            3.1
    2455463.833           10.0            5.2
    2455466.842          -16.3            4.8
    2455569.653           20.7            4.1
    2455571.713           -1.9            4.6
    2455572.671           -5.7            4.8
    2455621.621           15.2            4.6
    2455757.974            0.8            5.0
    2455803.919            1.1            4.3
    2455806.936           10.3            4.3
    2455828.781            7.3            4.2
    2455831.849           22.0            5.1
    2455861.842           17.3            4.2
    2455864.796          -10.1            4.4
    2455892.745            6.0            4.9
