    2451745.994            2.6            4.3
    2451778.895           10.0            3.7
    2451808.867           14.3            3.6
    2451853.766           14.4            4.1
    2451856.801           21.1            4.6
    2451898.637           23.9            8.0
    2451932.609           11.6            3.9
    2452163.861            9.6            4.9
    2452175.851           14.2            4.0
    2452307.598           12.4            4.5
    2452465.989            2.6            5.3
    2452483.985            1.1            5.0
    2452494.987            1.1            5.0
    2452517.936            2.8            5.2
     2452528.91           13.8            5.2
     2452530.91            8.5            4.5
    2452541.904            5.8            4.5
    2452543.883           11.1            5.0
    2452559.914           13.7            6.4
    2452561.795           27.1            8.4
    2452571.791           16.1            5.0
     2452589.81           13.5            5.7
    2452603.782           20.9            4.9
    2452605.724           19.1            4.8
    2452616.772           17.3            5.9
    2452665.604           13.5            4.2
    2452668.611           17.3            5.3
    2452837.972            1.8            5.4
    2452861.963           -2.2            4.1
    2452863.985            0.4            5.2
    2452879.918            9.0            4.2
    2452880.947            8.4            5.0
    2452898.911            5.3            4.7
    2452900.928           11.8            4.8
    2452932.839            8.1            4.3
    2452934.804           10.4            4.6
    2452963.753           12.3            5.2
    2452965.809           18.2            5.4
     2453022.63           12.2            5.6
     2453208.01            2.0            3.8
    2453209.978            7.0            3.7
    2453214.961            7.8            4.2
    2453231.961            9.3            4.0
    2453233.909           15.0            3.9
     2453235.96            4.2            4.2
    2453265.899            5.9            3.8
    2453268.919           14.2            4.0
     2453269.81           17.0            3.5
    2453286.828           14.3            3.8
    2453324.713           14.2            5.5
    2453354.654            7.2            3.8
    2453400.642           15.1            7.5
    2453550.983            6.3            4.4
    2453578.964            4.1            4.6
    2453613.923            8.9            4.2
    2453654.771           24.0            4.1
    2453701.724           19.8            4.6
    2453740.745           12.0            4.7
    2453911.993           -0.9            3.6
    2453917.013           -3.0            3.9
    2453934.974            4.2            3.9
    2453968.925           14.3            3.2
    2453981.851           13.4            3.8
    2453985.899           12.0            4.0
    2454055.755           14.5            3.9
    2454297.975            4.5            4.1
    2454300.974           11.0            4.0
    2454314.939            3.1            3.6
    2454318.981            9.2            4.2
    2454344.859            2.7            4.3
    2454348.917            6.5            4.0
    2454391.887           12.1            5.4
    2454394.775           22.9            4.2
    2454418.777           20.5            4.5
    2454420.763           16.7            4.2
    2454440.653           11.8            3.4
    2454443.651           15.9            3.6
    2454481.638            6.3            3.9
    2454503.651           18.0            4.3
    2454645.984           10.6            4.5
    2454646.968            7.1            4.2
    2454668.009            5.2            3.7
    2454681.904            9.0            3.8
     2454683.97            2.2            3.8
    2454711.893           10.2            4.1
    2454713.873           13.0            4.2
    2454715.882           18.3            4.6
    2454716.875           14.9            4.1
    2454753.885            8.6            3.6
     2454755.85           14.5            3.8
    2454777.733           11.6            4.1
    2454806.796           12.5            5.5
     2454808.77           14.1            4.3
    2454809.763           20.9            6.1
    2455026.973            5.5            5.7
    2455063.965           10.4            5.0
    2455099.996            6.3            4.9
    2455116.856            6.8            6.8
    2455154.739           22.1            7.6
    2455174.788           19.2            5.8
    2455364.972            1.6            5.0
    2455419.012            2.7            4.7
    2455446.847            9.7            3.6
    2455446.856            8.7            3.1
    2455463.833           14.5            5.2
    2455466.842            8.6            4.8
    2455569.653           19.3            4.1
    2455571.713           13.5            4.6
    2455572.671           10.6            4.8
    2455621.621           13.9            4.6
    2455757.974            4.5            5.0
    2455803.919            8.4            4.3
    2455806.936           16.4            4.3
    2455828.781           12.1            4.2
    2455831.849           14.5            5.1
    2455861.842            6.9            4.2
    2455864.796           11.3            4.4
    2455892.745            8.7            4.9
