    2451745.994          -14.9            4.3
    2451778.895           -3.1            3.7
    2451808.867            5.5            3.6
    2451853.766           -3.4            4.1
    2451856.801           -4.8            4.6
    2451898.637           -7.3            8.0
    2451932.609           -0.0            3.9
    2452163.861            7.2            4.9
    2452175.851           15.5            4.0
    2452307.598           11.7            4.5
    2452465.989            3.4            5.3
    2452483.985           15.2            5.0
    2452494.987            7.3            5.0
    2452517.936           -2.2            5.2
     2452528.91            3.2            5.2
     2452530.91          -12.6            4.5
    2452541.904          -12.2            4.5
    2452543.883            1.9            5.0
    2452559.914            7.8            6.4
    2452561.795           -6.8            8.4
    2452571.791            2.2            5.0
     2452589.81           10.1            5.7
    2452603.782            1.2            4.9
    2452605.724            4.5            4.8
    2452616.772            5.9            5.9
    2452665.604           19.4            4.2
    2452668.611           12.5            5.3
    2452837.972           -1.3            5.4
    2452861.963            7.8            4.1
    2452863.985           14.6            5.2
    2452879.918          -10.9            4.2
    2452880.947            4.5            5.0
    2452898.911            2.7            4.7
    2452900.928          -10.8            4.8
    2452932.839           -8.1            4.3
    2452934.804            2.0            4.6
    2452963.753           -5.6            5.2
    2452965.809            0.8            5.4
     2453022.63           -4.1            5.6
     2453208.01            2.1            3.8
    2453209.978           22.0            3.7
    2453214.961          -10.1            4.2
    2453231.961            9.8            4.0
    2453233.909           15.5            3.9
     2453235.96           -8.3            4.2
    2453265.899           18.3            3.8
    2453268.919            2.8            4.0
     2453269.81           -5.9            3.5
    2453286.828           20.3            3.8
    2453324.713           -2.2            5.5
    2453354.654           -7.7            3.8
    2453400.642           -3.3            7.5
    2453550.983            6.7            4.4
    2453578.964           17.2            4.6
    2453613.923           12.3            4.2
    2453654.771           -0.5            4.1
    2453701.724           16.5            4.6
    2453740.745            8.8            4.7
    2453911.993           -8.1            3.6
    2453917.013            9.7            3.9
    2453934.974           -1.2            3.9
    2453968.925           -5.6            3.2
    2453981.851           12.5            3.8
    2453985.899           -5.9            4.0
    2454055.755           -0.7            3.9
    2454297.975           14.9            4.1
    2454300.974           -0.6            4.0
    2454314.939           -6.0            3.6
    2454318.981           20.3            4.2
    2454344.859            3.5            4.3
    2454348.917           -4.0            4.0
    2454391.887           -2.9            5.4
    2454394.775            6.1            4.2
    2454418.777            2.3            4.5
    2454420.763            4.7            4.2
    2454440.653           10.2            3.4
    2454443.651           -9.8            3.6
    2454481.638            7.8            3.9
    2454503.651           14.1            4.3
    2454645.984           11.4            4.5
    2454646.968           20.8            4.2
    2454668.009           21.1            3.7
    2454681.904            7.2            3.8
     2454683.97          -11.5            3.8
    2454711.893            6.0            4.1
    2454713.873           10.8            4.2
    2454715.882          -13.1            4.6
    2454716.875           -5.9            4.1
    2454753.885            1.2            3.6
     2454755.85           16.2            3.8
    2454777.733           12.7            4.1
    2454806.796            1.4            5.5
     2454808.77           17.3            4.3
    2454809.763           11.5            6.1
    2455026.973           13.2            5.7
    2455063.965          -10.1            5.0
    2455099.996           -4.2            4.9
    2455116.856            4.5            6.8
    2455154.739            4.8            7.6
    2455174.788            2.3            5.8
    2455364.972            5.0            5.0
    2455419.012           25.1            4.7
    2455446.847            2.3            3.6
    2455446.856            1.8            3.1
    2455463.833           22.0            5.2
    2455466.842            0.1            4.8
    2455569.653           11.0            4.1
    2455571.713           15.8            4.6
    2455572.671           16.7            4.8
    2455621.621            5.1            4.6
    2455757.974           18.3            5.0
    2455803.919           -5.9            4.3
    2455806.936            2.1            4.3
    2455828.781          -11.7            4.2
    2455831.849            7.6            5.1
    2455861.842            4.7            4.2
    2455864.796           12.6            4.4
    2455892.745            0.1            4.9
