    2451745.994           -8.3            4.3
    2451778.895          -18.4            3.7
    2451808.867           -2.5            3.6
    2451853.766           -0.4            4.1
    2451856.801           31.4            4.6
    2451898.637           20.7            8.0
    2451932.609           21.1            3.9
    2452163.861           -8.4            4.9
    2452175.851          -16.2            4.0
    2452307.598           14.4            4.5
    2452465.989           17.1            5.3
    2452483.985            6.8            5.0
    2452494.987            4.3            5.0
    2452517.936           -9.1            5.2
     2452528.91           27.3            5.2
     2452530.91           -8.8            4.5
    2452541.904           14.2            4.5
    2452543.883          -21.4            5.0
    2452559.914            2.5            6.4
    2452561.795           12.9            8.4
    2452571.791           13.2            5.0
     2452589.81           -8.9            5.7
    2452603.782           12.9            4.9
    2452605.724            2.5            4.8
    2452616.772           13.3            5.9
    2452665.604           -2.0            4.2
    2452668.611            4.3            5.3
    2452837.972           30.4            5.4
    2452861.963           -3.0            4.1
    2452863.985           22.6            5.2
    2452879.918           15.3            4.2
    2452880.947           -4.2            5.0
    2452898.911          -20.0            4.7
    2452900.928           25.4            4.8
    2452932.839           -6.1            4.3
    2452934.804           16.6            4.6
    2452963.753           20.7            5.2
    2452965.809           -6.1            5.4
     2453022.63           17.3            5.6
     2453208.01          -13.5            3.8
    2453209.978            8.5            3.7
    2453214.961           -7.9            4.2
    2453231.961           11.5            4.0
    2453233.909            1.8            3.9
     2453235.96           -1.4            4.2
    2453265.899           -2.8            3.8
    2453268.919           30.1            4.0
     2453269.81           -7.1            3.5
    2453286.828            3.7            3.8
    2453324.713           -9.2            5.5
    2453354.654            2.7            3.8
    2453400.642          -12.1            7.5
    2453550.983            4.8            4.4
    2453578.964            3.4            4.6
    2453613.923           -2.6            4.2
    2453654.771           -2.6            4.1
    2453701.724           -3.8            4.6
    2453740.745           19.0            4.7
    2453911.993            4.1            3.6
    2453917.013          -10.2            3.9
    2453934.974          -12.9            3.9
    2453968.925           -1.7            3.2
    2453981.851            7.4            3.8
    2453985.899            8.5            4.0
    2454055.755          -14.1            3.9
    2454297.975          -15.4            4.1
    2454300.974            0.5            4.0
    2454314.939           -3.5            3.6
    2454318.981          -20.1            4.2
    2454344.859           -0.0            4.3
    2454348.917           -9.7            4.0
    2454391.887            5.8            5.4
    2454394.775          -14.2            4.2
    2454418.777            1.9            4.5
    2454420.763           -0.5            4.2
    2454440.653          -12.1            3.4
    2454443.651           -1.1            3.6
    2454481.638            5.6            3.9
    2454503.651          -12.4            4.3
    2454645.984            6.0            4.5
    2454646.968            8.6            4.2
    2454668.009           22.4            3.7
    2454681.904          -10.7            3.8
     2454683.97            8.2            3.8
    2454711.893           -3.1            4.1
    2454713.873           15.3            4.2
    2454715.882          -16.1            4.6
    2454716.875           12.7            4.1
    2454753.885           -2.1            3.6
     2454755.85           28.6            3.8
    2454777.733           -1.7            4.1
    2454806.796            6.5            5.5
     2454808.77           -9.3            4.3
    2454809.763            9.8            6.1
    2455026.973           21.5            5.7
    2455063.965           11.9            5.0
    2455099.996            2.5            4.9
    2455116.856           -2.8            6.8
    2455154.739          -11.6            7.6
    2455174.788            6.1            5.8
    2455364.972           19.2            5.0
    2455419.012           17.2            4.7
    2455446.847          -13.1            3.6
    2455446.856          -13.6            3.1
    2455463.833           -1.2            5.2
    2455466.842            4.1            4.8
    2455569.653            8.4            4.1
    2455571.713            0.0            4.6
    2455572.671          -15.4            4.8
    2455621.621            9.1            4.6
    2455757.974           19.5            5.0
    2455803.919           15.2            4.3
    2455806.936           -9.8            4.3
    2455828.781           23.2            4.2
    2455831.849            2.4            5.1
    2455861.842           -3.6            4.2
    2455864.796          -15.5            4.4
    2455892.745            9.5            4.9
