    2451745.994          -12.7            4.3
    2451778.895           -6.1            3.7
    2451808.867           17.4            3.6
    2451853.766            9.2            4.1
    2451856.801          -18.2            4.6
    2451898.637          -10.6            8.0
    2451932.609           14.9            3.9
    2452163.861           29.9            4.9
    2452175.851            3.2            4.0
    2452307.598           -5.7            4.5
    2452465.989           26.0            5.3
    2452483.985           24.2            5.0
    2452494.987           32.7            5.0
    2452517.936           -4.6            5.2
     2452528.91           -8.8            5.2
     2452530.91           -5.7            4.5
    2452541.904            2.3            4.5
    2452543.883           23.2            5.0
    2452559.914           -4.6            6.4
    2452561.795           12.2            8.4
    2452571.791           -9.2            5.0
     2452589.81           -3.0            5.7
    2452603.782           16.5            4.9
    2452605.724           25.5            4.8
    2452616.772           27.2            5.9
    2452665.604           23.2            4.2
    2452668.611            2.3            5.3
    2452837.972            0.4            5.4
    2452861.963          -19.1            4.1
    2452863.985           -6.7            5.2
    2452879.918           -6.6            4.2
    2452880.947           15.2            5.0
    2452898.911           31.4            4.7
    2452900.928           16.8            4.8
    2452932.839           -9.8            4.3
    2452934.804            7.8            4.6
    2452963.753            0.7            5.2
    2452965.809           17.6            5.4
     2453022.63           -4.2            5.6
     2453208.01           10.5            3.8
    2453209.978           24.9            3.7
    2453214.961          -16.1            4.2
    2453231.961           18.6            4.0
    2453233.909            4.8            3.9
     2453235.96            0.8            4.2
    2453265.899          -10.2            3.8
    2453268.919            7.9            4.0
     2453269.81           29.7            3.5
    2453286.828            2.3            3.8
    2453324.713            2.1            5.5
    2453354.654           -8.1            3.8
    2453400.642           33.0            7.5
    2453550.983           14.0            4.4
    2453578.964           -9.3            4.6
    2453613.923           20.6            4.2
    2453654.771          -10.0            4.1
    2453701.724            3.3            4.6
    2453740.745           14.0            4.7
    2453911.993            1.1            3.6
    2453917.013           -9.0            3.9
    2453934.974           10.8            3.9
    2453968.925            4.1            3.2
    2453981.851           10.3            3.8
    2453985.899            0.0            4.0
    2454055.755           27.6            3.9
    2454297.975           12.6            4.1
    2454300.974          -18.5            4.0
    2454314.939           24.6            3.6
    2454318.981           -0.2            4.2
    2454344.859           -0.5            4.3
    2454348.917            7.9            4.0
    2454391.887          -20.6            5.4
    2454394.775           13.4            4.2
    2454418.777           -5.5            4.5
    2454420.763          -22.1            4.2
    2454440.653          -16.0            3.4
    2454443.651            9.7            3.6
    2454481.638            7.5            3.9
    2454503.651           10.5            4.3
    2454645.984           25.3            4.5
    2454646.968            2.5            4.2
    2454668.009           26.1            3.7
    2454681.904            5.8            3.8
     2454683.97            7.1            3.8
    2454711.893           -5.5            4.1
    2454713.873          -17.6            4.2
    2454715.882           -9.3            4.6
    2454716.875           23.8            4.1
    2454753.885          -22.3            3.6
     2454755.85          -15.7            3.8
    2454777.733            5.1            4.1
    2454806.796          -10.1            5.5
     2454808.77            6.3            4.3
    2454809.763           13.1            6.1
    2455026.973           -9.6            5.7
    2455063.965           -1.4            5.0
    2455099.996            2.5            4.9
    2455116.856            9.1            6.8
    2455154.739           10.6            7.6
    2455174.788            4.8            5.8
    2455364.972           12.9            5.0
    2455419.012            6.4            4.7
    2455446.847           -7.2            3.6
    2455446.856           -7.4            3.1
    2455463.833            4.8            5.2
    2455466.842           -2.8            4.8
    2455569.653            6.8            4.1
    2455571.713           19.4            4.6
    2455572.671           -2.6            4.8
    2455621.621           -5.5            4.6
    2455757.974            9.7            5.0
    2455803.919            1.7            4.3
    2455806.936           25.7            4.3
    2455828.781            0.3            4.2
    2455831.849            8.4            5.1
    2455861.842           -7.4            4.2
    2455864.796           32.9            4.4
    2455892.745          -11.4            4.9
