    2451745.994            3.4            4.3
    2451778.895            4.3            3.7
    2451808.867           -5.0            3.6
    2451853.766           -3.4            4.1
    2451856.801            7.7            4.6
    2451898.637            2.2            8.0
    2451932.609            2.2            3.9
    2452163.861            6.4            4.9
    2452175.851            6.7            4.0
    2452307.598            8.9            4.5
    2452465.989            4.9            5.3
    2452483.985            2.2            5.0
    2452494.987           -1.7            5.0
    2452517.936            7.1            5.2
     2452528.91            4.7            5.2
     2452530.91           10.0            4.5
    2452541.904            4.6            4.5
    2452543.883           -4.6            5.0
    2452559.914            0.9            6.4
    2452561.795            7.4            8.4
    2452571.791           14.5            5.0
     2452589.81            4.5            5.7
    2452603.782            4.6            4.9
    2452605.724            9.3            4.8
    2452616.772            8.3            5.9
    2452665.604            6.8            4.2
    2452668.611            4.5            5.3
    2452837.972            4.9            5.4
    2452861.963            0.1            4.1
    2452863.985           -1.0            5.2
    2452879.918           -4.4            4.2
    2452880.947           15.3            5.0
    2452898.911           10.0            4.7
    2452900.928           18.8            4.8
    2452932.839            4.1            4.3
    2452934.804           14.4            4.6
    2452963.753            8.0            5.2
    2452965.809            4.2            5.4
     2453022.63            2.3            5.6
     2453208.01            6.3            3.8
    2453209.978           14.6            3.7
    2453214.961            4.7            4.2
    2453231.961            8.8            4.0
    2453233.909           -4.5            3.9
     2453235.96            3.8            4.2
    2453265.899           12.0            3.8
    2453268.919            9.1            4.0
     2453269.81            7.1            3.5
    2453286.828            0.8            3.8
    2453324.713            3.3            5.5
    2453354.654          -11.3            3.8
    2453400.642           12.8            7.5
    2453550.983            4.3            4.4
    2453578.964            5.1            4.6
    2453613.923            7.6            4.2
    2453654.771            2.2            4.1
    2453701.724           -5.9            4.6
    2453740.745           11.5            4.7
    2453911.993           -2.0            3.6
    2453917.013           -7.6            3.9
    2453934.974           -4.5            3.9
    2453968.925            0.2            3.2
    2453981.851            0.4            3.8
    2453985.899            9.6            4.0
    2454055.755           -8.8            3.9
    2454297.975           -4.5            4.1
    2454300.974            3.1            4.0
    2454314.939           11.8            3.6
    2454318.981           12.5            4.2
    2454344.859            3.6            4.3
    2454348.917            4.2            4.0
    2454391.887           -8.2            5.4
    2454394.775            4.2            4.2
    2454418.777           -3.9            4.5
    2454420.763           -3.4            4.2
    2454440.653           -6.1            3.4
    2454443.651           -4.0            3.6
    2454481.638           -8.7            3.9
    2454503.651            2.3            4.3
    2454645.984           17.1            4.5
    2454646.968            1.0            4.2
    2454668.009            5.4            3.7
    2454681.904            4.1            3.8
     2454683.97           14.6            3.8
    2454711.893           -4.9            4.1
    2454713.873            9.9            4.2
    2454715.882            5.3            4.6
    2454716.875            0.6            4.1
    2454753.885            5.7            3.6
     2454755.85           15.5            3.8
    2454777.733            9.4            4.1
    2454806.796            1.3            5.5
     2454808.77           -0.3            4.3
    2454809.763            4.3            6.1
    2455026.973           16.0            5.7
    2455063.965            3.6            5.0
    2455099.996           -4.0            4.9
    2455116.856           15.5            6.8
    2455154.739           17.3            7.6
    2455174.788           14.6            5.8
    2455364.972            9.0            5.0
    2455419.012           12.9            4.7
    2455446.847           -5.0            3.6
    2455446.856           -5.6            3.1
    2455463.833           18.1            5.2
    2455466.842           -1.7            4.8
    2455569.653            3.2            4.1
    2455571.713           -0.1            4.6
    2455572.671            1.3            4.8
    2455621.621           -1.6            4.6
    2455757.974           -0.7            5.0
    2455803.919           13.7            4.3
    2455806.936            7.4            4.3
    2455828.781           10.6            4.2
    2455831.849            0.8            5.1
    2455861.842            0.8            4.2
    2455864.796           10.1            4.4
    2455892.745           -3.5            4.9
