    2451745.994          -24.4            4.3
    2451778.895           10.2            3.7
    2451808.867           19.4            3.6
    2451853.766          -11.5            4.1
    2451856.801          -13.1            4.6
    2451898.637           -6.4            8.0
    2451932.609           -4.5            3.9
    2452163.861           20.9            4.9
    2452175.851            9.8            4.0
    2452307.598           22.4            4.5
    2452465.989           15.4            5.3
    2452483.985           17.8            5.0
    2452494.987            0.7            5.0
    2452517.936           17.1            5.2
     2452528.91            0.8            5.2
     2452530.91           11.7            4.5
    2452541.904          -14.7            4.5
    2452543.883           -0.1            5.0
    2452559.914           -4.1            6.4
    2452561.795            6.7            8.4
    2452571.791           -7.4            5.0
     2452589.81           10.7            5.7
    2452603.782           12.3            4.9
    2452605.724          -13.4            4.8
    2452616.772           25.7            5.9
    2452665.604           23.6            4.2
    2452668.611           18.1            5.3
    2452837.972           -2.3            5.4
    2452861.963          -12.0            4.1
    2452863.985           25.9            5.2
    2452879.918            2.0            4.2
    2452880.947          -15.6            5.0
    2452898.911          -13.8            4.7
    2452900.928           11.9            4.8
    2452932.839           -5.5            4.3
    2452934.804           12.0            4.6
    2452963.753          -11.3            5.2
    2452965.809           -0.2            5.4
     2453022.63           17.9            5.6
     2453208.01           -8.9            3.8
    2453209.978            2.7            3.7
    2453214.961           27.1            4.2
    2453231.961          -15.7            4.0
    2453233.909           23.0            3.9
     2453235.96           -0.4            4.2
    2453265.899          -27.2            3.8
    2453268.919          -12.3            4.0
     2453269.81            6.9            3.5
    2453286.828           -6.6            3.8
    2453324.713           14.5            5.5
    2453354.654          -13.4            3.8
    2453400.642            1.2            7.5
    2453550.983           18.9            4.4
    2453578.964           12.6            4.6
    2453613.923            3.3            4.2
    2453654.771          -10.6            4.1
    2453701.724           32.2            4.6
    2453740.745           -6.9            4.7
    2453911.993           19.0            3.6
    2453917.013           -7.4            3.9
    2453934.974           -7.5            3.9
    2453968.925           -7.8            3.2
    2453981.851            5.4            3.8
    2453985.899           14.6            4.0
    2454055.755            9.7            3.9
    2454297.975           11.6            4.1
    2454300.974           19.7            4.0
    2454314.939           -2.2            3.6
    2454318.981           22.3            4.2
    2454344.859          -15.1            4.3
    2454348.917            5.6            4.0
    2454391.887           10.1            5.4
    2454394.775           -0.5            4.2
    2454418.777          -14.6            4.5
    2454420.763            2.1            4.2
    2454440.653           -4.0            3.4
    2454443.651           -6.5            3.6
    2454481.638            8.9            3.9
    2454503.651            5.1            4.3
    2454645.984           16.3            4.5
    2454646.968            2.6            4.2
    2454668.009           11.2            3.7
    2454681.904            9.2            3.8
     2454683.97            0.0            3.8
    2454711.893           -6.3            4.1
    2454713.873           13.8            4.2
    2454715.882           13.7            4.6
    2454716.875           16.3            4.1
    2454753.885           23.2            3.6
     2454755.85            0.9            3.8
    2454777.733           20.5            4.1
    2454806.796           -4.7            5.5
     2454808.77           11.8            4.3
    2454809.763           -3.3            6.1
    2455026.973           -5.9            5.7
    2455063.965          -19.9            5.0
    2455099.996            8.8            4.9
    2455116.856           16.2            6.8
    2455154.739           11.8            7.6
    2455174.788          -10.7            5.8
    2455364.972            5.4            5.0
    2455419.012           -8.0            4.7
    2455446.847           19.7            3.6
    2455446.856           18.8            3.1
    2455463.833          -17.2            5.2
    2455466.842           -5.6            4.8
    2455569.653           20.7            4.1
    2455571.713          -20.2            4.6
    2455572.671           13.0            4.8
    2455621.621            8.8            4.6
    2455757.974           -9.6            5.0
    2455803.919           -6.2            4.3
    2455806.936          -16.7            4.3
    2455828.781            9.7            4.2
    2455831.849            0.8            5.1
    2455861.842          -10.7            4.2
    2455864.796          -17.1            4.4
    2455892.745           -4.1            4.9
