    2451745.994           -6.4            4.3
    2451778.895            8.7            3.7
    2451808.867           -7.3            3.6
    2451853.766           13.2            4.1
    2451856.801            0.8            4.6
    2451898.637           13.1            8.0
    2451932.609           -3.2            3.9
    2452163.861           -0.3            4.9
    2452175.851            4.2            4.0
    2452307.598           -4.9            4.5
    2452465.989           -5.5            5.3
    2452483.985           -1.4            5.0
    2452494.987           13.7            5.0
    2452517.936            7.6            5.2
     2452528.91           -5.7            5.2
     2452530.91           12.0            4.5
    2452541.904           -5.8            4.5
    2452543.883           14.8            5.0
    2452559.914           -3.8            6.4
    2452561.795           19.1            8.4
    2452571.791           -4.7            5.0
     2452589.81           -2.8            5.7
    2452603.782           -7.8            4.9
    2452605.724           16.0            4.8
    2452616.772            1.4            5.9
    2452665.604           -1.2            4.2
    2452668.611           13.4            5.3
    2452837.972           11.4            5.4
    2452861.963           -1.6            4.1
    2452863.985           15.6            5.2
    2452879.918           -6.2            4.2
    2452880.947            1.6            5.0
    2452898.911           -4.4            4.7
    2452900.928           16.1            4.8
    2452932.839           13.0            4.3
    2452934.804          -10.5            4.6
    2452963.753            9.5            5.2
    2452965.809           -9.9            5.4
     2453022.63            0.6            5.6
     2453208.01            8.6            3.8
    2453209.978            2.6            3.7
    2453214.961           15.5            4.2
    2453231.961            1.0            4.0
    2453233.909           13.0            3.9
     2453235.96           -5.7            4.2
    2453265.899            5.2            3.8
    2453268.919            1.5            4.0
     2453269.81           13.4            3.5
    2453286.828           -1.6            3.8
    2453324.713           10.6            5.5
    2453354.654           -5.1            3.8
    2453400.642           19.4            7.5
    2453550.983           -0.5            4.4
    2453578.964           11.1            4.6
    2453613.923            3.4            4.2
    2453654.771           -3.9            4.1
    2453701.724           19.3            4.6
    2453740.745            8.4            4.7
    2453911.993           -0.4            3.6
    2453917.013           15.1            3.9
    2453934.974           16.8            3.9
    2453968.925          -10.4            3.2
    2453981.851           -5.6            3.8
    2453985.899           13.1            4.0
    2454055.755          -13.2            3.9
    2454297.975           10.5            4.1
    2454300.974           -7.2            4.0
    2454314.939           -2.6            3.6
    2454318.981            4.7            4.2
    2454344.859           -9.0            4.3
    2454348.917           10.2            4.0
    2454391.887           18.2            5.4
    2454394.775           -8.6            4.2
    2454418.777           -4.2            4.5
    2454420.763            6.2            4.2
    2454440.653           14.5            3.4
    2454443.651           -8.9            3.6
    2454481.638           -6.0            3.9
    2454503.651           15.8            4.3
    2454645.984          -10.6            4.5
    2454646.968           -2.3            4.2
    2454668.009           13.7            3.7
    2454681.904           -3.8            3.8
     2454683.97           -9.9            3.8
    2454711.893           15.5            4.1
    2454713.873           -5.2            4.2
    2454715.882            5.6            4.6
    2454716.875           15.1            4.1
    2454753.885           10.8            3.6
     2454755.85           10.5            3.8
    2454777.733            4.3            4.1
    2454806.796           -2.6            5.5
     2454808.77           -3.0            4.3
    2454809.763           14.5            6.1
    2455026.973            0.6            5.7
    2455063.965            4.4            5.0
    2455099.996           19.3            4.9
    2455116.856            9.8            6.8
    2455154.739           16.4            7.6
    2455174.788           13.7            5.8
    2455364.972            1.2            5.0
    2455419.012           13.3            4.7
    2455446.847           -4.5            3.6
    2455446.856           -5.0            3.1
    2455463.833            7.7            5.2
    2455466.842            2.9            4.8
    2455569.653           -2.2            4.1
    2455571.713           -9.0            4.6
    2455572.671            6.6            4.8
    2455621.621           -5.0            4.6
    2455757.974           14.1            5.0
    2455803.919           -6.1            4.3
    2455806.936           12.6            4.3
    2455828.781           -4.2            4.2
    2455831.849           15.9            5.1
    2455861.842            7.2            4.2
    2455864.796           -0.4            4.4
    2455892.745           10.6            4.9
