    2451745.994            1.1            4.3
    2451778.895            8.0            3.7
    2451808.867           -1.9            3.6
    2451853.766            2.0            4.1
    2451856.801           10.1            4.6
    2451898.637           10.8            8.0
    2451932.609            2.9            3.9
    2452163.861            6.3            4.9
    2452175.851           -0.9            4.0
    2452307.598            1.9            4.5
    2452465.989            7.8            5.3
    2452483.985            9.1            5.0
    2452494.987            8.6            5.0
    2452517.936            5.9            5.2
     2452528.91           10.7            5.2
     2452530.91            4.2            4.5
    2452541.904           -1.1            4.5
    2452543.883            4.8            5.0
    2452559.914            1.4            6.4
    2452561.795            9.9            8.4
    2452571.791           10.2            5.0
     2452589.81           11.4            5.7
    2452603.782            0.4            4.9
    2452605.724            7.4            4.8
    2452616.772           10.6            5.9
    2452665.604            2.0            4.2
    2452668.611           10.9            5.3
    2452837.972            0.3            5.4
    2452861.963            6.5            4.1
    2452863.985            0.4            5.2
    2452879.918            4.8            4.2
    2452880.947            1.6            5.0
    2452898.911           -0.1            4.7
    2452900.928            1.2            4.8
    2452932.839            2.7            4.3
    2452934.804           -1.0            4.6
    2452963.753            8.2            5.2
    2452965.809           10.5            5.4
     2453022.63            0.7            5.6
     2453208.01            6.1            3.8
    2453209.978            9.1            3.7
    2453214.961           -0.1            4.2
    2453231.961           -1.2            4.0
    2453233.909            5.1            3.9
     2453235.96            9.8            4.2
    2453265.899           -1.5            3.8
    2453268.919            5.6            4.0
     2453269.81            8.1            3.5
    2453286.828            6.9            3.8
    2453324.713            7.7            5.5
    2453354.654           -0.4            3.8
    2453400.642           11.7            7.5
    2453550.983            8.9            4.4
    2453578.964            2.5            4.6
    2453613.923            2.0            4.2
    2453654.771            9.8            4.1
    2453701.724            0.7            4.6
    2453740.745            7.8            4.7
    2453911.993           -1.8            3.6
    2453917.013            9.4            3.9
    2453934.974            8.7            3.9
    2453968.925            8.8            3.2
    2453981.851           -1.7            3.8
    2453985.899            9.1            4.0
    2454055.755            8.9            3.9
    2454297.975            1.4            4.1
    2454300.974            9.6            4.0
    2454314.939           -0.7            3.6
    2454318.981            9.2            4.2
    2454344.859            9.7            4.3
    2454348.917           -1.7            4.0
    2454391.887            0.3            5.4
    2454394.775            4.4            4.2
    2454418.777           -1.1            4.5
    2454420.763            3.7            4.2
    2454440.653            9.0            3.4
    2454443.651            0.1            3.6
    2454481.638            2.4            3.9
    2454503.651            5.1            4.3
    2454645.984           -1.1            4.5
    2454646.968            0.7            4.2
    2454668.009            9.1            3.7
    2454681.904            0.4            3.8
     2454683.97            8.0            3.8
    2454711.893            9.1            4.1
    2454713.873            2.2            4.2
    2454715.882           -0.8            4.6
    2454716.875            0.9            4.1
    2454753.885            8.1            3.6
     2454755.85            8.0            3.8
    2454777.733            0.0            4.1
    2454806.796           10.9            5.5
     2454808.77            6.7            4.3
    2454809.763            4.5            6.1
    2455026.973            8.2            5.7
    2455063.965            0.2            5.0
    2455099.996           -0.6            4.9
    2455116.856            1.2            6.8
    2455154.739            9.6            7.6
    2455174.788           10.3            5.8
    2455364.972            9.4            5.0
    2455419.012            9.6            4.7
    2455446.847            2.9            3.6
    2455446.856            2.3            3.1
    2455463.833            6.4            5.2
    2455466.842           -0.4            4.8
    2455569.653            1.2            4.1
    2455571.713           -0.5            4.6
    2455572.671            2.5            4.8
    2455621.621            3.1            4.6
    2455757.974            9.7            5.0
    2455803.919            7.0            4.3
    2455806.936           -1.3            4.3
    2455828.781            9.8            4.2
    2455831.849            1.1            5.1
    2455861.842            6.2            4.2
    2455864.796            7.9            4.4
    2455892.745            1.7            4.9
