    2451745.994            4.9            4.3
    2451778.895            9.7            3.7
    2451808.867            7.3            3.6
    2451853.766           12.9            4.1
    2451856.801           12.9            4.6
    2451898.637            8.7            8.0
    2451932.609           -2.9            3.9
    2452163.861           10.0            4.9
    2452175.851           15.7            4.0
    2452307.598            4.8            4.5
    2452465.989           18.4            5.3
    2452483.985            4.3            5.0
    2452494.987            5.4            5.0
    2452517.936           -0.2            5.2
     2452528.91           14.6            5.2
     2452530.91           13.9            4.5
    2452541.904           -0.5            4.5
    2452543.883            4.6            5.0
    2452559.914           -1.2            6.4
    2452561.795            8.4            8.4
    2452571.791           -4.9            5.0
     2452589.81           13.9            5.7
    2452603.782            4.4            4.9
    2452605.724            8.7            4.8
    2452616.772           14.3            5.9
    2452665.604           -3.4            4.2
    2452668.611           -7.5            5.3
    2452837.972            0.1            5.4
    2452861.963            6.3            4.1
    2452863.985           -0.7            5.2
    2452879.918            8.1            4.2
    2452880.947           15.1            5.0
    2452898.911            7.8            4.7
    2452900.928            6.6            4.8
    2452932.839            9.3            4.3
    2452934.804            8.7            4.6
    2452963.753            3.4            5.2
    2452965.809            0.6            5.4
     2453022.63            6.1            5.6
     2453208.01           -7.8            3.8
    2453209.978           -0.4            3.7
    2453214.961           19.3            4.2
    2453231.961           -2.4            4.0
    2453233.909           -5.1            3.9
     2453235.96           14.6            4.2
    2453265.899           12.2            3.8
    2453268.919            2.0            4.0
     2453269.81           -8.7            3.5
    2453286.828            8.1            3.8
    2453324.713           19.8            5.5
    2453354.654           -2.4            3.8
    2453400.642           13.6            7.5
    2453550.983           -8.5            4.4
    2453578.964            8.2            4.6
    2453613.923           -5.2            4.2
    2453654.771            1.0            4.1
    2453701.724           -3.8            4.6
    2453740.745            0.6            4.7
    2453911.993           -0.7            3.6
    2453917.013            9.7            3.9
    2453934.974            4.1            3.9
    2453968.925           -4.6            3.2
    2453981.851            6.3            3.8
    2453985.899           -1.2            4.0
    2454055.755            2.7            3.9
    2454297.975            4.6            4.1
    2454300.974            4.1            4.0
    2454314.939           -3.0            3.6
    2454318.981           12.1            4.2
    2454344.859            6.3            4.3
    2454348.917            4.8            4.0
    2454391.887            3.4            5.4
    2454394.775           -2.2            4.2
    2454418.777            4.8            4.5
    2454420.763            0.9            4.2
    2454440.653           18.3            3.4
    2454443.651            8.2            3.6
    2454481.638            4.4            3.9
    2454503.651            4.3            4.3
    2454645.984            0.5            4.5
    2454646.968            9.0            4.2
    2454668.009            1.0            3.7
    2454681.904           -5.5            3.8
     2454683.97            9.1            3.8
    2454711.893            8.2            4.1
    2454713.873            2.3            4.2
    2454715.882            9.6            4.6
    2454716.875           -5.4            4.1
    2454753.885            8.2            3.6
     2454755.85           -2.9            3.8
    2454777.733            4.2            4.1
    2454806.796           13.7            5.5
     2454808.77            8.2            4.3
    2454809.763           15.2            6.1
    2455026.973           12.7            5.7
    2455063.965           -0.2            5.0
    2455099.996            7.1            4.9
    2455116.856           -1.6            6.8
    2455154.739            5.9            7.6
    2455174.788           15.1            5.8
    2455364.972            0.9            5.0
    2455419.012            0.9            4.7
    2455446.847           15.6            3.6
    2455446.856           14.9            3.1
    2455463.833           -5.3            5.2
    2455466.842           -1.1            4.8
    2455569.653            4.3            4.1
    2455571.713            7.9            4.6
    2455572.671           -7.1            4.8
    2455621.621           12.5            4.6
    2455757.974            7.3            5.0
    2455803.919            0.7            4.3
    2455806.936           -7.5            4.3
    2455828.781           18.1            4.2
    2455831.849            9.1            5.1
    2455861.842           10.2            4.2
    2455864.796           11.6            4.4
    2455892.745           -9.8            4.9
