    2451745.994           10.6            4.3
    2451778.895           -1.1            3.7
    2451808.867           -6.2            3.6
    2451853.766            8.7            4.1
    2451856.801            0.5            4.6
    2451898.637           10.5            8.0
    2451932.609           15.5            3.9
    2452163.861           13.6            4.9
    2452175.851           10.7            4.0
    2452307.598           -1.1            4.5
    2452465.989           -2.1            5.3
    2452483.985           -2.6            5.0
    2452494.987           14.8            5.0
    2452517.936           -1.0            5.2
     2452528.91            3.3            5.2
     2452530.91            4.4            4.5
    2452541.904            6.8            4.5
    2452543.883           12.7            5.0
    2452559.914           10.3            6.4
    2452561.795           19.6            8.4
    2452571.791           12.7            5.0
     2452589.81           17.5            5.7
    2452603.782           16.7            4.9
    2452605.724           14.9            4.8
    2452616.772           -7.9            5.9
    2452665.604            9.6            4.2
    2452668.611           10.0            5.3
    2452837.972           -3.2            5.4
    2452861.963           -4.9            4.1
    2452863.985           -2.7            5.2
    2452879.918           -5.0            4.2
    2452880.947           10.0            5.0
    2452898.911            8.0            4.7
    2452900.928           11.2            4.8
    2452932.839            3.7            4.3
    2452934.804            0.5            4.6
    2452963.753           15.9            5.2
    2452965.809           11.3            5.4
     2453022.63           -0.6            5.6
     2453208.01           -9.3            3.8
    2453209.978           -6.6            3.7
    2453214.961           12.3            4.2
    2453231.961           -1.5            4.0
    2453233.909           -3.7            3.9
     2453235.96           -6.6            4.2
    2453265.899           -5.9            3.8
    2453268.919            7.5            4.0
     2453269.81           -2.1            3.5
    2453286.828            8.0            3.8
    2453324.713           -2.0            5.5
    2453354.654           -3.4            3.8
    2453400.642           -3.1            7.5
    2453550.983            8.4            4.4
    2453578.964           12.0            4.6
    2453613.923           -3.4            4.2
    2453654.771            9.9            4.1
    2453701.724            4.2            4.6
    2453740.745            3.0            4.7
    2453911.993           12.9            3.6
    2453917.013           -1.1            3.9
    2453934.974           -1.2            3.9
    2453968.925            9.1            3.2
    2453981.851           -1.6            3.8
    2453985.899           -2.5            4.0
    2454055.755           -7.5            3.9
    2454297.975            8.3            4.1
    2454300.974           -2.7            4.0
    2454314.939            0.8            3.6
    2454318.981           -2.6            4.2
    2454344.859            7.0            4.3
    2454348.917            5.6            4.0
    2454391.887           -2.0            5.4
    2454394.775           10.8            4.2
    2454418.777           11.5            4.5
    2454420.763           13.9            4.2
    2454440.653           10.4            3.4
    2454443.651           -3.2            3.6
    2454481.638            5.5            3.9
    2454503.651            6.5            4.3
    2454645.984           12.7            4.5
    2454646.968           -5.8            4.2
    2454668.009           13.3            3.7
    2454681.904            4.0            3.8
     2454683.97           11.7            3.8
    2454711.893            8.8            4.1
    2454713.873            2.8            4.2
    2454715.882            9.5            4.6
    2454716.875            3.1            4.1
    2454753.885           -0.8            3.6
     2454755.85           -1.3            3.8
    2454777.733           -9.0            4.1
    2454806.796           13.0            5.5
     2454808.77           12.6            4.3
    2454809.763           -7.9            6.1
    2455026.973           -6.2            5.7
    2455063.965           17.5            5.0
    2455099.996           17.3            4.9
    2455116.856            6.3            6.8
    2455154.739           14.5            7.6
    2455174.788           15.5            5.8
    2455364.972            0.5            5.0
    2455419.012           -6.5            4.7
    2455446.847           -5.1            3.6
    2455446.856           -5.7            3.1
    2455463.833           15.5            5.2
    2455466.842           -0.8            4.8
    2455569.653           -3.6            4.1
    2455571.713           -7.3            4.6
    2455572.671           11.6            4.8
    2455621.621           -0.4            4.6
    2455757.974            5.1            5.0
    2455803.919            9.7            4.3
    2455806.936           -5.7            4.3
    2455828.781           -8.9            4.2
    2455831.849           10.7            5.1
    2455861.842           14.7            4.2
    2455864.796           -4.6            4.4
    2455892.745            0.9            4.9
