    2451745.994           -9.7            4.3
    2451778.895           17.4            3.7
    2451808.867           -4.6            3.6
    2451853.766           10.2            4.1
    2451856.801           20.1            4.6
    2451898.637           11.2            8.0
    2451932.609           -1.1            3.9
    2452163.861            0.8            4.9
    2452175.851           14.3            4.0
    2452307.598            0.3            4.5
    2452465.989            4.3            5.3
    2452483.985            8.6            5.0
    2452494.987            7.8            5.0
    2452517.936           -2.2            5.2
     2452528.91            1.4            5.2
     2452530.91           19.2            4.5
    2452541.904           16.3            4.5
    2452543.883           -1.1            5.0
    2452559.914           -8.5            6.4
    2452561.795            9.1            8.4
    2452571.791            7.2            5.0
     2452589.81            2.6            5.7
    2452603.782           21.4            4.9
    2452605.724           10.2            4.8
    2452616.772            3.7            5.9
    2452665.604            3.9            4.2
    2452668.611            1.3            5.3
    2452837.972           17.9            5.4
    2452861.963           -0.5            4.1
    2452863.985            9.0            5.2
    2452879.918            0.6            4.2
    2452880.947            4.1            5.0
    2452898.911           -3.6            4.7
    2452900.928           13.7            4.8
    2452932.839            9.2            4.3
    2452934.804           -3.5            4.6
    2452963.753           18.1            5.2
    2452965.809            1.2            5.4
     2453022.63            7.2            5.6
     2453208.01            5.8            3.8
    2453209.978           11.6            3.7
    2453214.961           19.9            4.2
    2453231.961            8.2            4.0
    2453233.909            2.2            3.9
     2453235.96           11.1            4.2
    2453265.899            3.9            3.8
    2453268.919           -3.5            4.0
     2453269.81           -6.6            3.5
    2453286.828            0.2            3.8
    2453324.713            7.5            5.5
    2453354.654            8.3            3.8
    2453400.642           -0.7            7.5
    2453550.983           -0.1            4.4
    2453578.964            3.8            4.6
    2453613.923            2.4            4.2
    2453654.771           -7.4            4.1
    2453701.724            5.4            4.6
    2453740.745           11.6            4.7
    2453911.993           -9.0            3.6
    2453917.013            1.7            3.9
    2453934.974           13.3            3.9
    2453968.925            0.5            3.2
    2453981.851           23.6            3.8
    2453985.899            5.1            4.0
    2454055.755           11.2            3.9
    2454297.975           -0.6            4.1
    2454300.974           19.1            4.0
    2454314.939            9.9            3.6
    2454318.981           -8.5            4.2
    2454344.859          -10.4            4.3
    2454348.917            6.7            4.0
    2454391.887           -1.8            5.4
    2454394.775            9.8            4.2
    2454418.777           -8.7            4.5
    2454420.763            3.5            4.2
    2454440.653           11.9            3.4
    2454443.651          -10.0            3.6
    2454481.638           -2.9            3.9
    2454503.651           17.5            4.3
    2454645.984            3.5            4.5
    2454646.968          -10.6            4.2
    2454668.009           -2.5            3.7
    2454681.904           19.9            3.8
     2454683.97           -2.1            3.8
    2454711.893            5.8            4.1
    2454713.873            3.2            4.2
    2454715.882           -5.2            4.6
    2454716.875            7.2            4.1
    2454753.885           12.7            3.6
     2454755.85           12.1            3.8
    2454777.733           -8.1            4.1
    2454806.796           13.5            5.5
     2454808.77           -2.6            4.3
    2454809.763           -3.1            6.1
    2455026.973            8.0            5.7
    2455063.965           10.1            5.0
    2455099.996           14.5            4.9
    2455116.856            1.6            6.8
    2455154.739            9.1            7.6
    2455174.788           -6.3            5.8
    2455364.972           12.6            5.0
    2455419.012            1.3            4.7
    2455446.847            0.4            3.6
    2455446.856           -0.0            3.1
    2455463.833            9.9            5.2
    2455466.842           -4.2            4.8
    2455569.653            6.7            4.1
    2455571.713           -5.0            4.6
    2455572.671            3.8            4.8
    2455621.621           14.9            4.6
    2455757.974            3.0            5.0
    2455803.919           11.0            4.3
    2455806.936          -14.6            4.3
    2455828.781            9.8            4.2
    2455831.849           -5.1            5.1
    2455861.842           12.4            4.2
    2455864.796            6.9            4.4
    2455892.745           20.3            4.9
