    2451745.994            1.0            4.3
    2451778.895            0.1            3.7
    2451808.867            2.0            3.6
    2451853.766           -8.8            4.1
    2451856.801           -2.9            4.6
    2451898.637           17.6            8.0
    2451932.609            5.4            3.9
    2452163.861           -2.4            4.9
    2452175.851            3.8            4.0
    2452307.598            9.8            4.5
    2452465.989           18.0            5.3
    2452483.985            6.9            5.0
    2452494.987           16.4            5.0
    2452517.936           -8.2            5.2
     2452528.91            7.4            5.2
     2452530.91           -2.9            4.5
    2452541.904            0.1            4.5
    2452543.883            6.9            5.0
    2452559.914            6.4            6.4
    2452561.795           11.1            8.4
    2452571.791            1.1            5.0
     2452589.81           16.9            5.7
    2452603.782           11.9            4.9
    2452605.724           -4.9            4.8
    2452616.772            6.2            5.9
    2452665.604           -7.0            4.2
    2452668.611            6.1            5.3
    2452837.972           -4.7            5.4
    2452861.963            8.5            4.1
    2452863.985           -7.0            5.2
    2452879.918           13.9            4.2
    2452880.947           -8.4            5.0
    2452898.911           -9.6            4.7
    2452900.928            9.4            4.8
    2452932.839           13.7            4.3
    2452934.804           -1.3            4.6
    2452963.753           16.9            5.2
    2452965.809           -5.1            5.4
     2453022.63          -10.4            5.6
     2453208.01            2.8            3.8
    2453209.978            8.4            3.7
    2453214.961            1.0            4.2
    2453231.961            0.2            4.0
    2453233.909           -2.8            3.9
     2453235.96            4.9            4.2
    2453265.899          -13.5            3.8
    2453268.919           -6.3            4.0
     2453269.81           -1.2            3.5
    2453286.828            1.6            3.8
    2453324.713           17.5            5.5
    2453354.654            4.1            3.8
    2453400.642           -9.1            7.5
    2453550.983           -1.7            4.4
    2453578.964           -2.8            4.6
    2453613.923           12.9            4.2
    2453654.771           11.5            4.1
    2453701.724           15.6            4.6
    2453740.745            2.1            4.7
    2453911.993           -4.5            3.6
    2453917.013           12.1            3.9
    2453934.974           18.8            3.9
    2453968.925            3.1            3.2
    2453981.851            3.2            3.8
    2453985.899           -3.7            4.0
    2454055.755           12.8            3.9
    2454297.975           16.1            4.1
    2454300.974            8.7            4.0
    2454314.939           13.0            3.6
    2454318.981           18.8            4.2
    2454344.859            6.9            4.3
    2454348.917            7.6            4.0
    2454391.887           -3.8            5.4
    2454394.775           -6.6            4.2
    2454418.777            6.8            4.5
    2454420.763           -5.3            4.2
    2454440.653            2.1            3.4
    2454443.651           15.5            3.6
    2454481.638            3.9            3.9
    2454503.651           22.4            4.3
    2454645.984            3.2            4.5
    2454646.968            5.3            4.2
    2454668.009            1.6            3.7
    2454681.904            7.4            3.8
     2454683.97           -1.0            3.8
    2454711.893            3.2            4.1
    2454713.873            1.9            4.2
    2454715.882            4.5            4.6
    2454716.875            0.9            4.1
    2454753.885           15.4            3.6
     2454755.85           -8.0            3.8
    2454777.733           11.2            4.1
    2454806.796           15.9            5.5
     2454808.77           -8.9            4.3
    2454809.763            7.7            6.1
    2455026.973            3.0            5.7
    2455063.965           17.2            5.0
    2455099.996           14.2            4.9
    2455116.856           15.8            6.8
    2455154.739           10.5            7.6
    2455174.788           16.8            5.8
    2455364.972           -7.3            5.0
    2455419.012          -14.0            4.7
    2455446.847           -4.9            3.6
    2455446.856           -5.1            3.1
    2455463.833           11.3            5.2
    2455466.842           10.7            4.8
    2455569.653            9.6            4.1
    2455571.713           -4.6            4.6
    2455572.671           13.1            4.8
    2455621.621           -2.4            4.6
    2455757.974            1.8            5.0
    2455803.919           -3.1            4.3
    2455806.936           -5.3            4.3
    2455828.781            6.1            4.2
    2455831.849            6.5            5.1
    2455861.842           16.9            4.2
    2455864.796            5.6            4.4
    2455892.745            7.9            4.9
