    2451745.994           -3.5            4.3
    2451778.895           -4.7            3.7
    2451808.867            4.4            3.6
    2451853.766            5.9            4.1
    2451856.801           -2.8            4.6
    2451898.637           11.3            8.0
    2451932.609           -0.3            3.9
    2452163.861            5.1            4.9
    2452175.851            7.8            4.0
    2452307.598            4.9            4.5
    2452465.989            7.2            5.3
    2452483.985            2.5            5.0
    2452494.987          -12.6            5.0
    2452517.936            8.2            5.2
     2452528.91           -3.9            5.2
     2452530.91           -4.2            4.5
    2452541.904           -6.8            4.5
    2452543.883            2.9            5.0
    2452559.914            1.3            6.4
    2452561.795            0.6            8.4
    2452571.791            7.3            5.0
     2452589.81            0.4            5.7
    2452603.782           15.0            4.9
    2452605.724            6.5            4.8
    2452616.772            7.1            5.9
    2452665.604           16.3            4.2
    2452668.611            8.3            5.3
    2452837.972           -2.9            5.4
    2452861.963           18.1            4.1
    2452863.985           10.4            5.2
    2452879.918           12.7            4.2
    2452880.947           11.2            5.0
    2452898.911            9.6            4.7
    2452900.928           12.3            4.8
    2452932.839            3.8            4.3
    2452934.804           -1.5            4.6
    2452963.753           13.0            5.2
    2452965.809            3.1            5.4
     2453022.63            2.1            5.6
     2453208.01           14.5            3.8
    2453209.978           18.8            3.7
    2453214.961           -7.4            4.2
    2453231.961           -5.1            4.0
    2453233.909           -7.4            3.9
     2453235.96           -1.8            4.2
    2453265.899          -14.5            3.8
    2453268.919           -0.1            4.0
     2453269.81            8.7            3.5
    2453286.828            3.5            3.8
    2453324.713            1.4            5.5
    2453354.654            6.0            3.8
    2453400.642           12.5            7.5
    2453550.983            7.3            4.4
    2453578.964            7.0            4.6
    2453613.923            1.4            4.2
    2453654.771           -9.0            4.1
    2453701.724            9.5            4.6
    2453740.745           -0.4            4.7
    2453911.993           11.8            3.6
    2453917.013           -7.9            3.9
    2453934.974            4.1            3.9
    2453968.925            4.7            3.2
    2453981.851            4.6            3.8
    2453985.899           -6.7            4.0
    2454055.755           14.0            3.9
    2454297.975           -7.4            4.1
    2454300.974           -3.2            4.0
    2454314.939           -1.2            3.6
    2454318.981            3.8            4.2
    2454344.859           -6.5            4.3
    2454348.917           -1.2            4.0
    2454391.887           -4.1            5.4
    2454394.775            6.2            4.2
    2454418.777           14.9            4.5
    2454420.763           13.1            4.2
    2454440.653            4.4            3.4
    2454443.651           -7.3            3.6
    2454481.638           13.4            3.9
    2454503.651          -12.5            4.3
    2454645.984           -3.3            4.5
    2454646.968            3.6            4.2
    2454668.009            3.1            3.7
    2454681.904            1.5            3.8
     2454683.97           14.1            3.8
    2454711.893            3.0            4.1
    2454713.873            2.2            4.2
    2454715.882           16.6            4.6
    2454716.875           12.7            4.1
    2454753.885          -10.5            3.6
     2454755.85           -3.4            3.8
    2454777.733            7.1            4.1
    2454806.796            4.6            5.5
     2454808.77           18.0            4.3
    2454809.763           10.6            6.1
    2455026.973           14.0            5.7
    2455063.965           -2.9            5.0
    2455099.996            7.4            4.9
    2455116.856            0.6            6.8
    2455154.739            1.3            7.6
    2455174.788            2.4            5.8
    2455364.972           -7.5            5.0
    2455419.012            5.9            4.7
    2455446.847            5.0            3.6
    2455446.856            4.8            3.1
    2455463.833           -1.1            5.2
    2455466.842           18.2            4.8
    2455569.653           -3.1            4.1
    2455571.713           -6.4            4.6
    2455572.671           -0.8            4.8
    2455621.621            1.1            4.6
    2455757.974            4.6            5.0
    2455803.919           -6.2            4.3
    2455806.936           -0.6            4.3
    2455828.781           18.1            4.2
    2455831.849            6.3            5.1
    2455861.842           15.2            4.2
    2455864.796            6.0            4.4
    2455892.745            1.9            4.9
