    2451745.994          -18.7            4.3
    2451778.895            3.2            3.7
    2451808.867            5.2            3.6
    2451853.766           18.1            4.1
    2451856.801           -3.1            4.6
    2451898.637           10.0            8.0
    2451932.609           16.6            3.9
    2452163.861           -4.1            4.9
    2452175.851            1.0            4.0
    2452307.598           18.6            4.5
    2452465.989            9.5            5.3
    2452483.985            6.2            5.0
    2452494.987           18.4            5.0
    2452517.936           18.1            5.2
     2452528.91            0.1            5.2
     2452530.91          -12.9            4.5
    2452541.904            3.7            4.5
    2452543.883          -11.5            5.0
    2452559.914            6.0            6.4
    2452561.795           -4.1            8.4
    2452571.791           22.1            5.0
     2452589.81           -7.0            5.7
    2452603.782           -2.7            4.9
    2452605.724           -8.5            4.8
    2452616.772           10.1            5.9
    2452665.604           12.1            4.2
    2452668.611            0.5            5.3
    2452837.972          -19.6            5.4
    2452861.963           12.3            4.1
    2452863.985           15.9            5.2
    2452879.918          -16.9            4.2
    2452880.947           -8.0            5.0
    2452898.911           11.4            4.7
    2452900.928            5.8            4.8
    2452932.839          -14.4            4.3
    2452934.804           -5.9            4.6
    2452963.753           -8.9            5.2
    2452965.809           12.8            5.4
     2453022.63            2.2            5.6
     2453208.01           15.9            3.8
    2453209.978           14.1            3.7
    2453214.961            4.2            4.2
    2453231.961           25.1            4.0
    2453233.909           -2.0            3.9
     2453235.96            4.5            4.2
    2453265.899           -5.8            3.8
    2453268.919            8.4            4.0
     2453269.81           -1.7            3.5
    2453286.828           -9.4            3.8
    2453324.713           -6.8            5.5
    2453354.654            3.0            3.8
    2453400.642           12.7            7.5
    2453550.983           -2.3            4.4
    2453578.964           -4.5            4.6
    2453613.923           -1.8            4.2
    2453654.771           -0.2            4.1
    2453701.724           11.3            4.6
    2453740.745          -13.9            4.7
    2453911.993           32.9            3.6
    2453917.013           -2.9            3.9
    2453934.974           -1.1            3.9
    2453968.925           10.2            3.2
    2453981.851           -8.1            3.8
    2453985.899           31.3            4.0
    2454055.755           -6.7            3.9
    2454297.975           15.4            4.1
    2454300.974           14.2            4.0
    2454314.939            9.3            3.6
    2454318.981           -3.0            4.2
    2454344.859           10.3            4.3
    2454348.917          -20.4            4.0
    2454391.887            3.4            5.4
    2454394.775           -9.3            4.2
    2454418.777            9.3            4.5
    2454420.763            1.8            4.2
    2454440.653           -0.4            3.4
    2454443.651            6.0            3.6
    2454481.638           -8.7            3.9
    2454503.651           -7.7            4.3
    2454645.984           16.5            4.5
    2454646.968           23.3            4.2
    2454668.009           20.5            3.7
    2454681.904            5.7            3.8
     2454683.97           11.0            3.8
    2454711.893           23.1            4.1
    2454713.873           -7.7            4.2
    2454715.882           -6.8            4.6
    2454716.875            5.8            4.1
    2454753.885           10.4            3.6
     2454755.85           10.6            3.8
    2454777.733            1.8            4.1
    2454806.796            5.6            5.5
     2454808.77           -3.0            4.3
    2454809.763            1.0            6.1
    2455026.973            3.5            5.7
    2455063.965            7.2            5.0
    2455099.996           16.6            4.9
    2455116.856            6.4            6.8
    2455154.739           10.9            7.6
    2455174.788            3.8            5.8
    2455364.972           -2.2            5.0
    2455419.012           -9.2            4.7
    2455446.847           10.4            3.6
    2455446.856            9.3            3.1
    2455463.833            8.5            5.2
    2455466.842            5.1            4.8
    2455569.653            8.4            4.1
    2455571.713            3.1            4.6
    2455572.671           -2.3            4.8
    2455621.621           19.7            4.6
    2455757.974            4.2            5.0
    2455803.919           14.1            4.3
    2455806.936            3.0            4.3
    2455828.781           22.2            4.2
    2455831.849           -7.7            5.1
    2455861.842            9.3            4.2
    2455864.796            7.2            4.4
    2455892.745           22.7            4.9
