    2451745.994            9.1            4.3
    2451778.895            3.0            3.7
    2451808.867            7.6            3.6
    2451853.766            4.5            4.1
    2451856.801           -4.9            4.6
    2451898.637           -0.0            8.0
    2451932.609            2.0            3.9
    2452163.861            6.4            4.9
    2452175.851           -8.5            4.0
    2452307.598            9.9            4.5
    2452465.989           -2.3            5.3
    2452483.985           13.2            5.0
    2452494.987           -6.2            5.0
    2452517.936           -0.0            5.2
     2452528.91            3.4            5.2
     2452530.91          -10.6            4.5
    2452541.904            7.8            4.5
    2452543.883           -5.0            5.0
    2452559.914           -0.2            6.4
    2452561.795           13.4            8.4
    2452571.791            3.3            5.0
     2452589.81            6.9            5.7
    2452603.782           -2.0            4.9
    2452605.724           13.9            4.8
    2452616.772           -3.3            5.9
    2452665.604            1.9            4.2
    2452668.611            7.8            5.3
    2452837.972            6.2            5.4
    2452861.963           -0.4            4.1
    2452863.985           -2.6            5.2
    2452879.918           -5.0            4.2
    2452880.947            2.5            5.0
    2452898.911           -1.2            4.7
    2452900.928            5.0            4.8
    2452932.839           10.1            4.3
    2452934.804           -7.1            4.6
    2452963.753           -6.4            5.2
    2452965.809           -0.5            5.4
     2453022.63            3.4            5.6
     2453208.01           11.2            3.8
    2453209.978            4.2            3.7
    2453214.961           11.3            4.2
    2453231.961           11.4            4.0
    2453233.909           -2.7            3.9
     2453235.96            1.8            4.2
    2453265.899            6.3            3.8
    2453268.919            3.8            4.0
     2453269.81           -2.8            3.5
    2453286.828           12.3            3.8
    2453324.713            5.1            5.5
    2453354.654           -4.8            3.8
    2453400.642           15.4            7.5
    2453550.983            9.8            4.4
    2453578.964            8.8            4.6
    2453613.923            5.7            4.2
    2453654.771            5.6            4.1
    2453701.724            9.3            4.6
    2453740.745           -5.2            4.7
    2453911.993           16.6            3.6
    2453917.013            0.9            3.9
    2453934.974            9.0            3.9
    2453968.925            2.9            3.2
    2453981.851           -3.8            3.8
    2453985.899            4.0            4.0
    2454055.755            9.8            3.9
    2454297.975            8.8            4.1
    2454300.974           -7.7            4.0
    2454314.939           -2.6            3.6
    2454318.981            1.6            4.2
    2454344.859           10.4            4.3
    2454348.917           -2.4            4.0
    2454391.887           -2.3            5.4
    2454394.775            7.7            4.2
    2454418.777           16.1            4.5
    2454420.763           -4.7            4.2
    2454440.653            6.2            3.4
    2454443.651            3.6            3.6
    2454481.638            2.2            3.9
    2454503.651           13.1            4.3
    2454645.984            5.8            4.5
    2454646.968            1.9            4.2
    2454668.009           -2.1            3.7
    2454681.904            5.8            3.8
     2454683.97            1.5            3.8
    2454711.893           -1.4            4.1
    2454713.873            6.0            4.2
    2454715.882            6.6            4.6
    2454716.875            4.7            4.1
    2454753.885            4.5            3.6
     2454755.85            0.6            3.8
    2454777.733            1.3            4.1
    2454806.796           -6.5            5.5
     2454808.77           12.7            4.3
    2454809.763           17.6            6.1
    2455026.973           13.7            5.7
    2455063.965            8.9            5.0
    2455099.996            9.1            4.9
    2455116.856           12.2            6.8
    2455154.739           -1.3            7.6
    2455174.788           -2.9            5.8
    2455364.972            0.9            5.0
    2455419.012            5.4            4.7
    2455446.847           11.2            3.6
    2455446.856           10.4            3.1
    2455463.833            8.2            5.2
    2455466.842            3.0            4.8
    2455569.653           10.6            4.1
    2455571.713            2.3            4.6
    2455572.671           -1.0            4.8
    2455621.621           14.2            4.6
    2455757.974           -8.7            5.0
    2455803.919           16.5            4.3
    2455806.936           -2.6            4.3
    2455828.781           -5.6            4.2
    2455831.849           11.8            5.1
    2455861.842           12.2            4.2
    2455864.796           -3.5            4.4
    2455892.745            5.7            4.9
