    2451745.994            2.1            4.3
    2451778.895           -0.0            3.7
    2451808.867           13.6            3.6
    2451853.766           17.0            4.1
    2451856.801           16.7            4.6
    2451898.637            7.6            8.0
    2451932.609            9.2            3.9
    2452163.861           -3.4            4.9
    2452175.851            4.5            4.0
    2452307.598           -2.2            4.5
    2452465.989           20.8            5.3
    2452483.985           17.5            5.0
    2452494.987            4.0            5.0
    2452517.936           15.4            5.2
     2452528.91           10.5            5.2
     2452530.91           -3.9            4.5
    2452541.904           16.2            4.5
    2452543.883            4.0            5.0
    2452559.914           23.4            6.4
    2452561.795            1.3            8.4
    2452571.791           13.7            5.0
     2452589.81           11.1            5.7
    2452603.782           -6.8            4.9
    2452605.724            7.6            4.8
    2452616.772            8.1            5.9
    2452665.604           11.4            4.2
    2452668.611           10.0            5.3
    2452837.972           16.3            5.4
    2452861.963            6.1            4.1
    2452863.985           -1.6            5.2
    2452879.918            2.5            4.2
    2452880.947           22.2            5.0
    2452898.911           22.1            4.7
    2452900.928            1.5            4.8
    2452932.839           10.7            4.3
    2452934.804            3.5            4.6
    2452963.753            0.2            5.2
    2452965.809           18.4            5.4
     2453022.63            0.2            5.6
     2453208.01           15.7            3.8
    2453209.978           -6.1            3.7
    2453214.961           10.8            4.2
    2453231.961           12.0            4.0
    2453233.909           -6.1            3.9
     2453235.96           16.5            4.2
    2453265.899           19.7            3.8
    2453268.919           17.4            4.0
     2453269.81           -5.2            3.5
    2453286.828           16.1            3.8
    2453324.713           -6.9            5.5
    2453354.654          -10.5            3.8
    2453400.642          -13.8            7.5
    2453550.983           13.9            4.4
    2453578.964            3.6            4.6
    2453613.923           12.9            4.2
    2453654.771          -10.0            4.1
    2453701.724            5.5            4.6
    2453740.745           -1.5            4.7
    2453911.993            3.4            3.6
    2453917.013           18.4            3.9
    2453934.974           12.1            3.9
    2453968.925           21.1            3.2
    2453981.851           -1.6            3.8
    2453985.899            3.3            4.0
    2454055.755           -0.6            3.9
    2454297.975           -0.6            4.1
    2454300.974            0.4            4.0
    2454314.939            5.4            3.6
    2454318.981           -4.5            4.2
    2454344.859           12.2            4.3
    2454348.917           -2.1            4.0
    2454391.887            3.2            5.4
    2454394.775           -4.5            4.2
    2454418.777           -9.0            4.5
    2454420.763            4.8            4.2
    2454440.653           -1.5            3.4
    2454443.651           -5.1            3.6
    2454481.638           -0.4            3.9
    2454503.651          -11.2            4.3
    2454645.984           -0.7            4.5
    2454646.968           17.5            4.2
    2454668.009           13.8            3.7
    2454681.904           -5.5            3.8
     2454683.97           16.8            3.8
    2454711.893            8.2            4.1
    2454713.873           19.3            4.2
    2454715.882           -1.6            4.6
    2454716.875           17.3            4.1
    2454753.885           15.8            3.6
     2454755.85            8.6            3.8
    2454777.733           16.1            4.1
    2454806.796           -8.3            5.5
     2454808.77           -0.2            4.3
    2454809.763          -11.0            6.1
    2455026.973            9.5            5.7
    2455063.965           -5.4            5.0
    2455099.996            6.3            4.9
    2455116.856           20.2            6.8
    2455154.739           -8.8            7.6
    2455174.788           13.2            5.8
    2455364.972           10.2            5.0
    2455419.012            5.6            4.7
    2455446.847            6.7            3.6
    2455446.856            6.7            3.1
    2455463.833           -3.5            5.2
    2455466.842           -6.3            4.8
    2455569.653           -5.7            4.1
    2455571.713           13.3            4.6
    2455572.671           -7.0            4.8
    2455621.621          -17.4            4.6
    2455757.974            1.2            5.0
    2455803.919            4.2            4.3
    2455806.936            2.0            4.3
    2455828.781           11.2            4.2
    2455831.849           12.5            5.1
    2455861.842            7.9            4.2
    2455864.796            7.1            4.4
    2455892.745           13.7            4.9
