    2451745.994          -11.1            4.3
    2451778.895           11.9            3.7
    2451808.867           14.5            3.6
    2451853.766            2.5            4.1
    2451856.801            6.1            4.6
    2451898.637           -5.3            8.0
    2451932.609            5.6            3.9
    2452163.861           12.3            4.9
    2452175.851           16.2            4.0
    2452307.598           -9.1            4.5
    2452465.989          -16.2            5.3
    2452483.985            8.3            5.0
    2452494.987          -10.5            5.0
    2452517.936           -0.2            5.2
     2452528.91           23.6            5.2
     2452530.91            2.3            4.5
    2452541.904           -6.5            4.5
    2452543.883           20.0            5.0
    2452559.914           -8.7            6.4
    2452561.795            6.6            8.4
    2452571.791           -3.2            5.0
     2452589.81            1.4            5.7
    2452603.782            2.0            4.9
    2452605.724           11.4            4.8
    2452616.772           14.0            5.9
    2452665.604           -4.3            4.2
    2452668.611           -2.3            5.3
    2452837.972           18.9            5.4
    2452861.963           -8.7            4.1
    2452863.985            5.4            5.2
    2452879.918            1.7            4.2
    2452880.947            8.5            5.0
    2452898.911            0.3            4.7
    2452900.928          -10.0            4.8
    2452932.839            1.6            4.3
    2452934.804            7.0            4.6
    2452963.753            9.3            5.2
    2452965.809          -17.0            5.4
     2453022.63           26.8            5.6
     2453208.01            3.0            3.8
    2453209.978            4.0            3.7
    2453214.961           -4.3            4.2
    2453231.961           22.5            4.0
    2453233.909           16.3            3.9
     2453235.96           -5.7            4.2
    2453265.899           -8.7            3.8
    2453268.919            2.0            4.0
     2453269.81           13.9            3.5
    2453286.828           -0.5            3.8
    2453324.713           -2.3            5.5
    2453354.654           -0.8            3.8
    2453400.642            2.0            7.5
    2453550.983          -10.0            4.4
    2453578.964           14.4            4.6
    2453613.923           15.4            4.2
    2453654.771           -0.5            4.1
    2453701.724            9.9            4.6
    2453740.745           19.1            4.7
    2453911.993           -7.2            3.6
    2453917.013            8.2            3.9
    2453934.974           10.2            3.9
    2453968.925            3.5            3.2
    2453981.851           10.8            3.8
    2453985.899           -8.5            4.0
    2454055.755            8.0            3.9
    2454297.975           -2.7            4.1
    2454300.974           -0.4            4.0
    2454314.939           -6.0            3.6
    2454318.981            4.6            4.2
    2454344.859           -9.6            4.3
    2454348.917           19.3            4.0
    2454391.887            3.1            5.4
    2454394.775           -9.1            4.2
    2454418.777           -1.3            4.5
    2454420.763           -3.5            4.2
    2454440.653            8.5            3.4
    2454443.651           15.8            3.6
    2454481.638           23.2            3.9
    2454503.651            6.8            4.3
    2454645.984           14.5            4.5
    2454646.968            2.1            4.2
    2454668.009           -1.5            3.7
    2454681.904           -2.4            3.8
     2454683.97           25.7            3.8
    2454711.893          -11.7            4.1
    2454713.873           18.7            4.2
    2454715.882           11.4            4.6
    2454716.875            3.7            4.1
    2454753.885            1.1            3.6
     2454755.85           -9.5            3.8
    2454777.733            6.4            4.1
    2454806.796           -5.1            5.5
     2454808.77           -2.7            4.3
    2454809.763           10.4            6.1
    2455026.973            4.6            5.7
    2455063.965            1.7            5.0
    2455099.996           -3.6            4.9
    2455116.856            9.0            6.8
    2455154.739           22.1            7.6
    2455174.788            9.3            5.8
    2455364.972            4.4            5.0
    2455419.012           14.8            4.7
    2455446.847           -5.5            3.6
    2455446.856           -5.6            3.1
    2455463.833           10.8            5.2
    2455466.842            4.7            4.8
    2455569.653            2.5            4.1
    2455571.713            8.2            4.6
    2455572.671            6.0            4.8
    2455621.621           -0.4            4.6
    2455757.974           -5.6            5.0
    2455803.919           10.1            4.3
    2455806.936           20.6            4.3
    2455828.781            5.8            4.2
    2455831.849           -7.6            5.1
    2455861.842          -14.7            4.2
    2455864.796            0.7            4.4
    2455892.745           -2.4            4.9
