    2451745.994            0.0            4.3
    2451778.895            5.6            3.7
    2451808.867            4.9            3.6
    2451853.766           12.2            4.1
    2451856.801           12.2            4.6
    2451898.637           10.5            8.0
    2451932.609           13.1            3.9
    2452163.861           -2.9            4.9
    2452175.851           -0.2            4.0
    2452307.598            4.1            4.5
    2452465.989           11.0            5.3
    2452483.985           -0.8            5.0
    2452494.987            6.2            5.0
    2452517.936            5.1            5.2
     2452528.91           -6.4            5.2
     2452530.91            7.5            4.5
    2452541.904            2.8            4.5
    2452543.883           -6.7            5.0
    2452559.914            2.6            6.4
    2452561.795            5.3            8.4
    2452571.791           11.8            5.0
     2452589.81            8.0            5.7
    2452603.782           -2.7            4.9
    2452605.724            4.6            4.8
    2452616.772           15.4            5.9
    2452665.604           10.4            4.2
    2452668.611           11.2            5.3
    2452837.972            5.0            5.4
    2452861.963           18.3            4.1
    2452863.985            9.2            5.2
    2452879.918           14.6            4.2
    2452880.947           12.4            5.0
    2452898.911           14.4            4.7
    2452900.928           -0.9            4.8
    2452932.839            7.3            4.3
    2452934.804           -4.4            4.6
    2452963.753            2.9            5.2
    2452965.809           -1.6            5.4
     2453022.63           19.5            5.6
     2453208.01            9.3            3.8
    2453209.978            6.6            3.7
    2453214.961            9.9            4.2
    2453231.961           -1.3            4.0
    2453233.909           12.3            3.9
     2453235.96           -1.6            4.2
    2453265.899            1.3            3.8
    2453268.919           -2.0            4.0
     2453269.81            5.6            3.5
    2453286.828            8.7            3.8
    2453324.713            4.4            5.5
    2453354.654            5.4            3.8
    2453400.642            0.9            7.5
    2453550.983           -4.1            4.4
    2453578.964            6.8            4.6
    2453613.923           14.6            4.2
    2453654.771           14.4            4.1
    2453701.724           -3.7            4.6
    2453740.745            0.5            4.7
    2453911.993           -1.3            3.6
    2453917.013            5.9            3.9
    2453934.974           -2.2            3.9
    2453968.925           -6.7            3.2
    2453981.851            8.7            3.8
    2453985.899            6.7            4.0
    2454055.755            1.0            3.9
    2454297.975            8.3            4.1
    2454300.974            1.1            4.0
    2454314.939           -8.1            3.6
    2454318.981           -3.3            4.2
    2454344.859            2.1            4.3
    2454348.917            3.5            4.0
    2454391.887           11.7            5.4
    2454394.775            8.8            4.2
    2454418.777            9.4            4.5
    2454420.763            7.7            4.2
    2454440.653            9.0            3.4
    2454443.651            6.3            3.6
    2454481.638           10.9            3.9
    2454503.651            6.8            4.3
    2454645.984            5.8            4.5
    2454646.968            5.7            4.2
    2454668.009           -3.2            3.7
    2454681.904           -2.3            3.8
     2454683.97           -5.5            3.8
    2454711.893            9.8            4.1
    2454713.873            4.5            4.2
    2454715.882           12.4            4.6
    2454716.875           -5.4            4.1
    2454753.885           -5.9            3.6
     2454755.85            1.5            3.8
    2454777.733            6.2            4.1
    2454806.796            8.1            5.5
     2454808.77           13.6            4.3
    2454809.763            6.1            6.1
    2455026.973           18.8            5.7
    2455063.965           10.8            5.0
    2455099.996           -3.4            4.9
    2455116.856            3.9            6.8
    2455154.739           20.8            7.6
    2455174.788            5.5            5.8
    2455364.972           15.2            5.0
    2455419.012            5.8            4.7
    2455446.847            3.0            3.6
    2455446.856            2.7            3.1
    2455463.833           12.0            5.2
    2455466.842            4.8            4.8
    2455569.653           -1.0            4.1
    2455571.713            3.4            4.6
    2455572.671           15.4            4.8
    2455621.621            9.5            4.6
    2455757.974            6.1            5.0
    2455803.919            2.4            4.3
    2455806.936            1.2            4.3
    2455828.781            7.8            4.2
    2455831.849           12.9            5.1
    2455861.842            8.7            4.2
    2455864.796           -2.2            4.4
    2455892.745            7.0            4.9
