    2451745.994            2.4            4.3
    2451778.895            4.6            3.7
    2451808.867            3.5            3.6
    2451853.766            4.1            4.1
    2451856.801            6.8            4.6
    2451898.637            7.9            8.0
    2451932.609            3.0            3.9
    2452163.861            6.6            4.9
    2452175.851            4.8            4.0
    2452307.598            6.7            4.5
    2452465.989            2.7            5.3
    2452483.985            3.2            5.0
    2452494.987            5.9            5.0
    2452517.936            8.7            5.2
     2452528.91            7.7            5.2
     2452530.91            5.2            4.5
    2452541.904            7.7            4.5
    2452543.883            4.9            5.0
    2452559.914            6.7            6.4
    2452561.795            8.1            8.4
    2452571.791            5.0            5.0
     2452589.81            1.5            5.7
    2452603.782            6.7            4.9
    2452605.724            1.9            4.8
    2452616.772            4.6            5.9
    2452665.604            6.1            4.2
    2452668.611            3.9            5.3
    2452837.972            7.1            5.4
    2452861.963            1.9            4.1
    2452863.985            7.4            5.2
    2452879.918            5.2            4.2
    2452880.947            2.6            5.0
    2452898.911            5.6            4.7
    2452900.928            1.2            4.8
    2452932.839            4.3            4.3
    2452934.804            7.9            4.6
    2452963.753            2.9            5.2
    2452965.809            7.1            5.4
     2453022.63            6.1            5.6
     2453208.01            1.1            3.8
    2453209.978            5.0            3.7
    2453214.961            5.5            4.2
    2453231.961            3.0            4.0
    2453233.909            8.0            3.9
     2453235.96            3.5            4.2
    2453265.899            3.7            3.8
    2453268.919            6.2            4.0
     2453269.81            2.8            3.5
    2453286.828            0.4            3.8
    2453324.713            4.5            5.5
    2453354.654            7.3            3.8
    2453400.642            8.1            7.5
    2453550.983            3.5            4.4
    2453578.964            3.4            4.6
    2453613.923            3.2            4.2
    2453654.771            5.9            4.1
    2453701.724            2.3            4.6
    2453740.745            5.2            4.7
    2453911.993            1.1            3.6
    2453917.013            1.7            3.9
    2453934.974            5.0            3.9
    2453968.925            6.2            3.2
    2453981.851            1.9            3.8
    2453985.899            1.2            4.0
    2454055.755            4.6            3.9
    2454297.975            0.0            4.1
    2454300.974            0.8            4.0
    2454314.939            4.9            3.6
    2454318.981            6.1            4.2
    2454344.859            4.1            4.3
    2454348.917            4.5            4.0
    2454391.887            3.4            5.4
    2454394.775            0.1            4.2
    2454418.777            1.9            4.5
    2454420.763            5.2            4.2
    2454440.653            4.7            3.4
    2454443.651            7.7            3.6
    2454481.638            4.0            3.9
    2454503.651            0.1            4.3
    2454645.984            8.6            4.5
    2454646.968            5.2            4.2
    2454668.009            4.0            3.7
    2454681.904            3.1            3.8
     2454683.97            4.1            3.8
    2454711.893            5.1            4.1
    2454713.873            0.2            4.2
    2454715.882            5.9            4.6
    2454716.875            2.7            4.1
    2454753.885            5.8            3.6
     2454755.85            5.1            3.8
    2454777.733            6.5            4.1
    2454806.796            1.9            5.5
     2454808.77            4.5            4.3
    2454809.763            6.1            6.1
    2455026.973            7.7            5.7
    2455063.965            4.0            5.0
    2455099.996            3.3            4.9
    2455116.856            7.6            6.8
    2455154.739           10.4            7.6
    2455174.788            9.3            5.8
    2455364.972            8.4            5.0
    2455419.012            3.3            4.7
    2455446.847            6.9            3.6
    2455446.856            6.5            3.1
    2455463.833            6.4            5.2
    2455466.842            8.9            4.8
    2455569.653            3.1            4.1
    2455571.713            8.6            4.6
    2455572.671            6.0            4.8
    2455621.621            4.6            4.6
    2455757.974            8.7            5.0
    2455803.919            2.2            4.3
    2455806.936            0.1            4.3
    2455828.781            5.2            4.2
    2455831.849            6.2            5.1
    2455861.842            3.8            4.2
    2455864.796            4.6            4.4
    2455892.745            2.1            4.9
