    2451745.994           12.9            4.3
    2451778.895            8.3            3.7
    2451808.867            2.5            3.6
    2451853.766           -1.2            4.1
    2451856.801           18.0            4.6
    2451898.637           18.3            8.0
    2451932.609          -12.3            3.9
    2452163.861           12.0            4.9
    2452175.851            4.0            4.0
    2452307.598            9.0            4.5
    2452465.989            2.3            5.3
    2452483.985           -2.7            5.0
    2452494.987           12.9            5.0
    2452517.936            8.4            5.2
     2452528.91           -1.8            5.2
     2452530.91            5.5            4.5
    2452541.904          -13.6            4.5
    2452543.883            7.3            5.0
    2452559.914            4.0            6.4
    2452561.795           10.2            8.4
    2452571.791           18.4            5.0
     2452589.81            3.6            5.7
    2452603.782           -2.9            4.9
    2452605.724          -12.6            4.8
    2452616.772           -0.2            5.9
    2452665.604            3.3            4.2
    2452668.611            5.3            5.3
    2452837.972           13.0            5.4
    2452861.963          -13.1            4.1
    2452863.985           18.6            5.2
    2452879.918            1.7            4.2
    2452880.947           -3.0            5.0
    2452898.911            2.0            4.7
    2452900.928            2.1            4.8
    2452932.839            5.1            4.3
    2452934.804            7.5            4.6
    2452963.753            2.2            5.2
    2452965.809            3.2            5.4
     2453022.63           22.7            5.6
     2453208.01           18.2            3.8
    2453209.978            6.1            3.7
    2453214.961           -2.9            4.2
    2453231.961           -2.3            4.0
    2453233.909           10.9            3.9
     2453235.96           12.9            4.2
    2453265.899            5.3            3.8
    2453268.919           16.3            4.0
     2453269.81           -5.3            3.5
    2453286.828            5.1            3.8
    2453324.713            8.3            5.5
    2453354.654           -7.4            3.8
    2453400.642           -6.3            7.5
    2453550.983           25.3            4.4
    2453578.964            3.1            4.6
    2453613.923          -15.2            4.2
    2453654.771           -0.4            4.1
    2453701.724           -7.2            4.6
    2453740.745            0.3            4.7
    2453911.993           -8.6            3.6
    2453917.013           19.5            3.9
    2453934.974           -4.4            3.9
    2453968.925           12.0            3.2
    2453981.851           16.1            3.8
    2453985.899           -6.7            4.0
    2454055.755            6.9            3.9
    2454297.975            1.9            4.1
    2454300.974          -15.4            4.0
    2454314.939            2.5            3.6
    2454318.981           10.5            4.2
    2454344.859           18.3            4.3
    2454348.917           -2.6            4.0
    2454391.887            5.9            5.4
    2454394.775           -3.3            4.2
    2454418.777           16.7            4.5
    2454420.763           -5.1            4.2
    2454440.653          -12.6            3.4
    2454443.651           -8.1            3.6
    2454481.638           -2.2            3.9
    2454503.651           11.8            4.3
    2454645.984           20.3            4.5
    2454646.968            7.8            4.2
    2454668.009            2.4            3.7
    2454681.904            1.1            3.8
     2454683.97            2.0            3.8
    2454711.893            6.5            4.1
    2454713.873           11.3            4.2
    2454715.882            0.4            4.6
    2454716.875           19.4            4.1
    2454753.885            4.8            3.6
     2454755.85            6.3            3.8
    2454777.733            4.2            4.1
    2454806.796            1.6            5.5
     2454808.77            7.2            4.3
    2454809.763            6.5            6.1
    2455026.973            0.5            5.7
    2455063.965           15.4            5.0
    2455099.996            3.5            4.9
    2455116.856            8.9            6.8
    2455154.739           14.0            7.6
    2455174.788            1.8            5.8
    2455364.972           18.4            5.0
    2455419.012           -7.1            4.7
    2455446.847           11.6            3.6
    2455446.856           11.2            3.1
    2455463.833            4.3            5.2
    2455466.842           -6.9            4.8
    2455569.653            7.1            4.1
    2455571.713            7.1            4.6
    2455572.671           15.3            4.8
    2455621.621           12.9            4.6
    2455757.974            8.0            5.0
    2455803.919           -1.8            4.3
    2455806.936           -5.7            4.3
    2455828.781            9.3            4.2
    2455831.849           22.5            5.1
    2455861.842           -1.7            4.2
    2455864.796           10.3            4.4
    2455892.745           14.1            4.9
