    2451745.994           16.0            4.3
    2451778.895           -1.4            3.7
    2451808.867           13.1            3.6
    2451853.766           11.9            4.1
    2451856.801           16.5            4.6
    2451898.637            4.4            8.0
    2451932.609           -8.1            3.9
    2452163.861           22.1            4.9
    2452175.851           -2.4            4.0
    2452307.598            7.6            4.5
    2452465.989           17.2            5.3
    2452483.985            6.1            5.0
    2452494.987           10.5            5.0
    2452517.936           20.0            5.2
     2452528.91           10.9            5.2
     2452530.91          -12.3            4.5
    2452541.904            0.9            4.5
    2452543.883           28.8            5.0
    2452559.914           -4.4            6.4
    2452561.795           22.9            8.4
    2452571.791           -5.5            5.0
     2452589.81           -3.3            5.7
    2452603.782          -11.5            4.9
    2452605.724            8.0            4.8
    2452616.772           21.4            5.9
    2452665.604           20.1            4.2
    2452668.611           11.4            5.3
    2452837.972           13.5            5.4
    2452861.963          -10.9            4.1
    2452863.985            4.0            5.2
    2452879.918           12.5            4.2
    2452880.947           -8.4            5.0
    2452898.911           -7.5            4.7
    2452900.928            8.3            4.8
    2452932.839          -10.4            4.3
    2452934.804           10.4            4.6
    2452963.753            5.1            5.2
    2452965.809          -10.9            5.4
     2453022.63           20.2            5.6
     2453208.01           26.6            3.8
    2453209.978           -1.8            3.7
    2453214.961           18.2            4.2
    2453231.961          -24.4            4.0
    2453233.909            9.5            3.9
     2453235.96           -6.6            4.2
    2453265.899           -0.1            3.8
    2453268.919          -21.5            4.0
     2453269.81           -2.3            3.5
    2453286.828           -7.8            3.8
    2453324.713           -1.8            5.5
    2453354.654            8.4            3.8
    2453400.642           13.0            7.5
    2453550.983           31.7            4.4
    2453578.964            3.0            4.6
    2453613.923           20.8            4.2
    2453654.771           20.1            4.1
    2453701.724           14.0            4.6
    2453740.745          -16.8            4.7
    2453911.993           20.2            3.6
    2453917.013            9.2            3.9
    2453934.974            8.5            3.9
    2453968.925            1.9            3.2
    2453981.851           -1.1            3.8
    2453985.899           22.1            4.0
    2454055.755            3.3            3.9
    2454297.975          -10.5            4.1
    2454300.974            6.7            4.0
    2454314.939           14.9            3.6
    2454318.981           26.8            4.2
    2454344.859           15.3            4.3
    2454348.917            4.3            4.0
    2454391.887           22.1            5.4
    2454394.775           -1.0            4.2
    2454418.777            9.2            4.5
    2454420.763            1.8            4.2
    2454440.653           21.9            3.4
    2454443.651           11.1            3.6
    2454481.638            4.5            3.9
    2454503.651           20.4            4.3
    2454645.984           -5.2            4.5
    2454646.968            9.4            4.2
    2454668.009           -3.0            3.7
    2454681.904          -14.6            3.8
     2454683.97           10.6            3.8
    2454711.893          -16.9            4.1
    2454713.873           10.6            4.2
    2454715.882            3.3            4.6
    2454716.875           23.4            4.1
    2454753.885           20.8            3.6
     2454755.85          -14.2            3.8
    2454777.733          -17.2            4.1
    2454806.796            3.7            5.5
     2454808.77           22.8            4.3
    2454809.763           24.4            6.1
    2455026.973           17.6            5.7
    2455063.965           17.4            5.0
    2455099.996            8.3            4.9
    2455116.856           -5.7            6.8
    2455154.739          -15.2            7.6
    2455174.788           16.1            5.8
    2455364.972            3.2            5.0
    2455419.012            6.5            4.7
    2455446.847            7.8            3.6
    2455446.856            7.6            3.1
    2455463.833           -1.2            5.2
    2455466.842           18.7            4.8
    2455569.653           13.3            4.1
    2455571.713          -16.0            4.6
    2455572.671            7.1            4.8
    2455621.621           25.4            4.6
    2455757.974           14.7            5.0
    2455803.919          -13.0            4.3
    2455806.936            2.3            4.3
    2455828.781           -3.7            4.2
    2455831.849            8.8            5.1
    2455861.842            5.3            4.2
    2455864.796           21.1            4.4
    2455892.745           -4.8            4.9
