    2451745.994           18.6            4.3
    2451778.895            7.9            3.7
    2451808.867           -6.7            3.6
    2451853.766           16.2            4.1
    2451856.801           -2.8            4.6
    2451898.637           10.1            8.0
    2451932.609           14.4            3.9
    2452163.861           19.8            4.9
    2452175.851            7.6            4.0
    2452307.598           -9.4            4.5
    2452465.989           -4.6            5.3
    2452483.985            1.9            5.0
    2452494.987           18.8            5.0
    2452517.936            7.4            5.2
     2452528.91           21.4            5.2
     2452530.91           -6.4            4.5
    2452541.904           11.7            4.5
    2452543.883           16.0            5.0
    2452559.914           -9.6            6.4
    2452561.795           19.1            8.4
    2452571.791           -6.2            5.0
     2452589.81           16.1            5.7
    2452603.782            4.1            4.9
    2452605.724          -13.4            4.8
    2452616.772           10.5            5.9
    2452665.604           -4.0            4.2
    2452668.611           22.5            5.3
    2452837.972          -12.0            5.4
    2452861.963           11.9            4.1
    2452863.985          -11.4            5.2
    2452879.918           21.9            4.2
    2452880.947           15.9            5.0
    2452898.911           -4.4            4.7
    2452900.928           15.1            4.8
    2452932.839           17.6            4.3
    2452934.804           16.7            4.6
    2452963.753           -2.2            5.2
    2452965.809            8.9            5.4
     2453022.63           -1.3            5.6
     2453208.01            0.1            3.8
    2453209.978           -2.4            3.7
    2453214.961          -19.4            4.2
    2453231.961           15.7            4.0
    2453233.909            8.3            3.9
     2453235.96           -7.7            4.2
    2453265.899           17.6            3.8
    2453268.919           -4.9            4.0
     2453269.81           -8.4            3.5
    2453286.828            0.9            3.8
    2453324.713           14.3            5.5
    2453354.654          -13.8            3.8
    2453400.642          -16.2            7.5
    2453550.983           10.2            4.4
    2453578.964            2.8            4.6
    2453613.923            0.1            4.2
    2453654.771           10.3            4.1
    2453701.724           13.1            4.6
    2453740.745            3.1            4.7
    2453911.993           -3.2            3.6
    2453917.013           -9.3            3.9
    2453934.974           20.6            3.9
    2453968.925            3.1            3.2
    2453981.851           18.5            3.8
    2453985.899            0.4            4.0
    2454055.755           -4.6            3.9
    2454297.975           13.3            4.1
    2454300.974           13.4            4.0
    2454314.939           -3.9            3.6
    2454318.981           18.8            4.2
    2454344.859           14.5            4.3
    2454348.917          -18.9            4.0
    2454391.887           14.6            5.4
    2454394.775          -11.4            4.2
    2454418.777            9.2            4.5
    2454420.763           -4.7            4.2
    2454440.653            6.2            3.4
    2454443.651            9.1            3.6
    2454481.638          -10.8            3.9
    2454503.651           12.2            4.3
    2454645.984           11.2            4.5
    2454646.968           -6.0            4.2
    2454668.009          -13.3            3.7
    2454681.904           -4.5            3.8
     2454683.97           22.2            3.8
    2454711.893           -1.1            4.1
    2454713.873          -16.2            4.2
    2454715.882           14.8            4.6
    2454716.875           10.1            4.1
    2454753.885           -0.5            3.6
     2454755.85           17.1            3.8
    2454777.733            9.2            4.1
    2454806.796           -9.8            5.5
     2454808.77           19.4            4.3
    2454809.763           14.6            6.1
    2455026.973           -0.9            5.7
    2455063.965            9.6            5.0
    2455099.996           -3.7            4.9
    2455116.856            3.5            6.8
    2455154.739           12.9            7.6
    2455174.788           18.9            5.8
    2455364.972            4.9            5.0
    2455419.012            3.1            4.7
    2455446.847           19.7            3.6
    2455446.856           19.1            3.1
    2455463.833            4.2            5.2
    2455466.842           21.5            4.8
    2455569.653          -11.0            4.1
    2455571.713           20.8            4.6
    2455572.671           10.4            4.8
    2455621.621          -10.0            4.6
    2455757.974           12.5            5.0
    2455803.919           19.9            4.3
    2455806.936           -5.6            4.3
    2455828.781            4.0            4.2
    2455831.849           19.0            5.1
    2455861.842           -1.9            4.2
    2455864.796           13.1            4.4
    2455892.745            0.3            4.9
