    2451745.994           -0.2            4.3
    2451778.895           -0.1            3.7
    2451808.867            7.7            3.6
    2451853.766            4.4            4.1
    2451856.801            1.2            4.6
    2451898.637            4.9            8.0
    2451932.609            1.2            3.9
    2452163.861            5.7            4.9
    2452175.851            0.8            4.0
    2452307.598            9.8            4.5
    2452465.989            7.5            5.3
    2452483.985            2.7            5.0
    2452494.987            7.4            5.0
    2452517.936            4.1            5.2
     2452528.91            5.3            5.2
     2452530.91            3.0            4.5
    2452541.904            7.2            4.5
    2452543.883            7.7            5.0
    2452559.914            1.3            6.4
    2452561.795            6.4            8.4
    2452571.791            5.5            5.0
     2452589.81            7.6            5.7
    2452603.782            0.3            4.9
    2452605.724            3.8            4.8
    2452616.772           10.3            5.9
    2452665.604            4.5            4.2
    2452668.611            5.2            5.3
    2452837.972            3.3            5.4
    2452861.963            5.4            4.1
    2452863.985            2.3            5.2
    2452879.918            2.4            4.2
    2452880.947            3.1            5.0
    2452898.911            6.0            4.7
    2452900.928            5.8            4.8
    2452932.839            8.9            4.3
    2452934.804            7.1            4.6
    2452963.753            6.0            5.2
    2452965.809            9.7            5.4
     2453022.63            4.2            5.6
     2453208.01            4.1            3.8
    2453209.978            6.1            3.7
    2453214.961            3.0            4.2
    2453231.961            6.0            4.0
    2453233.909            5.7            3.9
     2453235.96            5.6            4.2
    2453265.899            3.4            3.8
    2453268.919            1.9            4.0
     2453269.81            3.3            3.5
    2453286.828            5.6            3.8
    2453324.713            6.2            5.5
    2453354.654            8.9            3.8
    2453400.642            9.2            7.5
    2453550.983            6.3            4.4
    2453578.964            2.0            4.6
    2453613.923            2.4            4.2
    2453654.771            2.6            4.1
    2453701.724            6.5            4.6
    2453740.745            7.1            4.7
    2453911.993            1.7            3.6
    2453917.013           -0.9            3.9
    2453934.974            7.0            3.9
    2453968.925            4.8            3.2
    2453981.851            6.9            3.8
    2453985.899            7.1            4.0
    2454055.755            6.1            3.9
    2454297.975            4.0            4.1
    2454300.974            3.9            4.0
    2454314.939            0.4            3.6
    2454318.981            5.9            4.2
    2454344.859            1.3            4.3
    2454348.917           -1.3            4.0
    2454391.887            2.9            5.4
    2454394.775            3.9            4.2
    2454418.777            3.9            4.5
    2454420.763           -0.3            4.2
    2454440.653            7.9            3.4
    2454443.651            5.8            3.6
    2454481.638            5.7            3.9
    2454503.651           -0.9            4.3
    2454645.984            7.1            4.5
    2454646.968            4.5            4.2
    2454668.009            5.1            3.7
    2454681.904            5.3            3.8
     2454683.97            7.5            3.8
    2454711.893            8.5            4.1
    2454713.873            6.2            4.2
    2454715.882            8.2            4.6
    2454716.875            9.3            4.1
    2454753.885            5.8            3.6
     2454755.85            9.1            3.8
    2454777.733            2.4            4.1
    2454806.796            4.8            5.5
     2454808.77           -0.0            4.3
    2454809.763            2.5            6.1
    2455026.973           10.8            5.7
    2455063.965            6.9            5.0
    2455099.996            9.0            4.9
    2455116.856            6.7            6.8
    2455154.739            8.6            7.6
    2455174.788            5.4            5.8
    2455364.972            5.3            5.0
    2455419.012            6.9            4.7
    2455446.847            4.2            3.6
    2455446.856            3.7            3.1
    2455463.833            5.5            5.2
    2455466.842            2.7            4.8
    2455569.653            8.8            4.1
    2455571.713            8.4            4.6
    2455572.671            6.9            4.8
    2455621.621            3.5            4.6
    2455757.974            7.5            5.0
    2455803.919            9.0            4.3
    2455806.936            6.9            4.3
    2455828.781            0.7            4.2
    2455831.849            5.0            5.1
    2455861.842           -0.8            4.2
    2455864.796            2.2            4.4
    2455892.745            4.9            4.9
