    2451745.994            5.3            4.3
    2451778.895           -4.5            3.7
    2451808.867           -9.5            3.6
    2451853.766           11.4            4.1
    2451856.801            5.4            4.6
    2451898.637            6.3            8.0
    2451932.609            8.6            3.9
    2452163.861            8.2            4.9
    2452175.851            6.9            4.0
    2452307.598           -0.8            4.5
    2452465.989            9.5            5.3
    2452483.985           -3.1            5.0
    2452494.987           -2.8            5.0
    2452517.936           -6.3            5.2
     2452528.91            3.3            5.2
     2452530.91            3.3            4.5
    2452541.904            9.8            4.5
    2452543.883            0.8            5.0
    2452559.914           -6.3            6.4
    2452561.795           15.9            8.4
    2452571.791            0.7            5.0
     2452589.81            2.4            5.7
    2452603.782            6.5            4.9
    2452605.724            2.1            4.8
    2452616.772           -4.7            5.9
    2452665.604           -4.6            4.2
    2452668.611           17.2            5.3
    2452837.972            4.3            5.4
    2452861.963           -1.6            4.1
    2452863.985            6.7            5.2
    2452879.918            8.0            4.2
    2452880.947            9.6            5.0
    2452898.911            1.9            4.7
    2452900.928           14.0            4.8
    2452932.839           -4.6            4.3
    2452934.804           14.4            4.6
    2452963.753            5.0            5.2
    2452965.809            8.0            5.4
     2453022.63            3.5            5.6
     2453208.01            4.9            3.8
    2453209.978           14.5            3.7
    2453214.961            1.8            4.2
    2453231.961            3.6            4.0
    2453233.909           -9.7            3.9
     2453235.96           11.6            4.2
    2453265.899           11.3            3.8
    2453268.919           -2.3            4.0
     2453269.81            6.5            3.5
    2453286.828            6.9            3.8
    2453324.713           -0.2            5.5
    2453354.654            7.8            3.8
    2453400.642            7.7            7.5
    2453550.983            0.9            4.4
    2453578.964            6.9            4.6
    2453613.923            8.6            4.2
    2453654.771            0.6            4.1
    2453701.724           13.2            4.6
    2453740.745           -5.8            4.7
    2453911.993            4.9            3.6
    2453917.013            3.9            3.9
    2453934.974           -9.2            3.9
    2453968.925            0.0            3.2
    2453981.851            8.4            3.8
    2453985.899            5.4            4.0
    2454055.755           -1.2            3.9
    2454297.975            8.8            4.1
    2454300.974           -4.2            4.0
    2454314.939            3.0            3.6
    2454318.981           13.0            4.2
    2454344.859           13.7            4.3
    2454348.917            7.9            4.0
    2454391.887           -2.6            5.4
    2454394.775           11.4            4.2
    2454418.777           -1.9            4.5
    2454420.763            4.9            4.2
    2454440.653            1.0            3.4
    2454443.651            8.9            3.6
    2454481.638            8.8            3.9
    2454503.651           -7.2            4.3
    2454645.984            8.2            4.5
    2454646.968            5.7            4.2
    2454668.009            6.1            3.7
    2454681.904           -3.1            3.8
     2454683.97           11.6            3.8
    2454711.893            4.0            4.1
    2454713.873            2.0            4.2
    2454715.882           -2.6            4.6
    2454716.875            3.9            4.1
    2454753.885            6.4            3.6
     2454755.85            2.1            3.8
    2454777.733           -2.1            4.1
    2454806.796            2.8            5.5
     2454808.77           12.3            4.3
    2454809.763           20.9            6.1
    2455026.973           14.8            5.7
    2455063.965            9.8            5.0
    2455099.996           -0.9            4.9
    2455116.856            2.3            6.8
    2455154.739            7.9            7.6
    2455174.788           13.9            5.8
    2455364.972           12.4            5.0
    2455419.012            9.7            4.7
    2455446.847            0.9            3.6
    2455446.856            0.4            3.1
    2455463.833            5.1            5.2
    2455466.842           -3.9            4.8
    2455569.653            1.2            4.1
    2455571.713            8.3            4.6
    2455572.671            6.4            4.8
    2455621.621            6.2            4.6
    2455757.974           11.2            5.0
    2455803.919            2.4            4.3
    2455806.936            6.9            4.3
    2455828.781            5.5            4.2
    2455831.849           -1.8            5.1
    2455861.842            9.7            4.2
    2455864.796            3.0            4.4
    2455892.745           -0.4            4.9
