    2451745.994            9.7            4.3
    2451778.895           -1.9            3.7
    2451808.867            7.5            3.6
    2451853.766           12.5            4.1
    2451856.801            1.3            4.6
    2451898.637            3.0            8.0
    2451932.609           12.7            3.9
    2452163.861           -2.8            4.9
    2452175.851           11.3            4.0
    2452307.598           13.6            4.5
    2452465.989            7.5            5.3
    2452483.985           -3.8            5.0
    2452494.987           13.4            5.0
    2452517.936           11.0            5.2
     2452528.91            4.6            5.2
     2452530.91           -4.6            4.5
    2452541.904           12.4            4.5
    2452543.883            9.0            5.0
    2452559.914            7.5            6.4
    2452561.795           -0.8            8.4
    2452571.791            4.3            5.0
     2452589.81           14.2            5.7
    2452603.782            9.4            4.9
    2452605.724           12.6            4.8
    2452616.772           -3.2            5.9
    2452665.604            3.9            4.2
    2452668.611           12.0            5.3
    2452837.972            7.4            5.4
    2452861.963            9.4            4.1
    2452863.985           12.2            5.2
    2452879.918            9.5            4.2
    2452880.947            3.2            5.0
    2452898.911           -3.8            4.7
    2452900.928            9.0            4.8
    2452932.839           12.1            4.3
    2452934.804            9.2            4.6
    2452963.753           11.6            5.2
    2452965.809           12.0            5.4
     2453022.63           -1.7            5.6
     2453208.01           10.9            3.8
    2453209.978           -2.1            3.7
    2453214.961           13.0            4.2
    2453231.961            8.4            4.0
    2453233.909           -4.2            3.9
     2453235.96           -0.2            4.2
    2453265.899           -5.3            3.8
    2453268.919           11.1            4.0
     2453269.81           12.7            3.5
    2453286.828            7.9            3.8
    2453324.713           14.7            5.5
    2453354.654            9.2            3.8
    2453400.642            6.4            7.5
    2453550.983           12.9            4.4
    2453578.964           -4.4            4.6
    2453613.923           13.6            4.2
    2453654.771            5.3            4.1
    2453701.724            5.1            4.6
    2453740.745            5.9            4.7
    2453911.993           10.0            3.6
    2453917.013            4.9            3.9
    2453934.974           12.5            3.9
    2453968.925           -4.1            3.2
    2453981.851           12.5            3.8
    2453985.899           -4.0            4.0
    2454055.755           -5.4            3.9
    2454297.975           -4.7            4.1
    2454300.974           10.3            4.0
    2454314.939           -1.6            3.6
    2454318.981            8.6            4.2
    2454344.859           -5.0            4.3
    2454348.917           12.8            4.0
    2454391.887           -3.8            5.4
    2454394.775           10.0            4.2
    2454418.777           13.0            4.5
    2454420.763            8.0            4.2
    2454440.653            2.5            3.4
    2454443.651           10.9            3.6
    2454481.638           12.9            3.9
    2454503.651            6.0            4.3
    2454645.984           13.6            4.5
    2454646.968           11.2            4.2
    2454668.009            6.4            3.7
    2454681.904           -4.5            3.8
     2454683.97            8.5            3.8
    2454711.893           -3.9            4.1
    2454713.873           -0.5            4.2
    2454715.882           12.6            4.6
    2454716.875           12.6            4.1
    2454753.885            5.8            3.6
     2454755.85           13.0            3.8
    2454777.733            9.0            4.1
    2454806.796           -3.2            5.5
     2454808.77            7.2            4.3
    2454809.763           14.3            6.1
    2455026.973            2.9            5.7
    2455063.965           -3.3            5.0
    2455099.996           14.0            4.9
    2455116.856            9.8            6.8
    2455154.739           16.2            7.6
    2455174.788           -1.6            5.8
    2455364.972           13.1            5.0
    2455419.012            9.8            4.7
    2455446.847           -3.6            3.6
    2455446.856           -4.1            3.1
    2455463.833           -3.1            5.2
    2455466.842           13.5            4.8
    2455569.653           11.7            4.1
    2455571.713           -1.2            4.6
    2455572.671           -4.0            4.8
    2455621.621            4.5            4.6
    2455757.974            9.0            5.0
    2455803.919           12.6            4.3
    2455806.936           -4.5            4.3
    2455828.781            4.5            4.2
    2455831.849           -1.4            5.1
    2455861.842           -4.8            4.2
    2455864.796            9.5            4.4
    2455892.745           -2.8            4.9
