    2451745.994           10.2            4.3
    2451778.895            3.3            3.7
    2451808.867            9.5            3.6
    2451853.766           12.8            4.1
    2451856.801            4.1            4.6
    2451898.637            5.7            8.0
    2451932.609            9.4            3.9
    2452163.861           -2.7            4.9
    2452175.851           -0.7            4.0
    2452307.598           11.4            4.5
    2452465.989            6.2            5.3
    2452483.985            5.2            5.0
    2452494.987           -0.9            5.0
    2452517.936           24.2            5.2
     2452528.91           -9.1            5.2
     2452530.91          -14.9            4.5
    2452541.904           20.9            4.5
    2452543.883           14.9            5.0
    2452559.914            7.9            6.4
    2452561.795            7.7            8.4
    2452571.791            9.2            5.0
     2452589.81            1.1            5.7
    2452603.782            4.7            4.9
    2452605.724           13.8            4.8
    2452616.772           -1.4            5.9
    2452665.604           -4.2            4.2
    2452668.611            3.7            5.3
    2452837.972           13.3            5.4
    2452861.963           -1.4            4.1
    2452863.985           21.3            5.2
    2452879.918           -5.2            4.2
    2452880.947           -2.1            5.0
    2452898.911           11.1            4.7
    2452900.928          -10.0            4.8
    2452932.839           11.1            4.3
    2452934.804           -7.2            4.6
    2452963.753            9.1            5.2
    2452965.809           17.3            5.4
     2453022.63            7.9            5.6
     2453208.01           -1.1            3.8
    2453209.978           20.3            3.7
    2453214.961           12.2            4.2
    2453231.961          -15.8            4.0
    2453233.909            4.3            3.9
     2453235.96           11.6            4.2
    2453265.899          -12.9            3.8
    2453268.919           19.9            4.0
     2453269.81           11.0            3.5
    2453286.828          -10.6            3.8
    2453324.713           -5.0            5.5
    2453354.654            3.5            3.8
    2453400.642           14.2            7.5
    2453550.983           11.0            4.4
    2453578.964           -9.9            4.6
    2453613.923           -3.2            4.2
    2453654.771            8.1            4.1
    2453701.724           -7.2            4.6
    2453740.745            4.9            4.7
    2453911.993           12.5            3.6
    2453917.013           -1.2            3.9
    2453934.974           -1.7            3.9
    2453968.925            1.1            3.2
    2453981.851            1.2            3.8
    2453985.899            1.0            4.0
    2454055.755            7.3            3.9
    2454297.975           22.9            4.1
    2454300.974           -3.7            4.0
    2454314.939            6.6            3.6
    2454318.981            9.4            4.2
    2454344.859           -3.1            4.3
    2454348.917            2.9            4.0
    2454391.887           -0.0            5.4
    2454394.775           -0.3            4.2
    2454418.777            4.6            4.5
    2454420.763           16.2            4.2
    2454440.653            7.3            3.4
    2454443.651          -16.6            3.6
    2454481.638           -9.4            3.9
    2454503.651           17.1            4.3
    2454645.984           21.3            4.5
    2454646.968            1.2            4.2
    2454668.009            4.5            3.7
    2454681.904            5.0            3.8
     2454683.97           17.3            3.8
    2454711.893            4.7            4.1
    2454713.873            0.7            4.2
    2454715.882          -11.1            4.6
    2454716.875            5.5            4.1
    2454753.885            0.4            3.6
     2454755.85           -0.2            3.8
    2454777.733           -0.2            4.1
    2454806.796            9.7            5.5
     2454808.77           -2.6            4.3
    2454809.763           20.9            6.1
    2455026.973            1.5            5.7
    2455063.965           10.1            5.0
    2455099.996           -1.7            4.9
    2455116.856           -0.4            6.8
    2455154.739           -1.1            7.6
    2455174.788            7.9            5.8
    2455364.972           -4.6            5.0
    2455419.012           12.4            4.7
    2455446.847           -3.0            3.6
    2455446.856           -3.4            3.1
    2455463.833           11.5            5.2
    2455466.842           -1.0            4.8
    2455569.653           -3.1            4.1
    2455571.713           -0.4            4.6
    2455572.671           15.9            4.8
    2455621.621           -0.8            4.6
    2455757.974           23.9            5.0
    2455803.919          -12.0            4.3
    2455806.936           19.2            4.3
    2455828.781           -0.6            4.2
    2455831.849            7.6            5.1
    2455861.842            8.3            4.2
    2455864.796           20.4            4.4
    2455892.745           11.0            4.9
