    2451745.994           11.5            4.3
    2451778.895           -3.8            3.7
    2451808.867           -2.5            3.6
    2451853.766            5.5            4.1
    2451856.801            2.3            4.6
    2451898.637            0.4            8.0
    2451932.609            3.2            3.9
    2452163.861            8.5            4.9
    2452175.851            9.6            4.0
    2452307.598           12.3            4.5
    2452465.989            1.5            5.3
    2452483.985           -0.5            5.0
    2452494.987            8.2            5.0
    2452517.936           11.7            5.2
     2452528.91           13.3            5.2
     2452530.91            3.6            4.5
    2452541.904            8.1            4.5
    2452543.883            8.3            5.0
    2452559.914           10.6            6.4
    2452561.795            1.0            8.4
    2452571.791           12.8            5.0
     2452589.81           -1.5            5.7
    2452603.782            6.3            4.9
    2452605.724            0.4            4.8
    2452616.772            2.1            5.9
    2452665.604            8.9            4.2
    2452668.611           11.2            5.3
    2452837.972            1.4            5.4
    2452861.963            0.2            4.1
    2452863.985            2.8            5.2
    2452879.918            1.4            4.2
    2452880.947            2.0            5.0
    2452898.911            3.4            4.7
    2452900.928            3.5            4.8
    2452932.839           12.7            4.3
    2452934.804            2.3            4.6
    2452963.753           14.8            5.2
    2452965.809            1.2            5.4
     2453022.63           10.0            5.6
     2453208.01           10.1            3.8
    2453209.978           -1.5            3.7
    2453214.961            3.5            4.2
    2453231.961            9.5            4.0
    2453233.909           -2.6            3.9
     2453235.96            4.9            4.2
    2453265.899            6.3            3.8
    2453268.919            3.6            4.0
     2453269.81           12.1            3.5
    2453286.828            5.8            3.8
    2453324.713           13.3            5.5
    2453354.654            6.8            3.8
    2453400.642            4.0            7.5
    2453550.983            5.0            4.4
    2453578.964            0.3            4.6
    2453613.923           -6.6            4.2
    2453654.771            4.5            4.1
    2453701.724            7.3            4.6
    2453740.745            3.2            4.7
    2453911.993           -1.3            3.6
    2453917.013            1.8            3.9
    2453934.974            1.3            3.9
    2453968.925            8.7            3.2
    2453981.851            3.9            3.8
    2453985.899            4.4            4.0
    2454055.755            2.2            3.9
    2454297.975           10.0            4.1
    2454300.974            1.0            4.0
    2454314.939            1.1            3.6
    2454318.981            5.5            4.2
    2454344.859           10.2            4.3
    2454348.917           10.5            4.0
    2454391.887            8.3            5.4
    2454394.775            0.9            4.2
    2454418.777           14.4            4.5
    2454420.763            1.2            4.2
    2454440.653           -3.3            3.4
    2454443.651            1.1            3.6
    2454481.638            5.6            3.9
    2454503.651            7.6            4.3
    2454645.984           -1.7            4.5
    2454646.968            4.8            4.2
    2454668.009            4.2            3.7
    2454681.904            7.7            3.8
     2454683.97            3.0            3.8
    2454711.893            0.5            4.1
    2454713.873           13.5            4.2
    2454715.882            2.0            4.6
    2454716.875            9.0            4.1
    2454753.885            0.9            3.6
     2454755.85            9.3            3.8
    2454777.733           -2.6            4.1
    2454806.796           12.1            5.5
     2454808.77           -0.9            4.3
    2454809.763            6.7            6.1
    2455026.973            3.8            5.7
    2455063.965            2.9            5.0
    2455099.996           -1.1            4.9
    2455116.856           15.9            6.8
    2455154.739            5.9            7.6
    2455174.788            8.0            5.8
    2455364.972            5.4            5.0
    2455419.012            1.2            4.7
    2455446.847            6.0            3.6
    2455446.856            5.5            3.1
    2455463.833            2.7            5.2
    2455466.842           13.0            4.8
    2455569.653           -2.5            4.1
    2455571.713            6.8            4.6
    2455572.671           -0.9            4.8
    2455621.621           17.0            4.6
    2455757.974            7.3            5.0
    2455803.919           12.0            4.3
    2455806.936            6.3            4.3
    2455828.781            1.4            4.2
    2455831.849            9.9            5.1
    2455861.842            9.6            4.2
    2455864.796           -0.8            4.4
    2455892.745           10.8            4.9
