    2451745.994            5.7            4.3
    2451778.895            3.0            3.7
    2451808.867            0.8            3.6
    2451853.766            0.3            4.1
    2451856.801            1.6            4.6
    2451898.637            3.4            8.0
    2451932.609           10.1            3.9
    2452163.861            7.5            4.9
    2452175.851            4.0            4.0
    2452307.598            6.7            4.5
    2452465.989            3.2            5.3
    2452483.985            3.7            5.0
    2452494.987            9.8            5.0
    2452517.936            4.5            5.2
     2452528.91            0.6            5.2
     2452530.91            2.0            4.5
    2452541.904            9.0            4.5
    2452543.883            7.2            5.0
    2452559.914            6.6            6.4
    2452561.795            8.0            8.4
    2452571.791           11.4            5.0
     2452589.81            5.7            5.7
    2452603.782            4.6            4.9
    2452605.724           -0.8            4.8
    2452616.772            8.1            5.9
    2452665.604            5.1            4.2
    2452668.611            4.0            5.3
    2452837.972            5.6            5.4
    2452861.963            4.8            4.1
    2452863.985            6.3            5.2
    2452879.918            7.2            4.2
    2452880.947            3.0            5.0
    2452898.911            3.1            4.7
    2452900.928            4.2            4.8
    2452932.839            5.0            4.3
    2452934.804            3.1            4.6
    2452963.753            2.3            5.2
    2452965.809            7.1            5.4
     2453022.63            6.7            5.6
     2453208.01            8.8            3.8
    2453209.978            2.1            3.7
    2453214.961           -0.2            4.2
    2453231.961            6.2            4.0
    2453233.909            4.9            3.9
     2453235.96            2.1            4.2
    2453265.899            1.0            3.8
    2453268.919            0.9            4.0
     2453269.81            4.8            3.5
    2453286.828            0.3            3.8
    2453324.713            7.6            5.5
    2453354.654            0.9            3.8
    2453400.642           10.1            7.5
    2453550.983            5.0            4.4
    2453578.964            6.4            4.6
    2453613.923            4.1            4.2
    2453654.771           10.3            4.1
    2453701.724            7.0            4.6
    2453740.745            5.9            4.7
    2453911.993            6.3            3.6
    2453917.013            1.8            3.9
    2453934.974            3.0            3.9
    2453968.925            4.5            3.2
    2453981.851            2.9            3.8
    2453985.899            5.1            4.0
    2454055.755            2.3            3.9
    2454297.975            0.6            4.1
    2454300.974           -0.6            4.0
    2454314.939            7.2            3.6
    2454318.981            4.1            4.2
    2454344.859            5.5            4.3
    2454348.917            0.4            4.0
    2454391.887            7.7            5.4
    2454394.775            5.0            4.2
    2454418.777            5.2            4.5
    2454420.763            3.7            4.2
    2454440.653           -0.7            3.4
    2454443.651           -2.5            3.6
    2454481.638            7.0            3.9
    2454503.651            7.8            4.3
    2454645.984            8.7            4.5
    2454646.968            7.8            4.2
    2454668.009            3.8            3.7
    2454681.904            3.5            3.8
     2454683.97            0.9            3.8
    2454711.893            9.8            4.1
    2454713.873            7.4            4.2
    2454715.882            4.2            4.6
    2454716.875            6.1            4.1
    2454753.885            0.7            3.6
     2454755.85            4.3            3.8
    2454777.733            0.9            4.1
    2454806.796           10.6            5.5
     2454808.77            9.2            4.3
    2454809.763           11.8            6.1
    2455026.973            4.9            5.7
    2455063.965            9.2            5.0
    2455099.996            5.4            4.9
    2455116.856           11.5            6.8
    2455154.739            4.5            7.6
    2455174.788            3.3            5.8
    2455364.972            3.9            5.0
    2455419.012            9.5            4.7
    2455446.847            3.2            3.6
    2455446.856            2.7            3.1
    2455463.833            6.5            5.2
    2455466.842            8.8            4.8
    2455569.653            4.9            4.1
    2455571.713            0.8            4.6
    2455572.671            5.8            4.8
    2455621.621           -1.9            4.6
    2455757.974           -0.0            5.0
    2455803.919            8.7            4.3
    2455806.936            8.6            4.3
    2455828.781            0.1            4.2
    2455831.849           -2.7            5.1
    2455861.842           -0.0            4.2
    2455864.796            2.6            4.4
    2455892.745           10.3            4.9
