    2451745.994           -5.7            4.3
    2451778.895           -7.2            3.7
    2451808.867           -7.2            3.6
    2451853.766           24.3            4.1
    2451856.801            3.7            4.6
    2451898.637            3.3            8.0
    2451932.609           16.0            3.9
    2452163.861            3.6            4.9
    2452175.851            6.3            4.0
    2452307.598          -12.1            4.5
    2452465.989           18.8            5.3
    2452483.985            2.2            5.0
    2452494.987            8.5            5.0
    2452517.936            7.8            5.2
     2452528.91           22.4            5.2
     2452530.91           14.8            4.5
    2452541.904           -4.3            4.5
    2452543.883            3.4            5.0
    2452559.914            5.3            6.4
    2452561.795           14.6            8.4
    2452571.791          -16.0            5.0
     2452589.81            0.6            5.7
    2452603.782           -7.8            4.9
    2452605.724            5.9            4.8
    2452616.772           14.7            5.9
    2452665.604           10.7            4.2
    2452668.611            5.1            5.3
    2452837.972            3.4            5.4
    2452861.963           -3.4            4.1
    2452863.985           -2.9            5.2
    2452879.918            5.2            4.2
    2452880.947            1.2            5.0
    2452898.911          -13.7            4.7
    2452900.928           -6.3            4.8
    2452932.839            7.3            4.3
    2452934.804            5.9            4.6
    2452963.753            1.6            5.2
    2452965.809           -6.1            5.4
     2453022.63            8.9            5.6
     2453208.01            6.9            3.8
    2453209.978           -5.1            3.7
    2453214.961          -10.8            4.2
    2453231.961            8.5            4.0
    2453233.909            5.4            3.9
     2453235.96            3.1            4.2
    2453265.899           -8.3            3.8
    2453268.919           18.5            4.0
     2453269.81            3.6            3.5
    2453286.828            3.6            3.8
    2453324.713           16.5            5.5
    2453354.654           12.3            3.8
    2453400.642            8.1            7.5
    2453550.983           -1.6            4.4
    2453578.964           -4.4            4.6
    2453613.923           -8.6            4.2
    2453654.771            2.8            4.1
    2453701.724            2.7            4.6
    2453740.745            0.4            4.7
    2453911.993            9.9            3.6
    2453917.013           10.5            3.9
    2453934.974           14.3            3.9
    2453968.925            4.3            3.2
    2453981.851            9.8            3.8
    2453985.899           15.0            4.0
    2454055.755            7.3            3.9
    2454297.975            3.3            4.1
    2454300.974            8.6            4.0
    2454314.939           16.6            3.6
    2454318.981           -6.6            4.2
    2454344.859           14.3            4.3
    2454348.917           -0.9            4.0
    2454391.887           11.4            5.4
    2454394.775            7.3            4.2
    2454418.777           -6.4            4.5
    2454420.763          -16.8            4.2
    2454440.653           12.4            3.4
    2454443.651            9.2            3.6
    2454481.638            8.3            3.9
    2454503.651            2.5            4.3
    2454645.984            4.4            4.5
    2454646.968           15.9            4.2
    2454668.009            9.8            3.7
    2454681.904            7.7            3.8
     2454683.97            2.7            3.8
    2454711.893           11.8            4.1
    2454713.873            0.9            4.2
    2454715.882          -10.2            4.6
    2454716.875           -1.7            4.1
    2454753.885            9.1            3.6
     2454755.85           17.7            3.8
    2454777.733            9.3            4.1
    2454806.796           20.3            5.5
     2454808.77           12.2            4.3
    2454809.763           18.2            6.1
    2455026.973            2.0            5.7
    2455063.965           -6.3            5.0
    2455099.996            1.9            4.9
    2455116.856           -2.7            6.8
    2455154.739           17.2            7.6
    2455174.788            2.9            5.8
    2455364.972           -3.6            5.0
    2455419.012           14.5            4.7
    2455446.847           -6.8            3.6
    2455446.856           -7.0            3.1
    2455463.833           10.5            5.2
    2455466.842            3.7            4.8
    2455569.653            9.0            4.1
    2455571.713           -4.0            4.6
    2455572.671           12.3            4.8
    2455621.621           11.9            4.6
    2455757.974           -5.1            5.0
    2455803.919           -7.3            4.3
    2455806.936            4.2            4.3
    2455828.781            5.6            4.2
    2455831.849           10.5            5.1
    2455861.842           -1.5            4.2
    2455864.796           21.1            4.4
    2455892.745            7.4            4.9
