    2451745.994            3.7            4.3
    2451778.895           -2.6            3.7
    2451808.867            8.8            3.6
    2451853.766            4.0            4.1
    2451856.801            3.3            4.6
    2451898.637           -3.3            8.0
    2451932.609            3.9            3.9
    2452163.861            3.9            4.9
    2452175.851            7.0            4.0
    2452307.598            1.4            4.5
    2452465.989            4.1            5.3
    2452483.985           10.1            5.0
    2452494.987            1.3            5.0
    2452517.936            3.4            5.2
     2452528.91           -2.3            5.2
     2452530.91            2.4            4.5
    2452541.904           -0.1            4.5
    2452543.883            0.9            5.0
    2452559.914            6.8            6.4
    2452561.795            9.3            8.4
    2452571.791            4.9            5.0
     2452589.81           10.2            5.7
    2452603.782           14.6            4.9
    2452605.724            7.7            4.8
    2452616.772            7.5            5.9
    2452665.604           10.0            4.2
    2452668.611           -0.7            5.3
    2452837.972           -0.9            5.4
    2452861.963            0.4            4.1
    2452863.985            5.8            5.2
    2452879.918           -3.0            4.2
    2452880.947            8.1            5.0
    2452898.911            8.8            4.7
    2452900.928           12.4            4.8
    2452932.839           -6.0            4.3
    2452934.804            4.8            4.6
    2452963.753            6.2            5.2
    2452965.809            1.9            5.4
     2453022.63            8.5            5.6
     2453208.01            3.5            3.8
    2453209.978           11.4            3.7
    2453214.961            0.4            4.2
    2453231.961            0.6            4.0
    2453233.909            9.6            3.9
     2453235.96            5.6            4.2
    2453265.899           -1.2            3.8
    2453268.919            0.7            4.0
     2453269.81           -1.2            3.5
    2453286.828           13.5            3.8
    2453324.713           11.9            5.5
    2453354.654           -2.0            3.8
    2453400.642            9.9            7.5
    2453550.983           12.9            4.4
    2453578.964            4.1            4.6
    2453613.923            7.4            4.2
    2453654.771           -5.1            4.1
    2453701.724            5.3            4.6
    2453740.745           -3.8            4.7
    2453911.993           -1.2            3.6
    2453917.013            5.6            3.9
    2453934.974            5.6            3.9
    2453968.925           10.8            3.2
    2453981.851            6.5            3.8
    2453985.899            3.5            4.0
    2454055.755            8.0            3.9
    2454297.975            3.0            4.1
    2454300.974            2.5            4.0
    2454314.939           13.1            3.6
    2454318.981            1.8            4.2
    2454344.859            3.9            4.3
    2454348.917            4.3            4.0
    2454391.887            7.5            5.4
    2454394.775            8.0            4.2
    2454418.777           -0.7            4.5
    2454420.763           -1.2            4.2
    2454440.653            1.8            3.4
    2454443.651            2.0            3.6
    2454481.638            7.3            3.9
    2454503.651           14.4            4.3
    2454645.984            7.3            4.5
    2454646.968            1.8            4.2
    2454668.009           10.8            3.7
    2454681.904            8.1            3.8
     2454683.97            6.6            3.8
    2454711.893            4.3            4.1
    2454713.873            1.2            4.2
    2454715.882           -0.8            4.6
    2454716.875            3.2            4.1
    2454753.885            0.6            3.6
     2454755.85          -10.3            3.8
    2454777.733            7.0            4.1
    2454806.796            4.8            5.5
     2454808.77           -3.1            4.3
    2454809.763            6.7            6.1
    2455026.973            5.5            5.7
    2455063.965           -2.6            5.0
    2455099.996            4.7            4.9
    2455116.856            5.0            6.8
    2455154.739            3.6            7.6
    2455174.788            4.9            5.8
    2455364.972           14.6            5.0
    2455419.012            1.2            4.7
    2455446.847            3.0            3.6
    2455446.856            2.6            3.1
    2455463.833           -2.2            5.2
    2455466.842            8.7            4.8
    2455569.653            0.3            4.1
    2455571.713           10.7            4.6
    2455572.671           -1.7            4.8
    2455621.621           -3.5            4.6
    2455757.974            8.7            5.0
    2455803.919            2.8            4.3
    2455806.936           16.1            4.3
    2455828.781            3.9            4.2
    2455831.849            4.7            5.1
    2455861.842           -1.6            4.2
    2455864.796           11.2            4.4
    2455892.745            7.3            4.9
