    2451745.994           -4.7            4.3
    2451778.895          -15.6            3.7
    2451808.867            5.9            3.6
    2451853.766            1.1            4.1
    2451856.801           11.9            4.6
    2451898.637           18.9            8.0
    2451932.609           20.6            3.9
    2452163.861          -12.4            4.9
    2452175.851            6.5            4.0
    2452307.598           -0.4            4.5
    2452465.989           -2.1            5.3
    2452483.985           23.8            5.0
    2452494.987           -7.7            5.0
    2452517.936           13.1            5.2
     2452528.91            0.2            5.2
     2452530.91            0.4            4.5
    2452541.904            0.9            4.5
    2452543.883            4.3            5.0
    2452559.914           17.8            6.4
    2452561.795            5.8            8.4
    2452571.791            2.8            5.0
     2452589.81           11.6            5.7
    2452603.782          -12.8            4.9
    2452605.724            1.2            4.8
    2452616.772            1.7            5.9
    2452665.604           -0.3            4.2
    2452668.611           11.0            5.3
    2452837.972            0.5            5.4
    2452861.963           10.6            4.1
    2452863.985            8.1            5.2
    2452879.918          -12.2            4.2
    2452880.947            6.7            5.0
    2452898.911           12.4            4.7
    2452900.928            9.9            4.8
    2452932.839            0.3            4.3
    2452934.804           -1.1            4.6
    2452963.753           11.7            5.2
    2452965.809           12.1            5.4
     2453022.63            5.6            5.6
     2453208.01            6.0            3.8
    2453209.978            5.5            3.7
    2453214.961            5.7            4.2
    2453231.961            4.3            4.0
    2453233.909            7.1            3.9
     2453235.96            2.3            4.2
    2453265.899            8.0            3.8
    2453268.919           11.5            4.0
     2453269.81            7.8            3.5
    2453286.828           -7.3            3.8
    2453324.713           -6.7            5.5
    2453354.654           -4.8            3.8
    2453400.642           -1.4            7.5
    2453550.983           19.4            4.4
    2453578.964           17.7            4.6
    2453613.923            6.0            4.2
    2453654.771           16.1            4.1
    2453701.724           -1.8            4.6
    2453740.745            3.2            4.7
    2453911.993          -13.7            3.6
    2453917.013           -5.1            3.9
    2453934.974            5.6            3.9
    2453968.925           12.9            3.2
    2453981.851            2.9            3.8
    2453985.899           -1.2            4.0
    2454055.755           -4.8            3.9
    2454297.975           11.8            4.1
    2454300.974           14.5            4.0
    2454314.939            6.7            3.6
    2454318.981           -5.4            4.2
    2454344.859           -7.1            4.3
    2454348.917            6.8            4.0
    2454391.887           -1.8            5.4
    2454394.775           -0.9            4.2
    2454418.777            4.5            4.5
    2454420.763          -11.9            4.2
    2454440.653           -3.8            3.4
    2454443.651            9.5            3.6
    2454481.638           -3.6            3.9
    2454503.651           -1.2            4.3
    2454645.984            3.7            4.5
    2454646.968            9.0            4.2
    2454668.009          -11.8            3.7
    2454681.904            6.5            3.8
     2454683.97            7.9            3.8
    2454711.893           12.9            4.1
    2454713.873            9.2            4.2
    2454715.882            4.2            4.6
    2454716.875            0.8            4.1
    2454753.885           11.4            3.6
     2454755.85           10.3            3.8
    2454777.733            0.0            4.1
    2454806.796            2.3            5.5
     2454808.77           18.4            4.3
    2454809.763            9.6            6.1
    2455026.973            6.2            5.7
    2455063.965           19.1            5.0
    2455099.996           10.9            4.9
    2455116.856            3.5            6.8
    2455154.739           10.7            7.6
    2455174.788            2.8            5.8
    2455364.972           17.0            5.0
    2455419.012           -4.9            4.7
    2455446.847            0.8            3.6
    2455446.856            0.2            3.1
    2455463.833           19.3            5.2
    2455466.842           11.4            4.8
    2455569.653            2.6            4.1
    2455571.713            9.1            4.6
    2455572.671           24.8            4.8
    2455621.621            3.6            4.6
    2455757.974           10.8            5.0
    2455803.919           -6.5            4.3
    2455806.936            6.5            4.3
    2455828.781            5.1            4.2
    2455831.849           -8.4            5.1
    2455861.842            7.9            4.2
    2455864.796          -12.8            4.4
    2455892.745          -12.8            4.9
