    2451745.994            0.7            4.3
    2451778.895           -3.8            3.7
    2451808.867           -2.1            3.6
    2451853.766           -0.4            4.1
    2451856.801           16.1            4.6
    2451898.637            2.6            8.0
    2451932.609            4.9            3.9
    2452163.861            0.6            4.9
    2452175.851            2.6            4.0
    2452307.598            4.6            4.5
    2452465.989           -1.9            5.3
    2452483.985           -2.5            5.0
    2452494.987            6.8            5.0
    2452517.936           -2.2            5.2
     2452528.91           -0.8            5.2
     2452530.91           -1.3            4.5
    2452541.904            1.9            4.5
    2452543.883            4.3            5.0
    2452559.914           10.8            6.4
    2452561.795           12.6            8.4
    2452571.791           -5.2            5.0
     2452589.81           14.9            5.7
    2452603.782           -1.5            4.9
    2452605.724           -0.6            4.8
    2452616.772           -0.9            5.9
    2452665.604            9.7            4.2
    2452668.611            5.6            5.3
    2452837.972            5.9            5.4
    2452861.963           -2.9            4.1
    2452863.985           -1.8            5.2
    2452879.918           11.0            4.2
    2452880.947            7.1            5.0
    2452898.911           11.0            4.7
    2452900.928           -0.4            4.8
    2452932.839           -5.2            4.3
    2452934.804            2.6            4.6
    2452963.753            6.5            5.2
    2452965.809            8.5            5.4
     2453022.63           11.8            5.6
     2453208.01           -0.2            3.8
    2453209.978            1.2            3.7
    2453214.961           10.8            4.2
    2453231.961           -0.6            4.0
    2453233.909           -7.2            3.9
     2453235.96           -2.3            4.2
    2453265.899           -5.1            3.8
    2453268.919            5.4            4.0
     2453269.81            3.0            3.5
    2453286.828           12.4            3.8
    2453324.713            6.4            5.5
    2453354.654            3.6            3.8
    2453400.642           15.2            7.5
    2453550.983            5.9            4.4
    2453578.964            6.1            4.6
    2453613.923            3.0            4.2
    2453654.771           -7.5            4.1
    2453701.724           14.0            4.6
    2453740.745           -1.9            4.7
    2453911.993            4.8            3.6
    2453917.013            6.1            3.9
    2453934.974            2.7            3.9
    2453968.925           -6.5            3.2
    2453981.851            0.3            3.8
    2453985.899           -6.4            4.0
    2454055.755            4.7            3.9
    2454297.975            5.9            4.1
    2454300.974            9.7            4.0
    2454314.939            0.6            3.6
    2454318.981           -5.5            4.2
    2454344.859            5.1            4.3
    2454348.917            3.6            4.0
    2454391.887            7.8            5.4
    2454394.775            7.2            4.2
    2454418.777           -2.8            4.5
    2454420.763           -6.7            4.2
    2454440.653           13.7            3.4
    2454443.651            2.8            3.6
    2454481.638            9.8            3.9
    2454503.651            1.9            4.3
    2454645.984            8.4            4.5
    2454646.968            9.6            4.2
    2454668.009           -2.6            3.7
    2454681.904            4.8            3.8
     2454683.97           13.1            3.8
    2454711.893            9.6            4.1
    2454713.873           13.2            4.2
    2454715.882            7.8            4.6
    2454716.875            1.2            4.1
    2454753.885           -6.2            3.6
     2454755.85            1.9            3.8
    2454777.733           -2.4            4.1
    2454806.796            0.6            5.5
     2454808.77            2.3            4.3
    2454809.763           -6.7            6.1
    2455026.973          -11.4            5.7
    2455063.965            2.7            5.0
    2455099.996           -3.9            4.9
    2455116.856            3.4            6.8
    2455154.739            4.3            7.6
    2455174.788            6.6            5.8
    2455364.972            9.5            5.0
    2455419.012            3.5            4.7
    2455446.847            5.0            3.6
    2455446.856            4.7            3.1
    2455463.833            3.6            5.2
    2455466.842           13.9            4.8
    2455569.653           17.3            4.1
    2455571.713            8.7            4.6
    2455572.671           -0.9            4.8
    2455621.621           13.2            4.6
    2455757.974           -0.9            5.0
    2455803.919            7.6            4.3
    2455806.936            1.3            4.3
    2455828.781            4.2            4.2
    2455831.849            4.9            5.1
    2455861.842           -3.5            4.2
    2455864.796            0.9            4.4
    2455892.745            4.2            4.9
