    2451745.994           10.8            4.3
    2451778.895           11.1            3.7
    2451808.867            8.8            3.6
    2451853.766           -2.7            4.1
    2451856.801            5.0            4.6
    2451898.637            4.9            8.0
    2451932.609           -3.7            3.9
    2452163.861           14.5            4.9
    2452175.851            1.4            4.0
    2452307.598            4.0            4.5
    2452465.989           -4.6            5.3
    2452483.985            2.5            5.0
    2452494.987            4.7            5.0
    2452517.936            2.6            5.2
     2452528.91           -1.5            5.2
     2452530.91           -2.8            4.5
    2452541.904           10.1            4.5
    2452543.883            4.7            5.0
    2452559.914            8.9            6.4
    2452561.795            7.7            8.4
    2452571.791           10.3            5.0
     2452589.81            2.2            5.7
    2452603.782           11.5            4.9
    2452605.724            8.9            4.8
    2452616.772           15.0            5.9
    2452665.604            7.6            4.2
    2452668.611           10.4            5.3
    2452837.972           -4.9            5.4
    2452861.963            5.9            4.1
    2452863.985            7.6            5.2
    2452879.918           13.3            4.2
    2452880.947           10.9            5.0
    2452898.911            4.4            4.7
    2452900.928           -0.5            4.8
    2452932.839            0.1            4.3
    2452934.804            0.4            4.6
    2452963.753            4.6            5.2
    2452965.809            1.6            5.4
     2453022.63           15.8            5.6
     2453208.01            4.5            3.8
    2453209.978           -0.3            3.7
    2453214.961           11.3            4.2
    2453231.961            8.3            4.0
    2453233.909            8.9            3.9
     2453235.96            4.5            4.2
    2453265.899           10.7            3.8
    2453268.919           12.1            4.0
     2453269.81           11.2            3.5
    2453286.828            7.2            3.8
    2453324.713           -1.7            5.5
    2453354.654           -1.1            3.8
    2453400.642           11.5            7.5
    2453550.983            2.9            4.4
    2453578.964           -3.5            4.6
    2453613.923            1.8            4.2
    2453654.771           10.8            4.1
    2453701.724            3.0            4.6
    2453740.745            6.6            4.7
    2453911.993            5.5            3.6
    2453917.013            6.2            3.9
    2453934.974            7.1            3.9
    2453968.925           -8.1            3.2
    2453981.851            1.6            3.8
    2453985.899           -0.4            4.0
    2454055.755            4.3            3.9
    2454297.975           -1.3            4.1
    2454300.974            4.5            4.0
    2454314.939            5.8            3.6
    2454318.981            9.2            4.2
    2454344.859            2.8            4.3
    2454348.917            7.0            4.0
    2454391.887            2.2            5.4
    2454394.775            8.9            4.2
    2454418.777            3.4            4.5
    2454420.763            0.6            4.2
    2454440.653           -5.5            3.4
    2454443.651           -0.1            3.6
    2454481.638            9.8            3.9
    2454503.651           -5.6            4.3
    2454645.984            5.5            4.5
    2454646.968            1.3            4.2
    2454668.009            2.3            3.7
    2454681.904           -2.4            3.8
     2454683.97           -5.2            3.8
    2454711.893            2.1            4.1
    2454713.873            0.7            4.2
    2454715.882           -1.2            4.6
    2454716.875            0.5            4.1
    2454753.885            4.3            3.6
     2454755.85            8.1            3.8
    2454777.733           -2.2            4.1
    2454806.796           10.4            5.5
     2454808.77            0.2            4.3
    2454809.763           -0.8            6.1
    2455026.973            1.0            5.7
    2455063.965           11.4            5.0
    2455099.996            1.1            4.9
    2455116.856            9.5            6.8
    2455154.739            2.8            7.6
    2455174.788           11.9            5.8
    2455364.972            2.1            5.0
    2455419.012            3.4            4.7
    2455446.847            9.2            3.6
    2455446.856            8.7            3.1
    2455463.833            8.7            5.2
    2455466.842           13.0            4.8
    2455569.653            1.0            4.1
    2455571.713            2.1            4.6
    2455572.671            1.3            4.8
    2455621.621           -2.8            4.6
    2455757.974           10.7            5.0
    2455803.919            2.1            4.3
    2455806.936            7.8            4.3
    2455828.781           -1.7            4.2
    2455831.849            1.3            5.1
    2455861.842            0.0            4.2
    2455864.796            0.2            4.4
    2455892.745           -0.3            4.9
