    2451745.994            6.4            4.3
    2451778.895            1.7            3.7
    2451808.867           -1.0            3.6
    2451853.766            3.4            4.1
    2451856.801            5.6            4.6
    2451898.637            8.4            8.0
    2451932.609           -2.0            3.9
    2452163.861            5.9            4.9
    2452175.851            5.7            4.0
    2452307.598            3.2            4.5
    2452465.989            7.8            5.3
    2452483.985           -1.6            5.0
    2452494.987            4.1            5.0
    2452517.936            0.1            5.2
     2452528.91            6.8            5.2
     2452530.91           10.1            4.5
    2452541.904            7.5            4.5
    2452543.883            3.9            5.0
    2452559.914           11.1            6.4
    2452561.795            7.6            8.4
    2452571.791            4.1            5.0
     2452589.81            7.8            5.7
    2452603.782            2.7            4.9
    2452605.724           -0.3            4.8
    2452616.772            7.3            5.9
    2452665.604            2.6            4.2
    2452668.611            6.4            5.3
    2452837.972            9.7            5.4
    2452861.963            7.7            4.1
    2452863.985            7.3            5.2
    2452879.918            0.2            4.2
    2452880.947            0.8            5.0
    2452898.911            5.4            4.7
    2452900.928            5.2            4.8
    2452932.839            4.4            4.3
    2452934.804            6.4            4.6
    2452963.753           12.7            5.2
    2452965.809            7.8            5.4
     2453022.63            9.2            5.6
     2453208.01            4.7            3.8
    2453209.978            2.9            3.7
    2453214.961            2.6            4.2
    2453231.961            7.2            4.0
    2453233.909            6.9            3.9
     2453235.96            8.0            4.2
    2453265.899            7.4            3.8
    2453268.919            3.2            4.0
     2453269.81            2.1            3.5
    2453286.828           -0.4            3.8
    2453324.713           11.7            5.5
    2453354.654            4.0            3.8
    2453400.642            4.4            7.5
    2453550.983            5.5            4.4
    2453578.964            1.9            4.6
    2453613.923            0.8            4.2
    2453654.771            5.9            4.1
    2453701.724            2.7            4.6
    2453740.745            3.7            4.7
    2453911.993            9.0            3.6
    2453917.013            2.4            3.9
    2453934.974            5.7            3.9
    2453968.925            0.5            3.2
    2453981.851           -0.0            3.8
    2453985.899           -1.9            4.0
    2454055.755            3.4            3.9
    2454297.975            5.0            4.1
    2454300.974            9.0            4.0
    2454314.939            3.9            3.6
    2454318.981            5.6            4.2
    2454344.859            3.7            4.3
    2454348.917            1.5            4.0
    2454391.887            3.4            5.4
    2454394.775            8.1            4.2
    2454418.777            2.6            4.5
    2454420.763            5.4            4.2
    2454440.653            4.8            3.4
    2454443.651           -0.9            3.6
    2454481.638            5.3            3.9
    2454503.651            0.0            4.3
    2454645.984            7.4            4.5
    2454646.968            6.1            4.2
    2454668.009            0.8            3.7
    2454681.904            5.7            3.8
     2454683.97           -0.2            3.8
    2454711.893            5.6            4.1
    2454713.873            3.2            4.2
    2454715.882            5.9            4.6
    2454716.875            2.2            4.1
    2454753.885           -4.7            3.6
     2454755.85            1.4            3.8
    2454777.733            0.3            4.1
    2454806.796            6.1            5.5
     2454808.77            5.3            4.3
    2454809.763            8.6            6.1
    2455026.973            6.5            5.7
    2455063.965            1.0            5.0
    2455099.996            7.5            4.9
    2455116.856            2.2            6.8
    2455154.739            5.5            7.6
    2455174.788            3.7            5.8
    2455364.972           -0.9            5.0
    2455419.012           -1.6            4.7
    2455446.847            3.0            3.6
    2455446.856            2.5            3.1
    2455463.833            5.8            5.2
    2455466.842            6.8            4.8
    2455569.653            6.5            4.1
    2455571.713            0.9            4.6
    2455572.671            2.1            4.8
    2455621.621            9.8            4.6
    2455757.974            2.8            5.0
    2455803.919            8.4            4.3
    2455806.936            7.0            4.3
    2455828.781            4.5            4.2
    2455831.849            4.1            5.1
    2455861.842            8.8            4.2
    2455864.796            7.7            4.4
    2455892.745            5.3            4.9
