    2451745.994           10.1            4.3
    2451778.895          -10.5            3.7
    2451808.867            0.5            3.6
    2451853.766           20.0            4.1
    2451856.801           -3.3            4.6
    2451898.637           -3.6            8.0
    2451932.609            5.3            3.9
    2452163.861            1.5            4.9
    2452175.851            7.0            4.0
    2452307.598           13.5            4.5
    2452465.989           17.2            5.3
    2452483.985           13.4            5.0
    2452494.987            4.6            5.0
    2452517.936           12.3            5.2
     2452528.91            0.7            5.2
     2452530.91           19.1            4.5
    2452541.904          -11.9            4.5
    2452543.883            4.4            5.0
    2452559.914            0.4            6.4
    2452561.795            2.2            8.4
    2452571.791           -3.2            5.0
     2452589.81            5.0            5.7
    2452603.782           12.0            4.9
    2452605.724           -5.4            4.8
    2452616.772           16.7            5.9
    2452665.604           -3.2            4.2
    2452668.611           13.9            5.3
    2452837.972           13.1            5.4
    2452861.963            2.2            4.1
    2452863.985           14.4            5.2
    2452879.918           -0.6            4.2
    2452880.947           12.0            5.0
    2452898.911           10.9            4.7
    2452900.928           -2.3            4.8
    2452932.839            3.0            4.3
    2452934.804          -13.8            4.6
    2452963.753           17.8            5.2
    2452965.809           -1.2            5.4
     2453022.63           10.6            5.6
     2453208.01            9.8            3.8
    2453209.978            6.5            3.7
    2453214.961           19.8            4.2
    2453231.961            8.8            4.0
    2453233.909            9.8            3.9
     2453235.96            8.2            4.2
    2453265.899           -6.6            3.8
    2453268.919           -3.8            4.0
     2453269.81           -3.8            3.5
    2453286.828           -8.7            3.8
    2453324.713           -8.0            5.5
    2453354.654           -0.5            3.8
    2453400.642           22.7            7.5
    2453550.983           -7.8            4.4
    2453578.964            4.8            4.6
    2453613.923            9.4            4.2
    2453654.771           -4.2            4.1
    2453701.724           -9.2            4.6
    2453740.745           -8.8            4.7
    2453911.993           -4.0            3.6
    2453917.013            8.2            3.9
    2453934.974           11.2            3.9
    2453968.925            8.4            3.2
    2453981.851           13.7            3.8
    2453985.899            4.5            4.0
    2454055.755            8.9            3.9
    2454297.975           -5.1            4.1
    2454300.974          -16.4            4.0
    2454314.939           -0.4            3.6
    2454318.981           -8.0            4.2
    2454344.859           -1.4            4.3
    2454348.917           -1.5            4.0
    2454391.887            5.6            5.4
    2454394.775           13.4            4.2
    2454418.777            8.5            4.5
    2454420.763            0.3            4.2
    2454440.653            7.8            3.4
    2454443.651           -6.4            3.6
    2454481.638          -12.4            3.9
    2454503.651           -9.2            4.3
    2454645.984           17.1            4.5
    2454646.968            4.4            4.2
    2454668.009            4.3            3.7
    2454681.904           -0.8            3.8
     2454683.97            9.9            3.8
    2454711.893           -3.5            4.1
    2454713.873            6.0            4.2
    2454715.882            4.8            4.6
    2454716.875           -2.7            4.1
    2454753.885           10.8            3.6
     2454755.85           -5.4            3.8
    2454777.733            3.3            4.1
    2454806.796            2.8            5.5
     2454808.77            9.6            4.3
    2454809.763           12.8            6.1
    2455026.973           12.2            5.7
    2455063.965          -12.2            5.0
    2455099.996            4.5            4.9
    2455116.856           16.8            6.8
    2455154.739           12.9            7.6
    2455174.788            6.7            5.8
    2455364.972           22.9            5.0
    2455419.012           -9.6            4.7
    2455446.847           15.1            3.6
    2455446.856           14.6            3.1
    2455463.833           17.7            5.2
    2455466.842            2.4            4.8
    2455569.653            3.4            4.1
    2455571.713           22.4            4.6
    2455572.671           17.1            4.8
    2455621.621           -8.0            4.6
    2455757.974           11.4            5.0
    2455803.919           -4.2            4.3
    2455806.936            6.4            4.3
    2455828.781            4.3            4.2
    2455831.849           10.1            5.1
    2455861.842            6.6            4.2
    2455864.796           -5.6            4.4
    2455892.745           11.5            4.9
