    2451745.994            2.3            4.3
    2451778.895            9.6            3.7
    2451808.867            7.2            3.6
    2451853.766           15.5            4.1
    2451856.801           14.5            4.6
    2451898.637            3.2            8.0
    2451932.609           10.3            3.9
    2452163.861           -6.4            4.9
    2452175.851            4.2            4.0
    2452307.598            4.3            4.5
    2452465.989           18.1            5.3
    2452483.985           16.1            5.0
    2452494.987           -8.1            5.0
    2452517.936            3.0            5.2
     2452528.91           -1.0            5.2
     2452530.91           -6.5            4.5
    2452541.904            8.4            4.5
    2452543.883           -1.9            5.0
    2452559.914            8.8            6.4
    2452561.795            6.8            8.4
    2452571.791           11.8            5.0
     2452589.81           14.1            5.7
    2452603.782            6.3            4.9
    2452605.724           -0.2            4.8
    2452616.772           16.6            5.9
    2452665.604            5.0            4.2
    2452668.611           14.6            5.3
    2452837.972            8.4            5.4
    2452861.963            0.1            4.1
    2452863.985            1.4            5.2
    2452879.918            1.8            4.2
    2452880.947            5.1            5.0
    2452898.911            2.6            4.7
    2452900.928           -9.9            4.8
    2452932.839            7.5            4.3
    2452934.804            0.6            4.6
    2452963.753           14.6            5.2
    2452965.809            9.7            5.4
     2453022.63           14.1            5.6
     2453208.01           11.7            3.8
    2453209.978            4.2            3.7
    2453214.961            4.1            4.2
    2453231.961           -3.8            4.0
    2453233.909            5.2            3.9
     2453235.96           -7.3            4.2
    2453265.899           -2.5            3.8
    2453268.919            5.3            4.0
     2453269.81           -2.8            3.5
    2453286.828            5.0            3.8
    2453324.713           -1.3            5.5
    2453354.654            2.2            3.8
    2453400.642           12.0            7.5
    2453550.983           11.7            4.4
    2453578.964            6.2            4.6
    2453613.923            7.9            4.2
    2453654.771           -4.7            4.1
    2453701.724            6.4            4.6
    2453740.745           17.6            4.7
    2453911.993           12.6            3.6
    2453917.013            9.3            3.9
    2453934.974           10.0            3.9
    2453968.925            8.0            3.2
    2453981.851            6.8            3.8
    2453985.899            3.6            4.0
    2454055.755           -3.8            3.9
    2454297.975            3.3            4.1
    2454300.974           14.7            4.0
    2454314.939           10.1            3.6
    2454318.981           14.8            4.2
    2454344.859           11.0            4.3
    2454348.917           13.6            4.0
    2454391.887            5.1            5.4
    2454394.775            0.4            4.2
    2454418.777           -2.5            4.5
    2454420.763           -1.8            4.2
    2454440.653           -2.4            3.4
    2454443.651           -3.4            3.6
    2454481.638           15.9            3.9
    2454503.651           18.0            4.3
    2454645.984            0.0            4.5
    2454646.968           -4.2            4.2
    2454668.009            5.7            3.7
    2454681.904           -2.9            3.8
     2454683.97           13.8            3.8
    2454711.893            6.2            4.1
    2454713.873            1.0            4.2
    2454715.882            8.8            4.6
    2454716.875           -0.9            4.1
    2454753.885            1.0            3.6
     2454755.85            4.9            3.8
    2454777.733            9.3            4.1
    2454806.796           -1.0            5.5
     2454808.77           -0.4            4.3
    2454809.763           -6.7            6.1
    2455026.973           -2.4            5.7
    2455063.965           11.0            5.0
    2455099.996            6.5            4.9
    2455116.856           16.7            6.8
    2455154.739            2.9            7.6
    2455174.788            3.9            5.8
    2455364.972           -5.0            5.0
    2455419.012           -7.1            4.7
    2455446.847           14.9            3.6
    2455446.856           14.5            3.1
    2455463.833           11.2            5.2
    2455466.842            3.2            4.8
    2455569.653           -1.9            4.1
    2455571.713            3.8            4.6
    2455572.671           -3.4            4.8
    2455621.621           -7.4            4.6
    2455757.974           -1.8            5.0
    2455803.919            5.4            4.3
    2455806.936           -9.0            4.3
    2455828.781           -5.0            4.2
    2455831.849           10.8            5.1
    2455861.842           11.1            4.2
    2455864.796            1.1            4.4
    2455892.745           18.0            4.9
