    2451745.994           -1.8            4.3
    2451778.895            1.2            3.7
    2451808.867           -1.4            3.6
    2451853.766           -5.1            4.1
    2451856.801            7.1            4.6
    2451898.637           20.3            8.0
    2451932.609            3.9            3.9
    2452163.861            0.6            4.9
    2452175.851            4.9            4.0
    2452307.598           -1.3            4.5
    2452465.989            6.1            5.3
    2452483.985            7.6            5.0
    2452494.987           -0.6            5.0
    2452517.936            1.6            5.2
     2452528.91           10.7            5.2
     2452530.91           11.4            4.5
    2452541.904            5.6            4.5
    2452543.883           17.9            5.0
    2452559.914           14.4            6.4
    2452561.795           12.4            8.4
    2452571.791           -3.9            5.0
     2452589.81            6.4            5.7
    2452603.782           16.3            4.9
    2452605.724           16.5            4.8
    2452616.772            8.8            5.9
    2452665.604            4.5            4.2
    2452668.611            6.1            5.3
    2452837.972            7.6            5.4
    2452861.963            8.6            4.1
    2452863.985           10.3            5.2
    2452879.918            4.6            4.2
    2452880.947            4.2            5.0
    2452898.911           11.5            4.7
    2452900.928            0.9            4.8
    2452932.839            9.5            4.3
    2452934.804           10.9            4.6
    2452963.753            9.3            5.2
    2452965.809            4.7            5.4
     2453022.63           -1.1            5.6
     2453208.01           -0.8            3.8
    2453209.978            4.7            3.7
    2453214.961            4.1            4.2
    2453231.961            7.4            4.0
    2453233.909            6.7            3.9
     2453235.96            4.1            4.2
    2453265.899            7.0            3.8
    2453268.919            5.6            4.0
     2453269.81           11.2            3.5
    2453286.828           -0.5            3.8
    2453324.713            5.4            5.5
    2453354.654            5.1            3.8
    2453400.642           15.0            7.5
    2453550.983           -0.5            4.4
    2453578.964            6.9            4.6
    2453613.923           -0.6            4.2
    2453654.771            7.7            4.1
    2453701.724            9.3            4.6
    2453740.745           -4.0            4.7
    2453911.993           11.0            3.6
    2453917.013            2.3            3.9
    2453934.974           13.9            3.9
    2453968.925            8.7            3.2
    2453981.851           -2.9            3.8
    2453985.899           -5.7            4.0
    2454055.755            7.3            3.9
    2454297.975            1.8            4.1
    2454300.974           14.0            4.0
    2454314.939            4.1            3.6
    2454318.981           -0.5            4.2
    2454344.859           10.3            4.3
    2454348.917           10.4            4.0
    2454391.887           -2.0            5.4
    2454394.775            9.8            4.2
    2454418.777           -1.1            4.5
    2454420.763            4.7            4.2
    2454440.653            9.9            3.4
    2454443.651           -7.8            3.6
    2454481.638           10.3            3.9
    2454503.651           -3.6            4.3
    2454645.984            3.6            4.5
    2454646.968            0.4            4.2
    2454668.009           -1.1            3.7
    2454681.904           14.2            3.8
     2454683.97            6.2            3.8
    2454711.893           -3.3            4.1
    2454713.873           -0.6            4.2
    2454715.882           -0.9            4.6
    2454716.875            3.3            4.1
    2454753.885            1.4            3.6
     2454755.85            4.1            3.8
    2454777.733            0.4            4.1
    2454806.796            9.7            5.5
     2454808.77           16.7            4.3
    2454809.763            1.8            6.1
    2455026.973           12.0            5.7
    2455063.965            6.6            5.0
    2455099.996            8.6            4.9
    2455116.856            7.7            6.8
    2455154.739            4.2            7.6
    2455174.788           14.5            5.8
    2455364.972           -9.0            5.0
    2455419.012           -7.3            4.7
    2455446.847            5.3            3.6
    2455446.856            5.0            3.1
    2455463.833            3.2            5.2
    2455466.842           -3.9            4.8
    2455569.653            8.4            4.1
    2455571.713           10.6            4.6
    2455572.671            2.7            4.8
    2455621.621           10.2            4.6
    2455757.974           -8.3            5.0
    2455803.919           -1.5            4.3
    2455806.936           13.7            4.3
    2455828.781            3.0            4.2
    2455831.849            8.5            5.1
    2455861.842            3.0            4.2
    2455864.796            5.5            4.4
    2455892.745            3.7            4.9
