    2451745.994           -2.5            4.3
    2451778.895           14.6            3.7
    2451808.867           -1.1            3.6
    2451853.766           -0.2            4.1
    2451856.801           -7.6            4.6
    2451898.637            7.5            8.0
    2451932.609            5.4            3.9
    2452163.861            1.6            4.9
    2452175.851            7.0            4.0
    2452307.598            8.6            4.5
    2452465.989           16.7            5.3
    2452483.985            4.8            5.0
    2452494.987            7.1            5.0
    2452517.936            0.8            5.2
     2452528.91            8.9            5.2
     2452530.91           14.9            4.5
    2452541.904            4.0            4.5
    2452543.883           -3.1            5.0
    2452559.914           15.1            6.4
    2452561.795           15.9            8.4
    2452571.791            9.9            5.0
     2452589.81            7.5            5.7
    2452603.782           -3.1            4.9
    2452605.724            3.6            4.8
    2452616.772           14.8            5.9
    2452665.604            4.9            4.2
    2452668.611            3.6            5.3
    2452837.972            6.2            5.4
    2452861.963           -1.4            4.1
    2452863.985            1.5            5.2
    2452879.918            7.1            4.2
    2452880.947            3.7            5.0
    2452898.911           -3.6            4.7
    2452900.928           -3.6            4.8
    2452932.839           13.2            4.3
    2452934.804            9.3            4.6
    2452963.753            8.6            5.2
    2452965.809            7.1            5.4
     2453022.63            6.5            5.6
     2453208.01           -4.0            3.8
    2453209.978            3.4            3.7
    2453214.961           11.4            4.2
    2453231.961            6.4            4.0
    2453233.909           -1.9            3.9
     2453235.96           -7.3            4.2
    2453265.899            3.8            3.8
    2453268.919           12.5            4.0
     2453269.81           10.5            3.5
    2453286.828            8.0            3.8
    2453324.713           13.0            5.5
    2453354.654           -0.4            3.8
    2453400.642            7.6            7.5
    2453550.983           -3.7            4.4
    2453578.964            1.0            4.6
    2453613.923           12.1            4.2
    2453654.771            1.0            4.1
    2453701.724           -8.2            4.6
    2453740.745           -4.0            4.7
    2453911.993           14.0            3.6
    2453917.013            1.9            3.9
    2453934.974           -1.3            3.9
    2453968.925           16.0            3.2
    2453981.851           -6.4            3.8
    2453985.899            2.9            4.0
    2454055.755            0.1            3.9
    2454297.975           -9.0            4.1
    2454300.974            0.8            4.0
    2454314.939           11.0            3.6
    2454318.981            8.4            4.2
    2454344.859           -3.4            4.3
    2454348.917            6.5            4.0
    2454391.887           -9.2            5.4
    2454394.775            0.5            4.2
    2454418.777            1.3            4.5
    2454420.763            1.4            4.2
    2454440.653            0.5            3.4
    2454443.651            3.3            3.6
    2454481.638            1.3            3.9
    2454503.651            0.4            4.3
    2454645.984            0.9            4.5
    2454646.968            5.1            4.2
    2454668.009            9.0            3.7
    2454681.904            0.6            3.8
     2454683.97            7.6            3.8
    2454711.893           15.0            4.1
    2454713.873           17.8            4.2
    2454715.882           12.3            4.6
    2454716.875            8.7            4.1
    2454753.885            1.8            3.6
     2454755.85            1.0            3.8
    2454777.733           13.3            4.1
    2454806.796           16.3            5.5
     2454808.77           11.1            4.3
    2454809.763           10.2            6.1
    2455026.973            6.6            5.7
    2455063.965           10.2            5.0
    2455099.996           -2.7            4.9
    2455116.856           11.0            6.8
    2455154.739            9.0            7.6
    2455174.788           -0.5            5.8
    2455364.972           16.1            5.0
    2455419.012            5.0            4.7
    2455446.847           -2.6            3.6
    2455446.856           -3.1            3.1
    2455463.833            8.7            5.2
    2455466.842           17.9            4.8
    2455569.653           11.3            4.1
    2455571.713            8.7            4.6
    2455572.671            4.3            4.8
    2455621.621            5.0            4.6
    2455757.974           12.3            5.0
    2455803.919           14.2            4.3
    2455806.936            8.3            4.3
    2455828.781           -3.1            4.2
    2455831.849            5.3            5.1
    2455861.842            7.9            4.2
    2455864.796            5.0            4.4
    2455892.745           -6.6            4.9
