    2451745.994           -2.6            4.3
    2451778.895           14.6            3.7
    2451808.867           11.5            3.6
    2451853.766           -3.5            4.1
    2451856.801           12.6            4.6
    2451898.637           18.4            8.0
    2451932.609            7.2            3.9
    2452163.861           -1.9            4.9
    2452175.851           -2.9            4.0
    2452307.598           -0.3            4.5
    2452465.989           10.9            5.3
    2452483.985           10.5            5.0
    2452494.987           14.2            5.0
    2452517.936            9.0            5.2
     2452528.91            0.6            5.2
     2452530.91           12.6            4.5
    2452541.904            9.7            4.5
    2452543.883            7.7            5.0
    2452559.914           15.3            6.4
    2452561.795           13.8            8.4
    2452571.791           14.0            5.0
     2452589.81           13.7            5.7
    2452603.782            8.3            4.9
    2452605.724           -3.3            4.8
    2452616.772           -1.4            5.9
    2452665.604           -6.3            4.2
    2452668.611           13.5            5.3
    2452837.972           -2.1            5.4
    2452861.963           -4.9            4.1
    2452863.985            8.7            5.2
    2452879.918           -3.8            4.2
    2452880.947            0.2            5.0
    2452898.911           -1.6            4.7
    2452900.928           14.1            4.8
    2452932.839           -1.3            4.3
    2452934.804           -0.1            4.6
    2452963.753           -3.9            5.2
    2452965.809           13.4            5.4
     2453022.63           -0.6            5.6
     2453208.01           -5.5            3.8
    2453209.978            4.5            3.7
    2453214.961           -5.6            4.2
    2453231.961           -3.3            4.0
    2453233.909            6.3            3.9
     2453235.96           11.7            4.2
    2453265.899           12.9            3.8
    2453268.919           -1.6            4.0
     2453269.81            5.9            3.5
    2453286.828           -0.8            3.8
    2453324.713           12.5            5.5
    2453354.654           13.7            3.8
    2453400.642            6.0            7.5
    2453550.983           13.6            4.4
    2453578.964           -6.4            4.6
    2453613.923           -6.5            4.2
    2453654.771            3.6            4.1
    2453701.724           10.2            4.6
    2453740.745           -1.3            4.7
    2453911.993           -1.9            3.6
    2453917.013            8.8            3.9
    2453934.974            8.5            3.9
    2453968.925           11.6            3.2
    2453981.851           13.5            3.8
    2453985.899            1.3            4.0
    2454055.755           -4.1            3.9
    2454297.975           12.2            4.1
    2454300.974           -5.4            4.0
    2454314.939            8.8            3.6
    2454318.981           -6.0            4.2
    2454344.859           13.3            4.3
    2454348.917           -4.0            4.0
    2454391.887            4.2            5.4
    2454394.775            4.2            4.2
    2454418.777            3.1            4.5
    2454420.763           -5.2            4.2
    2454440.653            9.6            3.4
    2454443.651           -4.3            3.6
    2454481.638            5.6            3.9
    2454503.651           -4.2            4.3
    2454645.984            2.1            4.5
    2454646.968           -5.2            4.2
    2454668.009           12.2            3.7
    2454681.904           -2.7            3.8
     2454683.97           -3.0            3.8
    2454711.893           -2.3            4.1
    2454713.873           -2.6            4.2
    2454715.882           12.4            4.6
    2454716.875            7.5            4.1
    2454753.885           -0.6            3.6
     2454755.85            2.2            3.8
    2454777.733           -0.9            4.1
    2454806.796            6.4            5.5
     2454808.77           -4.4            4.3
    2454809.763            4.6            6.1
    2455026.973           15.2            5.7
    2455063.965            1.9            5.0
    2455099.996           -3.3            4.9
    2455116.856           10.9            6.8
    2455154.739           -1.9            7.6
    2455174.788           14.2            5.8
    2455364.972            1.5            5.0
    2455419.012            6.3            4.7
    2455446.847           -2.4            3.6
    2455446.856           -2.9            3.1
    2455463.833            2.5            5.2
    2455466.842            8.4            4.8
    2455569.653           16.1            4.1
    2455571.713           -0.2            4.6
    2455572.671           -3.8            4.8
    2455621.621            2.7            4.6
    2455757.974           -4.0            5.0
    2455803.919            2.2            4.3
    2455806.936            3.6            4.3
    2455828.781           -4.3            4.2
    2455831.849           15.8            5.1
    2455861.842           14.1            4.2
    2455864.796           -2.5            4.4
    2455892.745            9.7            4.9
