    2451745.994            7.5            4.3
    2451778.895            1.4            3.7
    2451808.867            2.4            3.6
    2451853.766           -0.4            4.1
    2451856.801            8.6            4.6
    2451898.637            9.2            8.0
    2451932.609            7.8            3.9
    2452163.861            8.7            4.9
    2452175.851           11.5            4.0
    2452307.598            9.1            4.5
    2452465.989            5.4            5.3
    2452483.985            6.9            5.0
    2452494.987            3.8            5.0
    2452517.936           18.4            5.2
     2452528.91           -0.7            5.2
     2452530.91            7.7            4.5
    2452541.904           11.2            4.5
    2452543.883            3.3            5.0
    2452559.914           15.4            6.4
    2452561.795           21.7            8.4
    2452571.791           11.3            5.0
     2452589.81           -0.4            5.7
    2452603.782            6.7            4.9
    2452605.724            1.6            4.8
    2452616.772            2.2            5.9
    2452665.604           10.1            4.2
    2452668.611            9.2            5.3
    2452837.972            5.7            5.4
    2452861.963            8.5            4.1
    2452863.985            5.2            5.2
    2452879.918            7.5            4.2
    2452880.947           10.3            5.0
    2452898.911            9.9            4.7
    2452900.928            5.9            4.8
    2452932.839           11.0            4.3
    2452934.804           14.2            4.6
    2452963.753            5.5            5.2
    2452965.809           -2.2            5.4
     2453022.63            3.8            5.6
     2453208.01            5.1            3.8
    2453209.978            3.3            3.7
    2453214.961            9.1            4.2
    2453231.961            1.8            4.0
    2453233.909            3.3            3.9
     2453235.96           -2.0            4.2
    2453265.899            0.9            3.8
    2453268.919            7.8            4.0
     2453269.81           11.1            3.5
    2453286.828            2.4            3.8
    2453324.713            6.8            5.5
    2453354.654            4.3            3.8
    2453400.642            9.5            7.5
    2453550.983            0.2            4.4
    2453578.964            2.1            4.6
    2453613.923           12.9            4.2
    2453654.771           13.9            4.1
    2453701.724           -2.8            4.6
    2453740.745            6.3            4.7
    2453911.993           -0.4            3.6
    2453917.013          -12.3            3.9
    2453934.974           -2.3            3.9
    2453968.925            2.1            3.2
    2453981.851            9.7            3.8
    2453985.899            0.9            4.0
    2454055.755            7.5            3.9
    2454297.975            4.1            4.1
    2454300.974            2.5            4.0
    2454314.939           -5.7            3.6
    2454318.981            0.7            4.2
    2454344.859           -7.3            4.3
    2454348.917           -3.0            4.0
    2454391.887           17.9            5.4
    2454394.775            2.5            4.2
    2454418.777           12.4            4.5
    2454420.763           18.0            4.2
    2454440.653           14.7            3.4
    2454443.651            5.9            3.6
    2454481.638            8.3            3.9
    2454503.651           -2.7            4.3
    2454645.984           14.1            4.5
    2454646.968           11.3            4.2
    2454668.009            3.0            3.7
    2454681.904            0.4            3.8
     2454683.97            8.2            3.8
    2454711.893           -0.4            4.1
    2454713.873           11.7            4.2
    2454715.882            9.3            4.6
    2454716.875           -0.9            4.1
    2454753.885           -1.8            3.6
     2454755.85            1.0            3.8
    2454777.733            9.9            4.1
    2454806.796           19.7            5.5
     2454808.77            8.1            4.3
    2454809.763           -3.0            6.1
    2455026.973            6.6            5.7
    2455063.965            5.1            5.0
    2455099.996            9.3            4.9
    2455116.856            2.2            6.8
    2455154.739           12.1            7.6
    2455174.788           11.4            5.8
    2455364.972           13.9            5.0
    2455419.012           22.5            4.7
    2455446.847           -2.3            3.6
    2455446.856           -2.8            3.1
    2455463.833           -1.5            5.2
    2455466.842            0.8            4.8
    2455569.653            5.4            4.1
    2455571.713            7.2            4.6
    2455572.671           15.0            4.8
    2455621.621           22.7            4.6
    2455757.974            7.1            5.0
    2455803.919           11.4            4.3
    2455806.936           11.6            4.3
    2455828.781           16.3            4.2
    2455831.849            4.4            5.1
    2455861.842           -3.9            4.2
    2455864.796            4.8            4.4
    2455892.745           -3.1            4.9
