    2451745.994           -3.8            4.3
    2451778.895            3.5            3.7
    2451808.867           10.9            3.6
    2451853.766           10.1            4.1
    2451856.801           14.6            4.6
    2451898.637           18.6            8.0
    2451932.609            4.4            3.9
    2452163.861            2.6            4.9
    2452175.851           11.8            4.0
    2452307.598           -4.4            4.5
    2452465.989            8.6            5.3
    2452483.985            2.4            5.0
    2452494.987            2.1            5.0
    2452517.936           10.1            5.2
     2452528.91           -4.6            5.2
     2452530.91           -9.5            4.5
    2452541.904            5.1            4.5
    2452543.883            3.6            5.0
    2452559.914           13.0            6.4
    2452561.795           22.9            8.4
    2452571.791           18.0            5.0
     2452589.81            9.7            5.7
    2452603.782            4.7            4.9
    2452605.724           -6.6            4.8
    2452616.772           18.3            5.9
    2452665.604            7.2            4.2
    2452668.611           -1.1            5.3
    2452837.972            6.0            5.4
    2452861.963            4.6            4.1
    2452863.985           -3.1            5.2
    2452879.918           -7.4            4.2
    2452880.947           10.7            5.0
    2452898.911           12.2            4.7
    2452900.928           -6.1            4.8
    2452932.839           -5.4            4.3
    2452934.804            8.1            4.6
    2452963.753            8.0            5.2
    2452965.809            4.6            5.4
     2453022.63           -3.1            5.6
     2453208.01           10.3            3.8
    2453209.978           -2.5            3.7
    2453214.961           -9.1            4.2
    2453231.961           13.6            4.0
    2453233.909           -3.4            3.9
     2453235.96           -9.0            4.2
    2453265.899            7.5            3.8
    2453268.919           10.0            4.0
     2453269.81            7.4            3.5
    2453286.828           -8.4            3.8
    2453324.713           13.7            5.5
    2453354.654            7.3            3.8
    2453400.642           -5.2            7.5
    2453550.983           14.5            4.4
    2453578.964           -0.5            4.6
    2453613.923           -8.7            4.2
    2453654.771           21.3            4.1
    2453701.724            9.2            4.6
    2453740.745            3.0            4.7
    2453911.993           -0.4            3.6
    2453917.013          -10.1            3.9
    2453934.974            5.7            3.9
    2453968.925            6.8            3.2
    2453981.851           18.3            3.8
    2453985.899           -1.4            4.0
    2454055.755            0.1            3.9
    2454297.975           -3.7            4.1
    2454300.974            6.5            4.0
    2454314.939           15.1            3.6
    2454318.981            2.9            4.2
    2454344.859            0.0            4.3
    2454348.917            4.1            4.0
    2454391.887           10.7            5.4
    2454394.775           13.9            4.2
    2454418.777            8.5            4.5
    2454420.763            6.2            4.2
    2454440.653            6.3            3.4
    2454443.651            1.6            3.6
    2454481.638            3.6            3.9
    2454503.651           10.6            4.3
    2454645.984            0.6            4.5
    2454646.968            7.1            4.2
    2454668.009            1.2            3.7
    2454681.904            2.0            3.8
     2454683.97           11.7            3.8
    2454711.893           -8.7            4.1
    2454713.873           10.6            4.2
    2454715.882            8.5            4.6
    2454716.875           13.8            4.1
    2454753.885            2.4            3.6
     2454755.85           11.8            3.8
    2454777.733           -2.8            4.1
    2454806.796            9.0            5.5
     2454808.77            6.6            4.3
    2454809.763           13.3            6.1
    2455026.973            2.7            5.7
    2455063.965            0.9            5.0
    2455099.996            0.6            4.9
    2455116.856            3.4            6.8
    2455154.739           16.9            7.6
    2455174.788           -1.3            5.8
    2455364.972           14.3            5.0
    2455419.012            9.5            4.7
    2455446.847            2.1            3.6
    2455446.856            1.9            3.1
    2455463.833           10.5            5.2
    2455466.842           11.4            4.8
    2455569.653            0.4            4.1
    2455571.713            2.2            4.6
    2455572.671            3.2            4.8
    2455621.621            5.5            4.6
    2455757.974            8.8            5.0
    2455803.919            4.9            4.3
    2455806.936           11.5            4.3
    2455828.781            7.8            4.2
    2455831.849           -2.7            5.1
    2455861.842            4.5            4.2
    2455864.796           10.8            4.4
    2455892.745            3.5            4.9
