    2451745.994           -6.7            4.3
    2451778.895           13.3            3.7
    2451808.867          -13.3            3.6
    2451853.766           12.6            4.1
    2451856.801            9.2            4.6
    2451898.637           13.9            8.0
    2451932.609            2.7            3.9
    2452163.861           -5.4            4.9
    2452175.851            0.2            4.0
    2452307.598            9.8            4.5
    2452465.989            7.7            5.3
    2452483.985           -2.9            5.0
    2452494.987           -3.9            5.0
    2452517.936            0.4            5.2
     2452528.91           13.4            5.2
     2452530.91            3.5            4.5
    2452541.904            9.5            4.5
    2452543.883           -1.2            5.0
    2452559.914           14.9            6.4
    2452561.795           -1.0            8.4
    2452571.791           14.2            5.0
     2452589.81           -0.3            5.7
    2452603.782            2.3            4.9
    2452605.724           16.2            4.8
    2452616.772           21.6            5.9
    2452665.604           10.5            4.2
    2452668.611           19.2            5.3
    2452837.972           -1.3            5.4
    2452861.963            1.1            4.1
    2452863.985           -9.5            5.2
    2452879.918           18.8            4.2
    2452880.947            2.7            5.0
    2452898.911          -11.1            4.7
    2452900.928            3.3            4.8
    2452932.839           -5.5            4.3
    2452934.804            5.2            4.6
    2452963.753           -0.5            5.2
    2452965.809           13.4            5.4
     2453022.63           12.5            5.6
     2453208.01           -3.6            3.8
    2453209.978           -8.9            3.7
    2453214.961           12.9            4.2
    2453231.961           13.7            4.0
    2453233.909            2.5            3.9
     2453235.96          -12.8            4.2
    2453265.899           13.0            3.8
    2453268.919           14.9            4.0
     2453269.81            1.6            3.5
    2453286.828           11.2            3.8
    2453324.713           -3.1            5.5
    2453354.654           10.2            3.8
    2453400.642           24.5            7.5
    2453550.983          -16.4            4.4
    2453578.964           -4.0            4.6
    2453613.923           -8.6            4.2
    2453654.771           10.3            4.1
    2453701.724            6.8            4.6
    2453740.745           15.1            4.7
    2453911.993            7.3            3.6
    2453917.013            2.1            3.9
    2453934.974           13.2            3.9
    2453968.925            2.4            3.2
    2453981.851            9.3            3.8
    2453985.899           -2.2            4.0
    2454055.755            7.2            3.9
    2454297.975            7.2            4.1
    2454300.974           -0.8            4.0
    2454314.939            3.9            3.6
    2454318.981           13.5            4.2
    2454344.859            2.4            4.3
    2454348.917           -6.4            4.0
    2454391.887            0.8            5.4
    2454394.775            2.1            4.2
    2454418.777           15.3            4.5
    2454420.763            7.2            4.2
    2454440.653          -15.5            3.4
    2454443.651           -1.7            3.6
    2454481.638           20.1            3.9
    2454503.651           -2.5            4.3
    2454645.984          -10.4            4.5
    2454646.968            0.6            4.2
    2454668.009            8.3            3.7
    2454681.904           11.5            3.8
     2454683.97            7.3            3.8
    2454711.893          -14.1            4.1
    2454713.873            5.8            4.2
    2454715.882            4.8            4.6
    2454716.875            2.2            4.1
    2454753.885           16.3            3.6
     2454755.85            3.8            3.8
    2454777.733          -10.4            4.1
    2454806.796            6.8            5.5
     2454808.77           -6.7            4.3
    2454809.763           -2.0            6.1
    2455026.973           -4.0            5.7
    2455063.965           -1.5            5.0
    2455099.996           14.7            4.9
    2455116.856           16.3            6.8
    2455154.739           -6.2            7.6
    2455174.788           11.8            5.8
    2455364.972           -1.3            5.0
    2455419.012            3.1            4.7
    2455446.847           -1.1            3.6
    2455446.856           -1.7            3.1
    2455463.833           -1.0            5.2
    2455466.842           -1.9            4.8
    2455569.653           -4.3            4.1
    2455571.713           15.6            4.6
    2455572.671            3.1            4.8
    2455621.621           -3.4            4.6
    2455757.974           12.2            5.0
    2455803.919           -4.1            4.3
    2455806.936          -10.3            4.3
    2455828.781           10.1            4.2
    2455831.849           11.7            5.1
    2455861.842            5.7            4.2
    2455864.796           -6.0            4.4
    2455892.745            4.5            4.9
