    2451745.994           10.7            4.3
    2451778.895          -11.2            3.7
    2451808.867           14.6            3.6
    2451853.766           13.4            4.1
    2451856.801            2.5            4.6
    2451898.637           -5.2            8.0
    2451932.609           15.7            3.9
    2452163.861            1.0            4.9
    2452175.851          -13.4            4.0
    2452307.598           14.5            4.5
    2452465.989           -6.4            5.3
    2452483.985           -2.8            5.0
    2452494.987           -7.8            5.0
    2452517.936           -4.3            5.2
     2452528.91           21.1            5.2
     2452530.91           17.5            4.5
    2452541.904            5.7            4.5
    2452543.883           13.0            5.0
    2452559.914           17.4            6.4
    2452561.795           19.2            8.4
    2452571.791           -1.2            5.0
     2452589.81           -6.1            5.7
    2452603.782           16.4            4.9
    2452605.724           20.9            4.8
    2452616.772           -5.3            5.9
    2452665.604           16.8            4.2
    2452668.611           -6.7            5.3
    2452837.972            6.0            5.4
    2452861.963            9.3            4.1
    2452863.985            9.6            5.2
    2452879.918          -12.1            4.2
    2452880.947           18.4            5.0
    2452898.911            8.8            4.7
    2452900.928            3.7            4.8
    2452932.839           11.5            4.3
    2452934.804           15.2            4.6
    2452963.753           23.6            5.2
    2452965.809           23.1            5.4
     2453022.63           -7.9            5.6
     2453208.01           14.9            3.8
    2453209.978           18.0            3.7
    2453214.961           -2.3            4.2
    2453231.961           -2.8            4.0
    2453233.909          -10.6            3.9
     2453235.96          -11.2            4.2
    2453265.899           20.9            3.8
    2453268.919          -13.7            4.0
     2453269.81           14.9            3.5
    2453286.828            5.7            3.8
    2453324.713           -5.8            5.5
    2453354.654           13.1            3.8
    2453400.642           19.4            7.5
    2453550.983            6.9            4.4
    2453578.964            1.9            4.6
    2453613.923           10.3            4.2
    2453654.771           14.7            4.1
    2453701.724           -3.8            4.6
    2453740.745           -6.0            4.7
    2453911.993           15.2            3.6
    2453917.013           -5.0            3.9
    2453934.974            5.2            3.9
    2453968.925            0.2            3.2
    2453981.851           19.1            3.8
    2453985.899           16.2            4.0
    2454055.755           -6.8            3.9
    2454297.975           -8.8            4.1
    2454300.974           11.2            4.0
    2454314.939            9.2            3.6
    2454318.981           -0.4            4.2
    2454344.859            7.1            4.3
    2454348.917            6.5            4.0
    2454391.887           17.8            5.4
    2454394.775           -5.8            4.2
    2454418.777           18.0            4.5
    2454420.763           14.3            4.2
    2454440.653           -9.3            3.4
    2454443.651           19.4            3.6
    2454481.638           -1.9            3.9
    2454503.651           19.8            4.3
    2454645.984            2.1            4.5
    2454646.968            4.7            4.2
    2454668.009           -5.9            3.7
    2454681.904           10.8            3.8
     2454683.97           19.6            3.8
    2454711.893          -11.7            4.1
    2454713.873           -8.0            4.2
    2454715.882          -11.4            4.6
    2454716.875           18.4            4.1
    2454753.885           11.7            3.6
     2454755.85            8.3            3.8
    2454777.733           -5.6            4.1
    2454806.796           -8.5            5.5
     2454808.77          -10.3            4.3
    2454809.763            6.9            6.1
    2455026.973            3.7            5.7
    2455063.965            5.4            5.0
    2455099.996           12.5            4.9
    2455116.856            9.4            6.8
    2455154.739          -12.6            7.6
    2455174.788            5.9            5.8
    2455364.972           16.4            5.0
    2455419.012           14.7            4.7
    2455446.847          -10.1            3.6
    2455446.856          -10.3            3.1
    2455463.833            4.1            5.2
    2455466.842           -5.3            4.8
    2455569.653           24.1            4.1
    2455571.713           29.4            4.6
    2455572.671            2.5            4.8
    2455621.621           19.2            4.6
    2455757.974           15.5            5.0
    2455803.919           19.5            4.3
    2455806.936           -8.7            4.3
    2455828.781           10.7            4.2
    2455831.849           -2.8            5.1
    2455861.842           15.7            4.2
    2455864.796          -10.1            4.4
    2455892.745           10.4            4.9
