    2451745.994            2.9            4.3
    2451778.895           -3.5            3.7
    2451808.867            6.0            3.6
    2451853.766            1.1            4.1
    2451856.801            8.4            4.6
    2451898.637           -0.4            8.0
    2451932.609           -2.6            3.9
    2452163.861           10.6            4.9
    2452175.851            7.9            4.0
    2452307.598            8.3            4.5
    2452465.989            8.3            5.3
    2452483.985            8.9            5.0
    2452494.987            9.6            5.0
    2452517.936           11.1            5.2
     2452528.91           11.3            5.2
     2452530.91            6.7            4.5
    2452541.904            9.7            4.5
    2452543.883            0.2            5.0
    2452559.914            5.9            6.4
    2452561.795            6.4            8.4
    2452571.791            1.9            5.0
     2452589.81           -0.5            5.7
    2452603.782           10.4            4.9
    2452605.724            0.4            4.8
    2452616.772            2.8            5.9
    2452665.604            7.4            4.2
    2452668.611            2.3            5.3
    2452837.972           14.3            5.4
    2452861.963            7.2            4.1
    2452863.985            0.8            5.2
    2452879.918            0.6            4.2
    2452880.947           -1.1            5.0
    2452898.911            0.9            4.7
    2452900.928            9.9            4.8
    2452932.839           -2.0            4.3
    2452934.804            9.6            4.6
    2452963.753           12.2            5.2
    2452965.809            1.2            5.4
     2453022.63            2.1            5.6
     2453208.01            4.6            3.8
    2453209.978            5.4            3.7
    2453214.961            8.6            4.2
    2453231.961            8.9            4.0
    2453233.909           -1.3            3.9
     2453235.96            1.6            4.2
    2453265.899           11.4            3.8
    2453268.919           -0.7            4.0
     2453269.81            1.1            3.5
    2453286.828            1.2            3.8
    2453324.713            4.7            5.5
    2453354.654           -4.9            3.8
    2453400.642            1.8            7.5
    2453550.983           10.7            4.4
    2453578.964            8.1            4.6
    2453613.923            9.7            4.2
    2453654.771            8.4            4.1
    2453701.724            4.4            4.6
    2453740.745           10.7            4.7
    2453911.993            7.9            3.6
    2453917.013            9.5            3.9
    2453934.974            6.0            3.9
    2453968.925            7.9            3.2
    2453981.851            1.1            3.8
    2453985.899           11.3            4.0
    2454055.755            2.4            3.9
    2454297.975            4.5            4.1
    2454300.974            7.1            4.0
    2454314.939            2.2            3.6
    2454318.981            1.2            4.2
    2454344.859            9.2            4.3
    2454348.917           -1.6            4.0
    2454391.887            7.8            5.4
    2454394.775           -0.7            4.2
    2454418.777            9.0            4.5
    2454420.763            6.7            4.2
    2454440.653            2.7            3.4
    2454443.651            6.8            3.6
    2454481.638            8.3            3.9
    2454503.651            1.8            4.3
    2454645.984           -0.8            4.5
    2454646.968            5.5            4.2
    2454668.009           -4.5            3.7
    2454681.904            7.6            3.8
     2454683.97           -0.3            3.8
    2454711.893            6.9            4.1
    2454713.873           -1.5            4.2
    2454715.882           10.2            4.6
    2454716.875           10.7            4.1
    2454753.885           -0.9            3.6
     2454755.85           10.4            3.8
    2454777.733            2.8            4.1
    2454806.796            6.1            5.5
     2454808.77            5.8            4.3
    2454809.763            0.8            6.1
    2455026.973            3.0            5.7
    2455063.965            9.3            5.0
    2455099.996            6.6            4.9
    2455116.856            9.7            6.8
    2455154.739            8.3            7.6
    2455174.788            7.9            5.8
    2455364.972           -1.3            5.0
    2455419.012            9.7            4.7
    2455446.847           10.4            3.6
    2455446.856           10.0            3.1
    2455463.833           11.8            5.2
    2455466.842            1.5            4.8
    2455569.653           -2.3            4.1
    2455571.713            4.9            4.6
    2455572.671           10.3            4.8
    2455621.621            0.2            4.6
    2455757.974            1.8            5.0
    2455803.919           -2.4            4.3
    2455806.936           10.0            4.3
    2455828.781            3.7            4.2
    2455831.849           -0.4            5.1
    2455861.842           -2.6            4.2
    2455864.796            8.6            4.4
    2455892.745           13.1            4.9
