    2451745.994           12.7            4.3
    2451778.895           -5.2            3.7
    2451808.867            8.2            3.6
    2451853.766            1.6            4.1
    2451856.801            1.2            4.6
    2451898.637           -0.7            8.0
    2451932.609            5.7            3.9
    2452163.861            2.5            4.9
    2452175.851            2.3            4.0
    2452307.598           -3.0            4.5
    2452465.989           14.8            5.3
    2452483.985            7.1            5.0
    2452494.987            5.2            5.0
    2452517.936           11.5            5.2
     2452528.91            9.1            5.2
     2452530.91           22.3            4.5
    2452541.904            9.6            4.5
    2452543.883            2.8            5.0
    2452559.914            7.5            6.4
    2452561.795           11.8            8.4
    2452571.791            7.6            5.0
     2452589.81            8.2            5.7
    2452603.782          -11.6            4.9
    2452605.724           -9.5            4.8
    2452616.772            6.5            5.9
    2452665.604           24.3            4.2
    2452668.611            0.2            5.3
    2452837.972            8.9            5.4
    2452861.963           14.2            4.1
    2452863.985           11.6            5.2
    2452879.918           18.2            4.2
    2452880.947           11.9            5.0
    2452898.911           15.3            4.7
    2452900.928           13.5            4.8
    2452932.839           -9.5            4.3
    2452934.804            1.5            4.6
    2452963.753           11.3            5.2
    2452965.809            4.1            5.4
     2453022.63           10.3            5.6
     2453208.01            3.2            3.8
    2453209.978            3.4            3.7
    2453214.961           22.5            4.2
    2453231.961            9.7            4.0
    2453233.909           10.1            3.9
     2453235.96           15.8            4.2
    2453265.899            1.4            3.8
    2453268.919           22.9            4.0
     2453269.81           -0.2            3.5
    2453286.828            9.8            3.8
    2453324.713            2.7            5.5
    2453354.654           -8.6            3.8
    2453400.642           11.5            7.5
    2453550.983           -6.8            4.4
    2453578.964            1.3            4.6
    2453613.923           -9.7            4.2
    2453654.771           -2.8            4.1
    2453701.724            8.6            4.6
    2453740.745            5.1            4.7
    2453911.993            8.2            3.6
    2453917.013           -6.0            3.9
    2453934.974           17.7            3.9
    2453968.925            7.4            3.2
    2453981.851           -3.8            3.8
    2453985.899            1.2            4.0
    2454055.755            7.7            3.9
    2454297.975            2.5            4.1
    2454300.974           22.7            4.0
    2454314.939           -1.0            3.6
    2454318.981           10.4            4.2
    2454344.859           -5.7            4.3
    2454348.917           17.5            4.0
    2454391.887            0.9            5.4
    2454394.775          -10.3            4.2
    2454418.777           -3.8            4.5
    2454420.763           10.7            4.2
    2454440.653           -6.6            3.4
    2454443.651           16.9            3.6
    2454481.638          -10.9            3.9
    2454503.651           -0.2            4.3
    2454645.984          -13.3            4.5
    2454646.968            9.0            4.2
    2454668.009           10.7            3.7
    2454681.904            7.3            3.8
     2454683.97           17.7            3.8
    2454711.893            1.1            4.1
    2454713.873           14.3            4.2
    2454715.882           13.2            4.6
    2454716.875            2.2            4.1
    2454753.885            6.4            3.6
     2454755.85            8.6            3.8
    2454777.733           -4.8            4.1
    2454806.796           -0.7            5.5
     2454808.77            7.7            4.3
    2454809.763           16.4            6.1
    2455026.973            0.1            5.7
    2455063.965            4.2            5.0
    2455099.996           -1.9            4.9
    2455116.856           18.1            6.8
    2455154.739           -6.6            7.6
    2455174.788            6.9            5.8
    2455364.972           21.0            5.0
    2455419.012           13.3            4.7
    2455446.847           -4.1            3.6
    2455446.856           -4.9            3.1
    2455463.833           -6.6            5.2
    2455466.842           14.7            4.8
    2455569.653           -3.1            4.1
    2455571.713           20.8            4.6
    2455572.671            5.0            4.8
    2455621.621           10.4            4.6
    2455757.974           -8.1            5.0
    2455803.919            5.6            4.3
    2455806.936           12.8            4.3
    2455828.781            3.2            4.2
    2455831.849           -0.2            5.1
    2455861.842           -4.7            4.2
    2455864.796           10.7            4.4
    2455892.745           -8.7            4.9
