    2451745.994            1.6            4.3
    2451778.895           16.9            3.7
    2451808.867            4.0            3.6
    2451853.766           14.5            4.1
    2451856.801           -9.0            4.6
    2451898.637           14.3            8.0
    2451932.609            2.7            3.9
    2452163.861            4.9            4.9
    2452175.851          -13.1            4.0
    2452307.598           10.0            4.5
    2452465.989           -0.7            5.3
    2452483.985           -8.5            5.0
    2452494.987           -9.0            5.0
    2452517.936           14.2            5.2
     2452528.91            4.2            5.2
     2452530.91           -8.0            4.5
    2452541.904           -3.6            4.5
    2452543.883            9.7            5.0
    2452559.914           -2.1            6.4
    2452561.795           22.4            8.4
    2452571.791           22.1            5.0
     2452589.81           14.0            5.7
    2452603.782            0.8            4.9
    2452605.724            1.2            4.8
    2452616.772            9.4            5.9
    2452665.604           -0.5            4.2
    2452668.611           -3.0            5.3
    2452837.972            2.3            5.4
    2452861.963            6.0            4.1
    2452863.985           13.8            5.2
    2452879.918           12.3            4.2
    2452880.947           17.0            5.0
    2452898.911           10.1            4.7
    2452900.928           13.6            4.8
    2452932.839            2.0            4.3
    2452934.804           15.6            4.6
    2452963.753           12.5            5.2
    2452965.809           14.8            5.4
     2453022.63           -7.1            5.6
     2453208.01            8.8            3.8
    2453209.978           10.5            3.7
    2453214.961            3.5            4.2
    2453231.961           -0.5            4.0
    2453233.909            4.9            3.9
     2453235.96           15.2            4.2
    2453265.899            2.7            3.8
    2453268.919            0.7            4.0
     2453269.81            8.1            3.5
    2453286.828           -6.3            3.8
    2453324.713            1.7            5.5
    2453354.654           14.6            3.8
    2453400.642           17.3            7.5
    2453550.983            5.0            4.4
    2453578.964            5.9            4.6
    2453613.923           -1.4            4.2
    2453654.771            9.7            4.1
    2453701.724            6.9            4.6
    2453740.745            1.3            4.7
    2453911.993            0.4            3.6
    2453917.013           14.4            3.9
    2453934.974           15.4            3.9
    2453968.925           -8.2            3.2
    2453981.851           18.8            3.8
    2453985.899           -4.2            4.0
    2454055.755           15.6            3.9
    2454297.975            1.9            4.1
    2454300.974           18.2            4.0
    2454314.939           -7.1            3.6
    2454318.981           12.0            4.2
    2454344.859           11.7            4.3
    2454348.917            5.3            4.0
    2454391.887           16.3            5.4
    2454394.775           -6.2            4.2
    2454418.777           17.0            4.5
    2454420.763            8.8            4.2
    2454440.653           -1.2            3.4
    2454443.651            4.8            3.6
    2454481.638           10.8            3.9
    2454503.651           16.6            4.3
    2454645.984           17.7            4.5
    2454646.968           14.8            4.2
    2454668.009           -0.6            3.7
    2454681.904            8.2            3.8
     2454683.97           13.9            3.8
    2454711.893            6.2            4.1
    2454713.873          -11.4            4.2
    2454715.882           -0.3            4.6
    2454716.875            4.3            4.1
    2454753.885            4.5            3.6
     2454755.85           10.8            3.8
    2454777.733           -5.3            4.1
    2454806.796           -0.0            5.5
     2454808.77           -3.8            4.3
    2454809.763            6.0            6.1
    2455026.973            4.9            5.7
    2455063.965            5.0            5.0
    2455099.996            3.0            4.9
    2455116.856           -0.7            6.8
    2455154.739            7.5            7.6
    2455174.788           15.1            5.8
    2455364.972           16.2            5.0
    2455419.012           11.2            4.7
    2455446.847           12.9            3.6
    2455446.856           12.3            3.1
    2455463.833            6.9            5.2
    2455466.842           17.1            4.8
    2455569.653           -6.5            4.1
    2455571.713           -4.7            4.6
    2455572.671            1.2            4.8
    2455621.621           17.6            4.6
    2455757.974           10.4            5.0
    2455803.919            8.1            4.3
    2455806.936            1.9            4.3
    2455828.781           18.2            4.2
    2455831.849            6.5            5.1
    2455861.842           -9.9            4.2
    2455864.796           11.7            4.4
    2455892.745            9.7            4.9
