    2451745.994           10.8            4.3
    2451778.895            5.3            3.7
    2451808.867            1.9            3.6
    2451853.766            4.7            4.1
    2451856.801            4.6            4.6
    2451898.637           11.3            8.0
    2451932.609            6.6            3.9
    2452163.861            2.0            4.9
    2452175.851           -3.7            4.0
    2452307.598           -2.2            4.5
    2452465.989           -7.3            5.3
    2452483.985            7.2            5.0
    2452494.987            9.6            5.0
    2452517.936            6.0            5.2
     2452528.91            1.5            5.2
     2452530.91           13.5            4.5
    2452541.904            6.9            4.5
    2452543.883           14.6            5.0
    2452559.914           11.2            6.4
    2452561.795            2.3            8.4
    2452571.791           15.9            5.0
     2452589.81            2.0            5.7
    2452603.782           -7.0            4.9
    2452605.724           12.1            4.8
    2452616.772            3.3            5.9
    2452665.604           -1.7            4.2
    2452668.611           16.8            5.3
    2452837.972            0.9            5.4
    2452861.963            6.6            4.1
    2452863.985            1.2            5.2
    2452879.918            1.3            4.2
    2452880.947            3.1            5.0
    2452898.911           -8.6            4.7
    2452900.928            2.6            4.8
    2452932.839           -6.1            4.3
    2452934.804            0.3            4.6
    2452963.753            9.0            5.2
    2452965.809            8.2            5.4
     2453022.63           -2.0            5.6
     2453208.01            4.4            3.8
    2453209.978           -7.8            3.7
    2453214.961            7.9            4.2
    2453231.961           -0.7            4.0
    2453233.909           11.4            3.9
     2453235.96           -5.7            4.2
    2453265.899           -5.4            3.8
    2453268.919            6.4            4.0
     2453269.81           -5.3            3.5
    2453286.828            5.0            3.8
    2453324.713            6.1            5.5
    2453354.654           -3.6            3.8
    2453400.642            5.8            7.5
    2453550.983            8.8            4.4
    2453578.964           16.0            4.6
    2453613.923            8.2            4.2
    2453654.771            9.3            4.1
    2453701.724           10.2            4.6
    2453740.745           -1.5            4.7
    2453911.993           -0.0            3.6
    2453917.013            4.6            3.9
    2453934.974            1.9            3.9
    2453968.925           -0.9            3.2
    2453981.851           -0.2            3.8
    2453985.899           12.8            4.0
    2454055.755            2.2            3.9
    2454297.975           -7.1            4.1
    2454300.974            9.0            4.0
    2454314.939           15.3            3.6
    2454318.981            1.7            4.2
    2454344.859            7.2            4.3
    2454348.917           12.1            4.0
    2454391.887           12.3            5.4
    2454394.775           -1.8            4.2
    2454418.777           12.9            4.5
    2454420.763           -2.1            4.2
    2454440.653           11.4            3.4
    2454443.651            2.0            3.6
    2454481.638            8.6            3.9
    2454503.651            5.7            4.3
    2454645.984           10.2            4.5
    2454646.968           16.5            4.2
    2454668.009           -1.1            3.7
    2454681.904            7.9            3.8
     2454683.97           -3.7            3.8
    2454711.893           -0.0            4.1
    2454713.873           12.7            4.2
    2454715.882            6.0            4.6
    2454716.875            4.2            4.1
    2454753.885           -1.1            3.6
     2454755.85           15.5            3.8
    2454777.733           14.1            4.1
    2454806.796            5.8            5.5
     2454808.77           -7.8            4.3
    2454809.763            7.1            6.1
    2455026.973            1.7            5.7
    2455063.965           -6.5            5.0
    2455099.996           11.2            4.9
    2455116.856            5.7            6.8
    2455154.739           13.9            7.6
    2455174.788            1.6            5.8
    2455364.972            2.0            5.0
    2455419.012            7.0            4.7
    2455446.847           14.1            3.6
    2455446.856           13.6            3.1
    2455463.833           -0.7            5.2
    2455466.842            9.7            4.8
    2455569.653            8.3            4.1
    2455571.713           -2.7            4.6
    2455572.671            3.2            4.8
    2455621.621            1.6            4.6
    2455757.974            0.7            5.0
    2455803.919            5.2            4.3
    2455806.936            0.1            4.3
    2455828.781            0.9            4.2
    2455831.849           12.3            5.1
    2455861.842           -5.9            4.2
    2455864.796            6.2            4.4
    2455892.745            7.9            4.9
