    2451745.994           11.5            4.3
    2451778.895           11.7            3.7
    2451808.867           -0.7            3.6
    2451853.766           -0.2            4.1
    2451856.801            6.6            4.6
    2451898.637           12.6            8.0
    2451932.609           -1.2            3.9
    2452163.861           -1.6            4.9
    2452175.851            2.3            4.0
    2452307.598            1.0            4.5
    2452465.989            3.3            5.3
    2452483.985            3.2            5.0
    2452494.987            6.1            5.0
    2452517.936            5.4            5.2
     2452528.91            9.7            5.2
     2452530.91            9.2            4.5
    2452541.904           10.8            4.5
    2452543.883            9.3            5.0
    2452559.914           14.7            6.4
    2452561.795           11.1            8.4
    2452571.791            8.8            5.0
     2452589.81            5.0            5.7
    2452603.782            3.3            4.9
    2452605.724            5.2            4.8
    2452616.772            3.1            5.9
    2452665.604           -2.6            4.2
    2452668.611           -3.2            5.3
    2452837.972            5.1            5.4
    2452861.963           -3.6            4.1
    2452863.985            5.9            5.2
    2452879.918            1.2            4.2
    2452880.947           10.8            5.0
    2452898.911            8.5            4.7
    2452900.928           11.4            4.8
    2452932.839            6.9            4.3
    2452934.804           15.7            4.6
    2452963.753           13.2            5.2
    2452965.809            6.4            5.4
     2453022.63           -1.1            5.6
     2453208.01           12.2            3.8
    2453209.978            5.4            3.7
    2453214.961            1.3            4.2
    2453231.961            3.7            4.0
    2453233.909           -5.1            3.9
     2453235.96            4.5            4.2
    2453265.899           -0.2            3.8
    2453268.919            3.1            4.0
     2453269.81            5.8            3.5
    2453286.828            6.3            3.8
    2453324.713            6.4            5.5
    2453354.654            7.3            3.8
    2453400.642            8.9            7.5
    2453550.983           13.8            4.4
    2453578.964            9.4            4.6
    2453613.923            6.8            4.2
    2453654.771           -2.8            4.1
    2453701.724           -1.9            4.6
    2453740.745            7.9            4.7
    2453911.993           -1.5            3.6
    2453917.013            0.0            3.9
    2453934.974            4.6            3.9
    2453968.925            3.1            3.2
    2453981.851           -6.7            3.8
    2453985.899            2.4            4.0
    2454055.755            3.6            3.9
    2454297.975           13.8            4.1
    2454300.974            3.2            4.0
    2454314.939           11.9            3.6
    2454318.981            3.9            4.2
    2454344.859            6.6            4.3
    2454348.917            1.5            4.0
    2454391.887           10.7            5.4
    2454394.775            6.5            4.2
    2454418.777           -3.5            4.5
    2454420.763           -0.2            4.2
    2454440.653            4.7            3.4
    2454443.651            9.6            3.6
    2454481.638           -6.5            3.9
    2454503.651            7.0            4.3
    2454645.984           -3.7            4.5
    2454646.968           -6.7            4.2
    2454668.009            4.5            3.7
    2454681.904            8.1            3.8
     2454683.97            3.8            3.8
    2454711.893           -2.8            4.1
    2454713.873            0.5            4.2
    2454715.882            7.4            4.6
    2454716.875            3.5            4.1
    2454753.885            3.8            3.6
     2454755.85            6.7            3.8
    2454777.733            0.7            4.1
    2454806.796            1.3            5.5
     2454808.77           -2.2            4.3
    2454809.763            6.3            6.1
    2455026.973            7.0            5.7
    2455063.965           -0.7            5.0
    2455099.996           -0.0            4.9
    2455116.856           -0.4            6.8
    2455154.739            7.5            7.6
    2455174.788            9.4            5.8
    2455364.972            3.8            5.0
    2455419.012            4.7            4.7
    2455446.847            8.7            3.6
    2455446.856            8.2            3.1
    2455463.833            9.8            5.2
    2455466.842           15.9            4.8
    2455569.653            1.9            4.1
    2455571.713           -6.3            4.6
    2455572.671           -2.7            4.8
    2455621.621           -5.1            4.6
    2455757.974            7.2            5.0
    2455803.919            5.6            4.3
    2455806.936            6.5            4.3
    2455828.781           -1.8            4.2
    2455831.849           -3.7            5.1
    2455861.842           -4.6            4.2
    2455864.796           -5.5            4.4
    2455892.745            4.4            4.9
