    2451745.994           -3.5            4.3
    2451778.895            5.6            3.7
    2451808.867            5.7            3.6
    2451853.766            1.5            4.1
    2451856.801           10.1            4.6
    2451898.637           -0.3            8.0
    2451932.609            8.9            3.9
    2452163.861           15.5            4.9
    2452175.851           13.7            4.0
    2452307.598           -2.0            4.5
    2452465.989           -2.5            5.3
    2452483.985           10.3            5.0
    2452494.987           13.9            5.0
    2452517.936           -5.1            5.2
     2452528.91           -1.2            5.2
     2452530.91            6.4            4.5
    2452541.904           -7.8            4.5
    2452543.883           18.0            5.0
    2452559.914           13.1            6.4
    2452561.795            1.4            8.4
    2452571.791            9.5            5.0
     2452589.81           -3.6            5.7
    2452603.782           10.7            4.9
    2452605.724            5.3            4.8
    2452616.772           15.1            5.9
    2452665.604            7.6            4.2
    2452668.611           16.3            5.3
    2452837.972           -1.1            5.4
    2452861.963           -3.0            4.1
    2452863.985            7.9            5.2
    2452879.918           16.2            4.2
    2452880.947            1.1            5.0
    2452898.911            8.7            4.7
    2452900.928           -1.0            4.8
    2452932.839            4.7            4.3
    2452934.804           -1.6            4.6
    2452963.753            8.9            5.2
    2452965.809           -2.2            5.4
     2453022.63           -0.6            5.6
     2453208.01            9.0            3.8
    2453209.978           -1.7            3.7
    2453214.961           12.4            4.2
    2453231.961            9.8            4.0
    2453233.909           -4.0            3.9
     2453235.96           12.6            4.2
    2453265.899           -4.1            3.8
    2453268.919           -2.9            4.0
     2453269.81           -8.0            3.5
    2453286.828           -3.7            3.8
    2453324.713           13.4            5.5
    2453354.654           -4.6            3.8
    2453400.642           16.1            7.5
    2453550.983           15.1            4.4
    2453578.964           10.4            4.6
    2453613.923           -3.6            4.2
    2453654.771           -8.9            4.1
    2453701.724            3.9            4.6
    2453740.745           14.0            4.7
    2453911.993           13.8            3.6
    2453917.013           -4.7            3.9
    2453934.974           10.1            3.9
    2453968.925            2.9            3.2
    2453981.851           -3.5            3.8
    2453985.899           -4.1            4.0
    2454055.755           11.6            3.9
    2454297.975            0.0            4.1
    2454300.974           -4.7            4.0
    2454314.939            8.1            3.6
    2454318.981           12.2            4.2
    2454344.859            4.5            4.3
    2454348.917            4.7            4.0
    2454391.887           16.2            5.4
    2454394.775           -8.5            4.2
    2454418.777           -5.9            4.5
    2454420.763           10.7            4.2
    2454440.653           15.6            3.4
    2454443.651           -1.9            3.6
    2454481.638            5.9            3.9
    2454503.651            5.7            4.3
    2454645.984           -1.7            4.5
    2454646.968           11.3            4.2
    2454668.009            6.2            3.7
    2454681.904           -5.4            3.8
     2454683.97           16.0            3.8
    2454711.893           13.9            4.1
    2454713.873           -2.4            4.2
    2454715.882           17.6            4.6
    2454716.875            4.8            4.1
    2454753.885           -6.7            3.6
     2454755.85           10.9            3.8
    2454777.733            1.3            4.1
    2454806.796           -1.5            5.5
     2454808.77           12.3            4.3
    2454809.763           -1.8            6.1
    2455026.973           13.7            5.7
    2455063.965           16.1            5.0
    2455099.996           14.6            4.9
    2455116.856            7.8            6.8
    2455154.739           -3.6            7.6
    2455174.788           -1.0            5.8
    2455364.972           -5.8            5.0
    2455419.012           14.7            4.7
    2455446.847            0.2            3.6
    2455446.856            0.4            3.1
    2455463.833           14.5            5.2
    2455466.842            4.1            4.8
    2455569.653            1.7            4.1
    2455571.713            4.9            4.6
    2455572.671           15.6            4.8
    2455621.621           10.3            4.6
    2455757.974           -4.2            5.0
    2455803.919           16.5            4.3
    2455806.936            7.6            4.3
    2455828.781           15.1            4.2
    2455831.849           13.0            5.1
    2455861.842           -6.2            4.2
    2455864.796           13.7            4.4
    2455892.745           11.5            4.9
