    2451745.994            6.8            4.3
    2451778.895            9.0            3.7
    2451808.867            2.8            3.6
    2451853.766            9.3            4.1
    2451856.801            4.0            4.6
    2451898.637            9.5            8.0
    2451932.609           -0.0            3.9
    2452163.861            6.1            4.9
    2452175.851            2.2            4.0
    2452307.598            0.4            4.5
    2452465.989           -0.3            5.3
    2452483.985            6.7            5.0
    2452494.987            6.3            5.0
    2452517.936            0.5            5.2
     2452528.91           -0.8            5.2
     2452530.91           -0.1            4.5
    2452541.904            1.5            4.5
    2452543.883            7.2            5.0
    2452559.914            4.9            6.4
    2452561.795            5.7            8.4
    2452571.791            2.1            5.0
     2452589.81            7.0            5.7
    2452603.782           -1.3            4.9
    2452605.724            1.0            4.8
    2452616.772            4.2            5.9
    2452665.604            1.7            4.2
    2452668.611           -0.0            5.3
    2452837.972            0.8            5.4
    2452861.963            5.7            4.1
    2452863.985           10.8            5.2
    2452879.918           -0.6            4.2
    2452880.947           -0.2            5.0
    2452898.911            3.9            4.7
    2452900.928           -0.4            4.8
    2452932.839            2.1            4.3
    2452934.804            2.5            4.6
    2452963.753            1.6            5.2
    2452965.809           -0.8            5.4
     2453022.63            8.0            5.6
     2453208.01            3.9            3.8
    2453209.978            0.5            3.7
    2453214.961            9.8            4.2
    2453231.961            0.5            4.0
    2453233.909            3.4            3.9
     2453235.96            8.2            4.2
    2453265.899            1.7            3.8
    2453268.919            7.7            4.0
     2453269.81            6.7            3.5
    2453286.828            3.5            3.8
    2453324.713            4.0            5.5
    2453354.654            9.0            3.8
    2453400.642            2.5            7.5
    2453550.983           -1.6            4.4
    2453578.964            9.0            4.6
    2453613.923           -1.3            4.2
    2453654.771            5.4            4.1
    2453701.724            1.5            4.6
    2453740.745            3.0            4.7
    2453911.993           -2.2            3.6
    2453917.013            6.3            3.9
    2453934.974            1.3            3.9
    2453968.925            3.7            3.2
    2453981.851            6.6            3.8
    2453985.899           -1.0            4.0
    2454055.755            6.5            3.9
    2454297.975            4.2            4.1
    2454300.974            9.8            4.0
    2454314.939            3.4            3.6
    2454318.981            3.7            4.2
    2454344.859            5.8            4.3
    2454348.917           -2.1            4.0
    2454391.887            2.2            5.4
    2454394.775            6.7            4.2
    2454418.777            6.8            4.5
    2454420.763            2.3            4.2
    2454440.653            7.2            3.4
    2454443.651            0.9            3.6
    2454481.638            7.1            3.9
    2454503.651            7.9            4.3
    2454645.984           -0.5            4.5
    2454646.968           -1.2            4.2
    2454668.009            0.8            3.7
    2454681.904            6.3            3.8
     2454683.97            9.1            3.8
    2454711.893           -0.8            4.1
    2454713.873            4.2            4.2
    2454715.882            7.7            4.6
    2454716.875            6.7            4.1
    2454753.885            0.7            3.6
     2454755.85            4.8            3.8
    2454777.733            4.0            4.1
    2454806.796            2.2            5.5
     2454808.77            4.9            4.3
    2454809.763            9.3            6.1
    2455026.973            7.5            5.7
    2455063.965            2.5            5.0
    2455099.996            9.9            4.9
    2455116.856            6.1            6.8
    2455154.739            6.9            7.6
    2455174.788           10.5            5.8
    2455364.972            7.8            5.0
    2455419.012            8.2            4.7
    2455446.847            1.3            3.6
    2455446.856            0.8            3.1
    2455463.833            5.5            5.2
    2455466.842            2.4            4.8
    2455569.653            3.4            4.1
    2455571.713           -0.8            4.6
    2455572.671           -1.0            4.8
    2455621.621            9.3            4.6
    2455757.974           10.7            5.0
    2455803.919            2.8            4.3
    2455806.936           -1.2            4.3
    2455828.781            2.0            4.2
    2455831.849           10.0            5.1
    2455861.842            1.4            4.2
    2455864.796            7.3            4.4
    2455892.745            2.0            4.9
