    2451745.994            7.1            4.3
    2451778.895            5.0            3.7
    2451808.867           -7.4            3.6
    2451853.766           -1.0            4.1
    2451856.801           -8.7            4.6
    2451898.637            2.6            8.0
    2451932.609           16.3            3.9
    2452163.861           -8.1            4.9
    2452175.851            5.8            4.0
    2452307.598            1.1            4.5
    2452465.989           -1.6            5.3
    2452483.985            9.1            5.0
    2452494.987           -6.6            5.0
    2452517.936           17.5            5.2
     2452528.91            4.0            5.2
     2452530.91           18.1            4.5
    2452541.904            8.2            4.5
    2452543.883           16.8            5.0
    2452559.914            2.9            6.4
    2452561.795            2.7            8.4
    2452571.791           -0.6            5.0
     2452589.81           11.3            5.7
    2452603.782            0.0            4.9
    2452605.724            6.7            4.8
    2452616.772            5.0            5.9
    2452665.604            4.2            4.2
    2452668.611           15.6            5.3
    2452837.972           14.2            5.4
    2452861.963            7.1            4.1
    2452863.985            6.9            5.2
    2452879.918           -5.7            4.2
    2452880.947           20.7            5.0
    2452898.911            3.1            4.7
    2452900.928           -5.8            4.8
    2452932.839            1.6            4.3
    2452934.804           -0.7            4.6
    2452963.753            4.0            5.2
    2452965.809           16.4            5.4
     2453022.63           -1.5            5.6
     2453208.01            1.5            3.8
    2453209.978            8.7            3.7
    2453214.961           12.1            4.2
    2453231.961           -5.4            4.0
    2453233.909            7.9            3.9
     2453235.96            7.9            4.2
    2453265.899            8.0            3.8
    2453268.919           -5.8            4.0
     2453269.81            1.5            3.5
    2453286.828           14.4            3.8
    2453324.713            2.4            5.5
    2453354.654            3.2            3.8
    2453400.642            7.5            7.5
    2453550.983           13.9            4.4
    2453578.964           -0.6            4.6
    2453613.923           -4.2            4.2
    2453654.771           12.4            4.1
    2453701.724            6.6            4.6
    2453740.745           -6.1            4.7
    2453911.993           11.4            3.6
    2453917.013           19.0            3.9
    2453934.974            7.9            3.9
    2453968.925            2.2            3.2
    2453981.851            2.1            3.8
    2453985.899           16.6            4.0
    2454055.755           -5.9            3.9
    2454297.975            1.4            4.1
    2454300.974           13.1            4.0
    2454314.939            2.9            3.6
    2454318.981            4.0            4.2
    2454344.859            1.6            4.3
    2454348.917            7.3            4.0
    2454391.887            7.0            5.4
    2454394.775            3.5            4.2
    2454418.777           -5.9            4.5
    2454420.763           15.5            4.2
    2454440.653           -9.3            3.4
    2454443.651            3.1            3.6
    2454481.638           22.2            3.9
    2454503.651           -6.5            4.3
    2454645.984           15.1            4.5
    2454646.968           -6.3            4.2
    2454668.009            0.9            3.7
    2454681.904           -4.3            3.8
     2454683.97            1.3            3.8
    2454711.893            4.7            4.1
    2454713.873            4.1            4.2
    2454715.882            0.3            4.6
    2454716.875            2.2            4.1
    2454753.885           12.4            3.6
     2454755.85           -4.2            3.8
    2454777.733           -2.4            4.1
    2454806.796            6.1            5.5
     2454808.77           -0.3            4.3
    2454809.763           10.0            6.1
    2455026.973            9.9            5.7
    2455063.965            6.7            5.0
    2455099.996           -4.1            4.9
    2455116.856            4.9            6.8
    2455154.739           13.5            7.6
    2455174.788            1.5            5.8
    2455364.972            1.4            5.0
    2455419.012            4.1            4.7
    2455446.847           -2.5            3.6
    2455446.856           -2.8            3.1
    2455463.833            4.5            5.2
    2455466.842            1.8            4.8
    2455569.653           -8.5            4.1
    2455571.713            1.2            4.6
    2455572.671           12.2            4.8
    2455621.621           -4.6            4.6
    2455757.974           -0.2            5.0
    2455803.919            1.9            4.3
    2455806.936           11.2            4.3
    2455828.781           -3.5            4.2
    2455831.849            3.9            5.1
    2455861.842            8.5            4.2
    2455864.796           11.8            4.4
    2455892.745            2.5            4.9
