    2451745.994            8.0            4.3
    2451778.895          -11.2            3.7
    2451808.867           -7.8            3.6
    2451853.766           -1.2            4.1
    2451856.801           -1.2            4.6
    2451898.637           20.4            8.0
    2451932.609            6.8            3.9
    2452163.861           20.1            4.9
    2452175.851           -4.4            4.0
    2452307.598          -11.1            4.5
    2452465.989            0.3            5.3
    2452483.985           -0.2            5.0
    2452494.987            0.1            5.0
    2452517.936           -0.8            5.2
     2452528.91           16.7            5.2
     2452530.91            7.1            4.5
    2452541.904           24.2            4.5
    2452543.883            1.8            5.0
    2452559.914            9.0            6.4
    2452561.795            2.2            8.4
    2452571.791           22.8            5.0
     2452589.81           27.9            5.7
    2452603.782           13.4            4.9
    2452605.724           18.3            4.8
    2452616.772           15.0            5.9
    2452665.604            5.5            4.2
    2452668.611           -4.1            5.3
    2452837.972            0.4            5.4
    2452861.963           19.2            4.1
    2452863.985            9.9            5.2
    2452879.918           26.3            4.2
    2452880.947           -3.8            5.0
    2452898.911            2.0            4.7
    2452900.928           19.1            4.8
    2452932.839            0.7            4.3
    2452934.804           22.7            4.6
    2452963.753            9.0            5.2
    2452965.809           -8.9            5.4
     2453022.63            8.1            5.6
     2453208.01           -9.7            3.8
    2453209.978           -6.1            3.7
    2453214.961            2.8            4.2
    2453231.961            6.1            4.0
    2453233.909           16.3            3.9
     2453235.96           23.4            4.2
    2453265.899           19.9            3.8
    2453268.919           -5.5            4.0
     2453269.81           18.5            3.5
    2453286.828            0.9            3.8
    2453324.713           18.8            5.5
    2453354.654           17.9            3.8
    2453400.642           -7.1            7.5
    2453550.983           20.3            4.4
    2453578.964            1.3            4.6
    2453613.923            4.4            4.2
    2453654.771          -17.1            4.1
    2453701.724           11.5            4.6
    2453740.745            4.6            4.7
    2453911.993           13.7            3.6
    2453917.013           -4.3            3.9
    2453934.974            2.6            3.9
    2453968.925           -1.5            3.2
    2453981.851           16.7            3.8
    2453985.899            2.6            4.0
    2454055.755           -3.7            3.9
    2454297.975           -4.8            4.1
    2454300.974          -15.8            4.0
    2454314.939            2.7            3.6
    2454318.981          -19.9            4.2
    2454344.859           24.4            4.3
    2454348.917          -17.5            4.0
    2454391.887           -8.2            5.4
    2454394.775            7.4            4.2
    2454418.777           -7.5            4.5
    2454420.763           14.0            4.2
    2454440.653           16.9            3.4
    2454443.651           -8.6            3.6
    2454481.638           16.0            3.9
    2454503.651           -1.3            4.3
    2454645.984            5.1            4.5
    2454646.968           17.7            4.2
    2454668.009            2.1            3.7
    2454681.904           -3.6            3.8
     2454683.97           -9.0            3.8
    2454711.893           -4.6            4.1
    2454713.873           -4.2            4.2
    2454715.882            6.2            4.6
    2454716.875           20.3            4.1
    2454753.885           -5.6            3.6
     2454755.85           13.9            3.8
    2454777.733            1.2            4.1
    2454806.796            8.5            5.5
     2454808.77           -5.6            4.3
    2454809.763            9.3            6.1
    2455026.973           12.3            5.7
    2455063.965           19.3            5.0
    2455099.996            4.7            4.9
    2455116.856            8.8            6.8
    2455154.739           22.6            7.6
    2455174.788            8.5            5.8
    2455364.972           12.2            5.0
    2455419.012           -5.2            4.7
    2455446.847           15.5            3.6
    2455446.856           14.7            3.1
    2455463.833           -6.2            5.2
    2455466.842           -7.4            4.8
    2455569.653            4.5            4.1
    2455571.713           -9.6            4.6
    2455572.671           -0.4            4.8
    2455621.621           -4.1            4.6
    2455757.974           24.7            5.0
    2455803.919           10.6            4.3
    2455806.936           -9.3            4.3
    2455828.781          -10.6            4.2
    2455831.849          -18.8            5.1
    2455861.842          -14.0            4.2
    2455864.796           13.8            4.4
    2455892.745           -3.1            4.9
