    2451745.994           11.0            4.3
    2451778.895           -7.3            3.7
    2451808.867           -3.3            3.6
    2451853.766           18.3            4.1
    2451856.801           25.7            4.6
    2451898.637           -6.8            8.0
    2451932.609           -0.1            3.9
    2452163.861           26.0            4.9
    2452175.851           14.5            4.0
    2452307.598           10.9            4.5
    2452465.989           -8.5            5.3
    2452483.985            2.5            5.0
    2452494.987            9.1            5.0
    2452517.936           -6.8            5.2
     2452528.91           19.3            5.2
     2452530.91          -10.0            4.5
    2452541.904           14.6            4.5
    2452543.883            3.3            5.0
    2452559.914           33.6            6.4
    2452561.795           -0.4            8.4
    2452571.791           10.3            5.0
     2452589.81           -2.8            5.7
    2452603.782            0.6            4.9
    2452605.724           23.9            4.8
    2452616.772          -14.7            5.9
    2452665.604           -9.2            4.2
    2452668.611          -11.4            5.3
    2452837.972          -12.0            5.4
    2452861.963           -3.4            4.1
    2452863.985           18.1            5.2
    2452879.918           11.8            4.2
    2452880.947           -5.1            5.0
    2452898.911          -13.3            4.7
    2452900.928           22.3            4.8
    2452932.839           -8.6            4.3
    2452934.804           23.7            4.6
    2452963.753          -11.3            5.2
    2452965.809            8.8            5.4
     2453022.63           -4.9            5.6
     2453208.01           26.4            3.8
    2453209.978            7.3            3.7
    2453214.961           -7.1            4.2
    2453231.961           17.2            4.0
    2453233.909           -9.6            3.9
     2453235.96           16.4            4.2
    2453265.899           13.1            3.8
    2453268.919           16.5            4.0
     2453269.81            2.2            3.5
    2453286.828            5.8            3.8
    2453324.713           14.8            5.5
    2453354.654           14.9            3.8
    2453400.642           16.5            7.5
    2453550.983           11.0            4.4
    2453578.964           20.3            4.6
    2453613.923           -7.0            4.2
    2453654.771           -8.8            4.1
    2453701.724           14.1            4.6
    2453740.745          -12.7            4.7
    2453911.993           -7.9            3.6
    2453917.013           21.8            3.9
    2453934.974           19.9            3.9
    2453968.925           14.3            3.2
    2453981.851           12.3            3.8
    2453985.899           -8.4            4.0
    2454055.755            5.0            3.9
    2454297.975           11.9            4.1
    2454300.974           16.8            4.0
    2454314.939           -9.2            3.6
    2454318.981           22.9            4.2
    2454344.859          -14.5            4.3
    2454348.917           -7.5            4.0
    2454391.887            2.3            5.4
    2454394.775          -10.6            4.2
    2454418.777          -15.1            4.5
    2454420.763           13.7            4.2
    2454440.653           -8.3            3.4
    2454443.651          -15.3            3.6
    2454481.638           24.4            3.9
    2454503.651           13.0            4.3
    2454645.984          -16.7            4.5
    2454646.968            9.0            4.2
    2454668.009           -4.1            3.7
    2454681.904           12.8            3.8
     2454683.97           15.2            3.8
    2454711.893           20.7            4.1
    2454713.873           -7.6            4.2
    2454715.882            0.4            4.6
    2454716.875          -17.1            4.1
    2454753.885           -1.4            3.6
     2454755.85            6.8            3.8
    2454777.733          -11.7            4.1
    2454806.796           26.7            5.5
     2454808.77           -3.2            4.3
    2454809.763           21.5            6.1
    2455026.973          -11.8            5.7
    2455063.965           -9.1            5.0
    2455099.996          -10.7            4.9
    2455116.856           15.1            6.8
    2455154.739           19.9            7.6
    2455174.788            6.0            5.8
    2455364.972           -2.8            5.0
    2455419.012           -4.9            4.7
    2455446.847          -15.6            3.6
    2455446.856          -16.3            3.1
    2455463.833           19.2            5.2
    2455466.842           10.4            4.8
    2455569.653          -10.6            4.1
    2455571.713           17.5            4.6
    2455572.671          -10.1            4.8
    2455621.621           -7.3            4.6
    2455757.974            3.4            5.0
    2455803.919            1.8            4.3
    2455806.936           -5.1            4.3
    2455828.781            5.0            4.2
    2455831.849           14.4            5.1
    2455861.842          -15.8            4.2
    2455864.796          -12.6            4.4
    2455892.745          -10.4            4.9
