    2451745.994            6.1            4.3
    2451778.895            8.5            3.7
    2451808.867           -4.9            3.6
    2451853.766           -8.8            4.1
    2451856.801            8.8            4.6
    2451898.637            3.0            8.0
    2451932.609            4.5            3.9
    2452163.861           -9.2            4.9
    2452175.851            4.0            4.0
    2452307.598            8.1            4.5
    2452465.989           11.2            5.3
    2452483.985            7.5            5.0
    2452494.987            9.8            5.0
    2452517.936            2.1            5.2
     2452528.91            3.6            5.2
     2452530.91           -1.9            4.5
    2452541.904           10.9            4.5
    2452543.883            9.2            5.0
    2452559.914           11.2            6.4
    2452561.795           19.0            8.4
    2452571.791           -2.2            5.0
     2452589.81            5.5            5.7
    2452603.782            8.5            4.9
    2452605.724           10.3            4.8
    2452616.772            5.0            5.9
    2452665.604           -6.0            4.2
    2452668.611            6.9            5.3
    2452837.972            5.0            5.4
    2452861.963            7.5            4.1
    2452863.985           -9.2            5.2
    2452879.918            8.0            4.2
    2452880.947           -1.7            5.0
    2452898.911            3.6            4.7
    2452900.928            0.3            4.8
    2452932.839           11.3            4.3
    2452934.804           17.2            4.6
    2452963.753            3.0            5.2
    2452965.809           -6.2            5.4
     2453022.63           -1.1            5.6
     2453208.01            4.9            3.8
    2453209.978           -0.2            3.7
    2453214.961            2.6            4.2
    2453231.961           -2.8            4.0
    2453233.909           10.7            3.9
     2453235.96           -0.3            4.2
    2453265.899           -0.7            3.8
    2453268.919            4.9            4.0
     2453269.81            1.6            3.5
    2453286.828           -0.4            3.8
    2453324.713           17.2            5.5
    2453354.654           -1.0            3.8
    2453400.642            6.2            7.5
    2453550.983            6.2            4.4
    2453578.964            7.3            4.6
    2453613.923            0.3            4.2
    2453654.771            6.9            4.1
    2453701.724            2.8            4.6
    2453740.745            1.0            4.7
    2453911.993           -5.8            3.6
    2453917.013            9.6            3.9
    2453934.974            4.4            3.9
    2453968.925           -7.2            3.2
    2453981.851           12.4            3.8
    2453985.899           -5.5            4.0
    2454055.755           10.0            3.9
    2454297.975            3.0            4.1
    2454300.974            6.5            4.0
    2454314.939            2.3            3.6
    2454318.981            3.7            4.2
    2454344.859           13.3            4.3
    2454348.917            3.6            4.0
    2454391.887           11.8            5.4
    2454394.775            3.9            4.2
    2454418.777            9.6            4.5
    2454420.763           -4.2            4.2
    2454440.653           -1.5            3.4
    2454443.651           -2.7            3.6
    2454481.638            7.9            3.9
    2454503.651            5.7            4.3
    2454645.984            9.1            4.5
    2454646.968            7.2            4.2
    2454668.009           -4.0            3.7
    2454681.904           14.9            3.8
     2454683.97           13.7            3.8
    2454711.893            5.3            4.1
    2454713.873          -11.4            4.2
    2454715.882            0.9            4.6
    2454716.875            7.9            4.1
    2454753.885           -0.2            3.6
     2454755.85           15.1            3.8
    2454777.733            2.9            4.1
    2454806.796            3.1            5.5
     2454808.77            4.2            4.3
    2454809.763            5.3            6.1
    2455026.973           13.0            5.7
    2455063.965           -0.2            5.0
    2455099.996            6.4            4.9
    2455116.856            4.4            6.8
    2455154.739            5.9            7.6
    2455174.788           11.5            5.8
    2455364.972           15.7            5.0
    2455419.012            6.6            4.7
    2455446.847            2.6            3.6
    2455446.856            2.1            3.1
    2455463.833            1.2            5.2
    2455466.842           13.0            4.8
    2455569.653           -0.4            4.1
    2455571.713           -5.4            4.6
    2455572.671            2.8            4.8
    2455621.621            2.7            4.6
    2455757.974            4.5            5.0
    2455803.919            9.1            4.3
    2455806.936            0.8            4.3
    2455828.781           13.6            4.2
    2455831.849            9.7            5.1
    2455861.842            2.1            4.2
    2455864.796            1.7            4.4
    2455892.745           -0.9            4.9
