    2451745.994           12.9            4.3
    2451778.895           -4.4            3.7
    2451808.867            5.1            3.6
    2451853.766           13.2            4.1
    2451856.801            8.7            4.6
    2451898.637           15.4            8.0
    2451932.609           -1.1            3.9
    2452163.861           -4.4            4.9
    2452175.851            7.1            4.0
    2452307.598           12.4            4.5
    2452465.989            8.5            5.3
    2452483.985           10.6            5.0
    2452494.987           -5.8            5.0
    2452517.936            1.7            5.2
     2452528.91            8.4            5.2
     2452530.91            0.0            4.5
    2452541.904           10.5            4.5
    2452543.883           16.7            5.0
    2452559.914           -2.0            6.4
    2452561.795            5.5            8.4
    2452571.791            9.9            5.0
     2452589.81           11.2            5.7
    2452603.782            5.1            4.9
    2452605.724            5.1            4.8
    2452616.772            3.0            5.9
    2452665.604           -3.1            4.2
    2452668.611           -4.7            5.3
    2452837.972           -4.9            5.4
    2452861.963           -1.2            4.1
    2452863.985            2.1            5.2
    2452879.918           -0.7            4.2
    2452880.947           -3.8            5.0
    2452898.911            1.3            4.7
    2452900.928           -0.9            4.8
    2452932.839           10.3            4.3
    2452934.804           12.5            4.6
    2452963.753           -3.0            5.2
    2452965.809           -6.2            5.4
     2453022.63            8.5            5.6
     2453208.01            0.4            3.8
    2453209.978            4.4            3.7
    2453214.961            9.9            4.2
    2453231.961           13.6            4.0
    2453233.909           11.2            3.9
     2453235.96           14.4            4.2
    2453265.899           -1.4            3.8
    2453268.919           -6.4            4.0
     2453269.81            2.4            3.5
    2453286.828           -4.9            3.8
    2453324.713           12.3            5.5
    2453354.654           -4.1            3.8
    2453400.642            8.1            7.5
    2453550.983           -1.8            4.4
    2453578.964           14.3            4.6
    2453613.923            2.7            4.2
    2453654.771           -8.5            4.1
    2453701.724            1.2            4.6
    2453740.745           -1.9            4.7
    2453911.993          -10.5            3.6
    2453917.013           -1.7            3.9
    2453934.974            0.7            3.9
    2453968.925           16.1            3.2
    2453981.851           -3.3            3.8
    2453985.899            4.9            4.0
    2454055.755           10.6            3.9
    2454297.975            5.1            4.1
    2454300.974            4.0            4.0
    2454314.939           17.1            3.6
    2454318.981           11.3            4.2
    2454344.859           -4.1            4.3
    2454348.917            2.7            4.0
    2454391.887           -0.6            5.4
    2454394.775            8.2            4.2
    2454418.777            9.4            4.5
    2454420.763            5.9            4.2
    2454440.653            6.4            3.4
    2454443.651            9.8            3.6
    2454481.638           17.0            3.9
    2454503.651           14.5            4.3
    2454645.984           -1.5            4.5
    2454646.968           -4.5            4.2
    2454668.009            0.7            3.7
    2454681.904           12.4            3.8
     2454683.97            3.8            3.8
    2454711.893           -4.3            4.1
    2454713.873           -3.0            4.2
    2454715.882           -2.8            4.6
    2454716.875            3.9            4.1
    2454753.885           -5.9            3.6
     2454755.85           -8.0            3.8
    2454777.733           -9.8            4.1
    2454806.796           14.0            5.5
     2454808.77           11.1            4.3
    2454809.763           16.7            6.1
    2455026.973            8.9            5.7
    2455063.965           11.1            5.0
    2455099.996           -3.4            4.9
    2455116.856            6.9            6.8
    2455154.739           19.5            7.6
    2455174.788           18.8            5.8
    2455364.972           16.1            5.0
    2455419.012           -3.9            4.7
    2455446.847           -6.0            3.6
    2455446.856           -6.5            3.1
    2455463.833            1.7            5.2
    2455466.842           -8.0            4.8
    2455569.653           -4.7            4.1
    2455571.713           -3.2            4.6
    2455572.671            2.3            4.8
    2455621.621            4.2            4.6
    2455757.974           10.2            5.0
    2455803.919            9.5            4.3
    2455806.936           -5.3            4.3
    2455828.781           -5.0            4.2
    2455831.849           -7.8            5.1
    2455861.842           14.3            4.2
    2455864.796           12.5            4.4
    2455892.745            5.3            4.9
