    2451745.994           -1.8            4.3
    2451778.895           20.1            3.7
    2451808.867          -12.5            3.6
    2451853.766           12.5            4.1
    2451856.801            7.2            4.6
    2451898.637            6.3            8.0
    2451932.609            4.6            3.9
    2452163.861           -3.5            4.9
    2452175.851            6.2            4.0
    2452307.598           10.1            4.5
    2452465.989            2.7            5.3
    2452483.985           16.2            5.0
    2452494.987           -0.4            5.0
    2452517.936           -0.1            5.2
     2452528.91           -9.9            5.2
     2452530.91            2.6            4.5
    2452541.904           -3.8            4.5
    2452543.883            2.7            5.0
    2452559.914           17.1            6.4
    2452561.795           12.1            8.4
    2452571.791            6.7            5.0
     2452589.81            7.5            5.7
    2452603.782            3.0            4.9
    2452605.724           18.1            4.8
    2452616.772           13.6            5.9
    2452665.604            4.9            4.2
    2452668.611           13.1            5.3
    2452837.972           12.2            5.4
    2452861.963            1.1            4.1
    2452863.985            8.7            5.2
    2452879.918            4.2            4.2
    2452880.947           18.3            5.0
    2452898.911            1.2            4.7
    2452900.928           -1.6            4.8
    2452932.839            1.5            4.3
    2452934.804           14.2            4.6
    2452963.753           -4.1            5.2
    2452965.809           -2.1            5.4
     2453022.63            1.1            5.6
     2453208.01            6.2            3.8
    2453209.978           22.4            3.7
    2453214.961            0.6            4.2
    2453231.961           -0.9            4.0
    2453233.909            0.6            3.9
     2453235.96            3.2            4.2
    2453265.899          -10.7            3.8
    2453268.919           17.3            4.0
     2453269.81           -5.1            3.5
    2453286.828           -7.7            3.8
    2453324.713          -10.2            5.5
    2453354.654           17.4            3.8
    2453400.642           -4.2            7.5
    2453550.983           -4.9            4.4
    2453578.964            4.6            4.6
    2453613.923           11.9            4.2
    2453654.771            0.3            4.1
    2453701.724           -4.4            4.6
    2453740.745           -6.7            4.7
    2453911.993           -4.6            3.6
    2453917.013           -3.6            3.9
    2453934.974            6.9            3.9
    2453968.925           -2.2            3.2
    2453981.851            5.0            3.8
    2453985.899            3.8            4.0
    2454055.755            3.6            3.9
    2454297.975           -5.6            4.1
    2454300.974            3.1            4.0
    2454314.939            2.5            3.6
    2454318.981           12.8            4.2
    2454344.859           -3.7            4.3
    2454348.917           -6.6            4.0
    2454391.887            0.5            5.4
    2454394.775           -6.6            4.2
    2454418.777           -6.4            4.5
    2454420.763            5.9            4.2
    2454440.653           11.8            3.4
    2454443.651           -4.6            3.6
    2454481.638           -8.3            3.9
    2454503.651           14.5            4.3
    2454645.984            6.3            4.5
    2454646.968           -4.6            4.2
    2454668.009            9.5            3.7
    2454681.904           -0.8            3.8
     2454683.97           20.7            3.8
    2454711.893            1.7            4.1
    2454713.873           -4.6            4.2
    2454715.882            8.0            4.6
    2454716.875            4.4            4.1
    2454753.885            4.1            3.6
     2454755.85          -12.1            3.8
    2454777.733            8.2            4.1
    2454806.796           -4.8            5.5
     2454808.77            4.9            4.3
    2454809.763           14.3            6.1
    2455026.973           -3.8            5.7
    2455063.965           12.2            5.0
    2455099.996            9.5            4.9
    2455116.856           -9.1            6.8
    2455154.739            1.1            7.6
    2455174.788            9.8            5.8
    2455364.972            4.5            5.0
    2455419.012           -6.3            4.7
    2455446.847           -3.5            3.6
    2455446.856           -4.0            3.1
    2455463.833           14.1            5.2
    2455466.842            5.4            4.8
    2455569.653           13.2            4.1
    2455571.713            5.0            4.6
    2455572.671           -2.0            4.8
    2455621.621           -6.8            4.6
    2455757.974           12.9            5.0
    2455803.919            0.6            4.3
    2455806.936            1.2            4.3
    2455828.781            6.4            4.2
    2455831.849           16.1            5.1
    2455861.842            4.1            4.2
    2455864.796           -3.4            4.4
    2455892.745            6.7            4.9
