    2451745.994          -16.5            4.3
    2451778.895           10.2            3.7
    2451808.867           11.8            3.6
    2451853.766          -17.6            4.1
    2451856.801            2.7            4.6
    2451898.637          -11.1            8.0
    2451932.609            6.9            3.9
    2452163.861           15.6            4.9
    2452175.851            7.3            4.0
    2452307.598          -20.8            4.5
    2452465.989           17.3            5.3
    2452483.985           10.2            5.0
    2452494.987           15.3            5.0
    2452517.936          -16.6            5.2
     2452528.91          -14.5            5.2
     2452530.91          -25.8            4.5
    2452541.904          -20.9            4.5
    2452543.883          -21.0            5.0
    2452559.914            6.1            6.4
    2452561.795           29.6            8.4
    2452571.791          -20.1            5.0
     2452589.81           11.4            5.7
    2452603.782           20.4            4.9
    2452605.724           20.5            4.8
    2452616.772           20.6            5.9
    2452665.604          -17.5            4.2
    2452668.611            4.5            5.3
    2452837.972           17.2            5.4
    2452861.963           -5.4            4.1
    2452863.985           -6.1            5.2
    2452879.918           11.8            4.2
    2452880.947           17.5            5.0
    2452898.911           -3.5            4.7
    2452900.928          -23.9            4.8
    2452932.839           24.1            4.3
    2452934.804           17.7            4.6
    2452963.753           14.1            5.2
    2452965.809            7.7            5.4
     2453022.63           -8.4            5.6
     2453208.01           -0.9            3.8
    2453209.978           -2.2            3.7
    2453214.961            6.9            4.2
    2453231.961           -7.1            4.0
    2453233.909          -23.8            3.9
     2453235.96           -6.0            4.2
    2453265.899           35.5            3.8
    2453268.919           11.1            4.0
     2453269.81           11.6            3.5
    2453286.828          -22.5            3.8
    2453324.713           29.4            5.5
    2453354.654           -5.7            3.8
    2453400.642            6.0            7.5
    2453550.983           -5.9            4.4
    2453578.964          -17.9            4.6
    2453613.923           23.7            4.2
    2453654.771           12.2            4.1
    2453701.724          -23.6            4.6
    2453740.745          -17.9            4.7
    2453911.993          -11.8            3.6
    2453917.013           11.4            3.9
    2453934.974            7.4            3.9
    2453968.925           24.7            3.2
    2453981.851           17.0            3.8
    2453985.899           21.0            4.0
    2454055.755           10.9            3.9
    2454297.975          -15.5            4.1
    2454300.974           12.1            4.0
    2454314.939           37.0            3.6
    2454318.981            7.1            4.2
    2454344.859           18.9            4.3
    2454348.917          -18.4            4.0
    2454391.887          -11.1            5.4
    2454394.775          -15.7            4.2
    2454418.777          -27.2            4.5
    2454420.763           -0.8            4.2
    2454440.653           16.1            3.4
    2454443.651          -14.2            3.6
    2454481.638           32.9            3.9
    2454503.651            1.9            4.3
    2454645.984            3.0            4.5
    2454646.968           17.4            4.2
    2454668.009          -28.0            3.7
    2454681.904          -26.2            3.8
     2454683.97           10.6            3.8
    2454711.893           -2.5            4.1
    2454713.873           14.4            4.2
    2454715.882           10.2            4.6
    2454716.875            3.4            4.1
    2454753.885            8.9            3.6
     2454755.85           36.1            3.8
    2454777.733          -25.1            4.1
    2454806.796            8.4            5.5
     2454808.77           21.1            4.3
    2454809.763           24.2            6.1
    2455026.973          -33.0            5.7
    2455063.965           -5.8            5.0
    2455099.996           20.0            4.9
    2455116.856           21.3            6.8
    2455154.739           28.2            7.6
    2455174.788           -2.7            5.8
    2455364.972           36.1            5.0
    2455419.012           13.7            4.7
    2455446.847           30.5            3.6
    2455446.856           30.1            3.1
    2455463.833            6.5            5.2
    2455466.842          -28.0            4.8
    2455569.653           24.0            4.1
    2455571.713            7.4            4.6
    2455572.671            0.9            4.8
    2455621.621           10.7            4.6
    2455757.974           -1.3            5.0
    2455803.919           26.0            4.3
    2455806.936           21.5            4.3
    2455828.781            1.5            4.2
    2455831.849           25.4            5.1
    2455861.842           -6.8            4.2
    2455864.796            0.1            4.4
    2455892.745          -10.1            4.9
