    2451745.994           -3.0            4.3
    2451778.895            3.4            3.7
    2451808.867           -0.1            3.6
    2451853.766            3.6            4.1
    2451856.801            0.3            4.6
    2451898.637           13.3            8.0
    2451932.609            3.6            3.9
    2452163.861           -3.4            4.9
    2452175.851            8.8            4.0
    2452307.598            9.3            4.5
    2452465.989           -8.1            5.3
    2452483.985           13.8            5.0
    2452494.987           -1.5            5.0
    2452517.936           15.8            5.2
     2452528.91            3.8            5.2
     2452530.91            1.0            4.5
    2452541.904            2.5            4.5
    2452543.883           -3.4            5.0
    2452559.914           12.7            6.4
    2452561.795           12.8            8.4
    2452571.791           -1.8            5.0
     2452589.81            3.6            5.7
    2452603.782            3.2            4.9
    2452605.724           -0.5            4.8
    2452616.772            2.6            5.9
    2452665.604            1.9            4.2
    2452668.611           14.6            5.3
    2452837.972            6.9            5.4
    2452861.963           12.0            4.1
    2452863.985           10.7            5.2
    2452879.918           11.8            4.2
    2452880.947           -2.9            5.0
    2452898.911           -4.8            4.7
    2452900.928           -7.2            4.8
    2452932.839            0.5            4.3
    2452934.804            0.8            4.6
    2452963.753            6.7            5.2
    2452965.809            0.6            5.4
     2453022.63            9.3            5.6
     2453208.01           10.5            3.8
    2453209.978            2.8            3.7
    2453214.961           16.4            4.2
    2453231.961            1.3            4.0
    2453233.909            0.4            3.9
     2453235.96            4.0            4.2
    2453265.899           14.1            3.8
    2453268.919            3.8            4.0
     2453269.81            3.0            3.5
    2453286.828            2.7            3.8
    2453324.713           -5.5            5.5
    2453354.654            6.0            3.8
    2453400.642            3.3            7.5
    2453550.983           -3.9            4.4
    2453578.964            7.9            4.6
    2453613.923           -7.3            4.2
    2453654.771            8.3            4.1
    2453701.724           12.6            4.6
    2453740.745            3.5            4.7
    2453911.993            7.5            3.6
    2453917.013            6.3            3.9
    2453934.974           -0.3            3.9
    2453968.925           -5.3            3.2
    2453981.851           -6.8            3.8
    2453985.899           -5.5            4.0
    2454055.755            1.5            3.9
    2454297.975           10.2            4.1
    2454300.974            7.1            4.0
    2454314.939            0.6            3.6
    2454318.981           14.1            4.2
    2454344.859            1.2            4.3
    2454348.917            5.0            4.0
    2454391.887            9.3            5.4
    2454394.775           -3.5            4.2
    2454418.777            7.9            4.5
    2454420.763            9.8            4.2
    2454440.653           11.3            3.4
    2454443.651           -5.3            3.6
    2454481.638           -3.0            3.9
    2454503.651           -0.6            4.3
    2454645.984           -2.5            4.5
    2454646.968           10.8            4.2
    2454668.009           -6.5            3.7
    2454681.904            6.5            3.8
     2454683.97            7.5            3.8
    2454711.893            4.2            4.1
    2454713.873            9.9            4.2
    2454715.882           10.1            4.6
    2454716.875           -2.7            4.1
    2454753.885            7.8            3.6
     2454755.85           15.1            3.8
    2454777.733            6.7            4.1
    2454806.796           13.4            5.5
     2454808.77            4.7            4.3
    2454809.763           -5.3            6.1
    2455026.973            4.5            5.7
    2455063.965            7.0            5.0
    2455099.996           12.9            4.9
    2455116.856            5.9            6.8
    2455154.739            8.9            7.6
    2455174.788            2.0            5.8
    2455364.972            0.8            5.0
    2455419.012           -0.3            4.7
    2455446.847           -0.0            3.6
    2455446.856           -0.7            3.1
    2455463.833           10.2            5.2
    2455466.842            7.4            4.8
    2455569.653           -5.1            4.1
    2455571.713           -4.7            4.6
    2455572.671            9.9            4.8
    2455621.621           11.7            4.6
    2455757.974            4.1            5.0
    2455803.919            9.4            4.3
    2455806.936           -2.3            4.3
    2455828.781           -0.1            4.2
    2455831.849            9.0            5.1
    2455861.842            2.3            4.2
    2455864.796           -4.7            4.4
    2455892.745            5.2            4.9
