    2451745.994           10.7            4.3
    2451778.895            1.9            3.7
    2451808.867            7.6            3.6
    2451853.766            6.4            4.1
    2451856.801            8.5            4.6
    2451898.637            2.6            8.0
    2451932.609            1.3            3.9
    2452163.861            9.7            4.9
    2452175.851          -10.6            4.0
    2452307.598            7.0            4.5
    2452465.989            6.9            5.3
    2452483.985           -0.8            5.0
    2452494.987           -0.4            5.0
    2452517.936            2.7            5.2
     2452528.91           16.5            5.2
     2452530.91           16.8            4.5
    2452541.904           12.4            4.5
    2452543.883            8.9            5.0
    2452559.914           -0.9            6.4
    2452561.795           14.4            8.4
    2452571.791           10.9            5.0
     2452589.81            1.2            5.7
    2452603.782            8.9            4.9
    2452605.724           11.3            4.8
    2452616.772            7.5            5.9
    2452665.604            6.7            4.2
    2452668.611           -2.5            5.3
    2452837.972            7.6            5.4
    2452861.963            0.2            4.1
    2452863.985            1.8            5.2
    2452879.918            5.3            4.2
    2452880.947            2.2            5.0
    2452898.911            6.7            4.7
    2452900.928            6.9            4.8
    2452932.839           12.2            4.3
    2452934.804           14.9            4.6
    2452963.753           -7.4            5.2
    2452965.809            0.1            5.4
     2453022.63           11.8            5.6
     2453208.01           11.1            3.8
    2453209.978            4.9            3.7
    2453214.961            3.7            4.2
    2453231.961           10.6            4.0
    2453233.909            9.4            3.9
     2453235.96           10.3            4.2
    2453265.899           -1.5            3.8
    2453268.919            6.1            4.0
     2453269.81            1.4            3.5
    2453286.828           -3.7            3.8
    2453324.713           13.7            5.5
    2453354.654           -1.9            3.8
    2453400.642           22.1            7.5
    2453550.983           13.3            4.4
    2453578.964           11.0            4.6
    2453613.923            9.9            4.2
    2453654.771            9.5            4.1
    2453701.724            8.6            4.6
    2453740.745            0.8            4.7
    2453911.993           -2.6            3.6
    2453917.013           -3.1            3.9
    2453934.974            9.7            3.9
    2453968.925            4.0            3.2
    2453981.851            0.2            3.8
    2453985.899           -0.6            4.0
    2454055.755           -4.0            3.9
    2454297.975            5.4            4.1
    2454300.974            2.3            4.0
    2454314.939            5.6            3.6
    2454318.981            8.4            4.2
    2454344.859            9.8            4.3
    2454348.917            7.0            4.0
    2454391.887            5.5            5.4
    2454394.775           14.8            4.2
    2454418.777            4.0            4.5
    2454420.763           10.9            4.2
    2454440.653            6.8            3.4
    2454443.651            7.7            3.6
    2454481.638            3.9            3.9
    2454503.651            4.6            4.3
    2454645.984            6.2            4.5
    2454646.968           12.0            4.2
    2454668.009           12.6            3.7
    2454681.904            3.9            3.8
     2454683.97            8.1            3.8
    2454711.893            4.3            4.1
    2454713.873           -1.4            4.2
    2454715.882            8.0            4.6
    2454716.875            6.8            4.1
    2454753.885           -5.1            3.6
     2454755.85           -3.7            3.8
    2454777.733           -3.1            4.1
    2454806.796            9.9            5.5
     2454808.77            0.1            4.3
    2454809.763            1.8            6.1
    2455026.973            6.7            5.7
    2455063.965           -2.6            5.0
    2455099.996            8.8            4.9
    2455116.856            0.7            6.8
    2455154.739            8.5            7.6
    2455174.788            4.3            5.8
    2455364.972            7.9            5.0
    2455419.012           13.4            4.7
    2455446.847           -4.5            3.6
    2455446.856           -4.9            3.1
    2455463.833            9.7            5.2
    2455466.842            8.3            4.8
    2455569.653            0.4            4.1
    2455571.713           -6.1            4.6
    2455572.671           -5.4            4.8
    2455621.621            8.9            4.6
    2455757.974            9.7            5.0
    2455803.919            2.9            4.3
    2455806.936            6.3            4.3
    2455828.781            3.2            4.2
    2455831.849            3.2            5.1
    2455861.842            4.2            4.2
    2455864.796            1.6            4.4
    2455892.745           -2.6            4.9
