    2451745.994            4.5            4.3
    2451778.895           15.1            3.7
    2451808.867          -11.7            3.6
    2451853.766            6.7            4.1
    2451856.801          -20.8            4.6
    2451898.637           18.2            8.0
    2451932.609           12.5            3.9
    2452163.861            2.3            4.9
    2452175.851           19.6            4.0
    2452307.598            3.9            4.5
    2452465.989           12.4            5.3
    2452483.985           10.1            5.0
    2452494.987           -1.9            5.0
    2452517.936           -7.4            5.2
     2452528.91           17.4            5.2
     2452530.91           -0.2            4.5
    2452541.904           15.4            4.5
    2452543.883           11.5            5.0
    2452559.914            7.8            6.4
    2452561.795            7.4            8.4
    2452571.791           16.5            5.0
     2452589.81           30.9            5.7
    2452603.782            0.7            4.9
    2452605.724           -0.2            4.8
    2452616.772           -7.4            5.9
    2452665.604            6.0            4.2
    2452668.611           10.4            5.3
    2452837.972           12.8            5.4
    2452861.963            7.3            4.1
    2452863.985            7.2            5.2
    2452879.918            9.4            4.2
    2452880.947            3.4            5.0
    2452898.911            8.0            4.7
    2452900.928           -3.7            4.8
    2452932.839           17.9            4.3
    2452934.804           13.9            4.6
    2452963.753            5.2            5.2
    2452965.809           11.8            5.4
     2453022.63           -2.2            5.6
     2453208.01           -2.4            3.8
    2453209.978           11.4            3.7
    2453214.961           10.5            4.2
    2453231.961            3.8            4.0
    2453233.909            2.0            3.9
     2453235.96           -5.1            4.2
    2453265.899           11.3            3.8
    2453268.919          -11.5            4.0
     2453269.81           -3.8            3.5
    2453286.828           -9.8            3.8
    2453324.713           -5.6            5.5
    2453354.654            8.8            3.8
    2453400.642           19.5            7.5
    2453550.983           -2.4            4.4
    2453578.964          -11.9            4.6
    2453613.923            2.9            4.2
    2453654.771           13.9            4.1
    2453701.724            3.4            4.6
    2453740.745           20.2            4.7
    2453911.993          -14.6            3.6
    2453917.013          -14.9            3.9
    2453934.974          -10.3            3.9
    2453968.925           11.3            3.2
    2453981.851           17.6            3.8
    2453985.899          -13.9            4.0
    2454055.755           17.9            3.9
    2454297.975            4.0            4.1
    2454300.974           -1.1            4.0
    2454314.939            0.3            3.6
    2454318.981           -5.4            4.2
    2454344.859            8.5            4.3
    2454348.917           -0.0            4.0
    2454391.887            5.5            5.4
    2454394.775           -4.1            4.2
    2454418.777            8.9            4.5
    2454420.763            8.3            4.2
    2454440.653            1.3            3.4
    2454443.651            1.6            3.6
    2454481.638           -3.9            3.9
    2454503.651            4.8            4.3
    2454645.984           -2.1            4.5
    2454646.968           10.8            4.2
    2454668.009            4.2            3.7
    2454681.904           -1.9            3.8
     2454683.97           -9.3            3.8
    2454711.893            1.3            4.1
    2454713.873           19.1            4.2
    2454715.882           15.7            4.6
    2454716.875           -9.0            4.1
    2454753.885           17.3            3.6
     2454755.85           13.5            3.8
    2454777.733          -14.8            4.1
    2454806.796           22.1            5.5
     2454808.77           -5.3            4.3
    2454809.763           17.9            6.1
    2455026.973          -14.4            5.7
    2455063.965           14.3            5.0
    2455099.996            4.2            4.9
    2455116.856           16.4            6.8
    2455154.739           11.3            7.6
    2455174.788          -11.4            5.8
    2455364.972           -3.3            5.0
    2455419.012           19.3            4.7
    2455446.847           -1.2            3.6
    2455446.856           -1.4            3.1
    2455463.833            0.0            5.2
    2455466.842            1.4            4.8
    2455569.653            6.4            4.1
    2455571.713           13.7            4.6
    2455572.671            2.3            4.8
    2455621.621           -4.0            4.6
    2455757.974           12.0            5.0
    2455803.919           -1.4            4.3
    2455806.936           -5.9            4.3
    2455828.781            8.1            4.2
    2455831.849          -13.1            5.1
    2455861.842            2.1            4.2
    2455864.796            5.4            4.4
    2455892.745          -16.0            4.9
