    2451745.994            7.3            4.3
    2451778.895            0.1            3.7
    2451808.867           -2.5            3.6
    2451853.766            6.7            4.1
    2451856.801            4.7            4.6
    2451898.637           15.5            8.0
    2451932.609            9.5            3.9
    2452163.861           -1.2            4.9
    2452175.851           12.1            4.0
    2452307.598           -2.2            4.5
    2452465.989           10.4            5.3
    2452483.985            0.2            5.0
    2452494.987           -1.1            5.0
    2452517.936           12.5            5.2
     2452528.91            1.8            5.2
     2452530.91            4.1            4.5
    2452541.904            3.6            4.5
    2452543.883            5.8            5.0
    2452559.914            6.8            6.4
    2452561.795            4.8            8.4
    2452571.791            5.7            5.0
     2452589.81           -3.3            5.7
    2452603.782           10.4            4.9
    2452605.724            9.5            4.8
    2452616.772           12.3            5.9
    2452665.604            5.9            4.2
    2452668.611            2.5            5.3
    2452837.972           13.3            5.4
    2452861.963           10.5            4.1
    2452863.985           12.4            5.2
    2452879.918            1.3            4.2
    2452880.947           15.0            5.0
    2452898.911            2.5            4.7
    2452900.928            5.4            4.8
    2452932.839            7.2            4.3
    2452934.804           10.9            4.6
    2452963.753           -0.3            5.2
    2452965.809           -1.8            5.4
     2453022.63           12.5            5.6
     2453208.01            6.7            3.8
    2453209.978            7.1            3.7
    2453214.961           -1.1            4.2
    2453231.961            1.7            4.0
    2453233.909            6.0            3.9
     2453235.96            9.3            4.2
    2453265.899           10.0            3.8
    2453268.919           -4.6            4.0
     2453269.81            4.9            3.5
    2453286.828            5.7            3.8
    2453324.713            1.2            5.5
    2453354.654           -0.3            3.8
    2453400.642            9.3            7.5
    2453550.983           -3.2            4.4
    2453578.964            3.0            4.6
    2453613.923            6.3            4.2
    2453654.771            7.9            4.1
    2453701.724            8.5            4.6
    2453740.745           11.5            4.7
    2453911.993           -6.1            3.6
    2453917.013            6.4            3.9
    2453934.974            2.2            3.9
    2453968.925            8.7            3.2
    2453981.851           12.0            3.8
    2453985.899           12.0            4.0
    2454055.755           -3.6            3.9
    2454297.975            9.0            4.1
    2454300.974           -0.3            4.0
    2454314.939            7.4            3.6
    2454318.981            7.1            4.2
    2454344.859           11.9            4.3
    2454348.917            6.0            4.0
    2454391.887            3.2            5.4
    2454394.775            5.4            4.2
    2454418.777            3.5            4.5
    2454420.763            8.1            4.2
    2454440.653           -2.5            3.4
    2454443.651            8.8            3.6
    2454481.638           -0.6            3.9
    2454503.651            5.8            4.3
    2454645.984           13.8            4.5
    2454646.968            2.0            4.2
    2454668.009            9.1            3.7
    2454681.904            0.3            3.8
     2454683.97            0.6            3.8
    2454711.893           -1.5            4.1
    2454713.873           -4.0            4.2
    2454715.882           -3.9            4.6
    2454716.875            7.7            4.1
    2454753.885            4.8            3.6
     2454755.85            6.4            3.8
    2454777.733            3.4            4.1
    2454806.796            7.3            5.5
     2454808.77            2.0            4.3
    2454809.763           11.3            6.1
    2455026.973           13.3            5.7
    2455063.965            3.1            5.0
    2455099.996            7.4            4.9
    2455116.856            9.6            6.8
    2455154.739           -0.7            7.6
    2455174.788            8.5            5.8
    2455364.972            3.1            5.0
    2455419.012           -4.8            4.7
    2455446.847            0.8            3.6
    2455446.856            0.2            3.1
    2455463.833            1.3            5.2
    2455466.842            6.0            4.8
    2455569.653            0.9            4.1
    2455571.713           -0.5            4.6
    2455572.671           11.6            4.8
    2455621.621            2.5            4.6
    2455757.974            5.2            5.0
    2455803.919           -2.0            4.3
    2455806.936           12.3            4.3
    2455828.781           12.2            4.2
    2455831.849            0.0            5.1
    2455861.842           -3.7            4.2
    2455864.796            8.4            4.4
    2455892.745            9.2            4.9
