    2451745.994            8.3            4.3
    2451778.895            8.3            3.7
    2451808.867            3.1            3.6
    2451853.766            3.1            4.1
    2451856.801            5.2            4.6
    2451898.637            9.5            8.0
    2451932.609            3.5            3.9
    2452163.861            6.6            4.9
    2452175.851            6.9            4.0
    2452307.598            8.2            4.5
    2452465.989            3.3            5.3
    2452483.985            8.3            5.0
    2452494.987            4.4            5.0
    2452517.936            4.5            5.2
     2452528.91            9.6            5.2
     2452530.91            9.1            4.5
    2452541.904            4.0            4.5
    2452543.883            3.7            5.0
    2452559.914            6.5            6.4
    2452561.795           11.6            8.4
    2452571.791            3.5            5.0
     2452589.81            7.5            5.7
    2452603.782            6.0            4.9
    2452605.724            3.6            4.8
    2452616.772            1.1            5.9
    2452665.604            3.9            4.2
    2452668.611            2.6            5.3
    2452837.972            2.1            5.4
    2452861.963            5.7            4.1
    2452863.985            4.5            5.2
    2452879.918            2.8            4.2
    2452880.947            8.8            5.0
    2452898.911            3.8            4.7
    2452900.928            4.4            4.8
    2452932.839            8.2            4.3
    2452934.804            6.7            4.6
    2452963.753            6.3            5.2
    2452965.809            7.3            5.4
     2453022.63            5.5            5.6
     2453208.01            5.0            3.8
    2453209.978            4.8            3.7
    2453214.961            6.0            4.2
    2453231.961            3.7            4.0
    2453233.909            6.4            3.9
     2453235.96            7.3            4.2
    2453265.899            4.7            3.8
    2453268.919            8.7            4.0
     2453269.81            3.3            3.5
    2453286.828            3.4            3.8
    2453324.713            5.3            5.5
    2453354.654           -0.6            3.8
    2453400.642            9.1            7.5
    2453550.983            5.5            4.4
    2453578.964            5.5            4.6
    2453613.923            5.4            4.2
    2453654.771            7.2            4.1
    2453701.724            6.3            4.6
    2453740.745            3.2            4.7
    2453911.993            0.6            3.6
    2453917.013            3.0            3.9
    2453934.974           -0.6            3.9
    2453968.925            4.0            3.2
    2453981.851            1.5            3.8
    2453985.899            6.4            4.0
    2454055.755            6.5            3.9
    2454297.975            4.8            4.1
    2454300.974            3.9            4.0
    2454314.939            4.0            3.6
    2454318.981            3.6            4.2
    2454344.859            4.6            4.3
    2454348.917            0.3            4.0
    2454391.887            8.6            5.4
    2454394.775            8.4            4.2
    2454418.777            5.6            4.5
    2454420.763            8.0            4.2
    2454440.653            2.2            3.4
    2454443.651            6.6            3.6
    2454481.638            5.4            3.9
    2454503.651           -0.1            4.3
    2454645.984            7.5            4.5
    2454646.968            2.0            4.2
    2454668.009            0.8            3.7
    2454681.904            1.9            3.8
     2454683.97            3.9            3.8
    2454711.893            5.4            4.1
    2454713.873            4.6            4.2
    2454715.882            2.5            4.6
    2454716.875            4.5            4.1
    2454753.885            6.6            3.6
     2454755.85            4.2            3.8
    2454777.733            8.7            4.1
    2454806.796            4.7            5.5
     2454808.77            5.9            4.3
    2454809.763            6.2            6.1
    2455026.973            8.0            5.7
    2455063.965            4.7            5.0
    2455099.996            5.1            4.9
    2455116.856            5.0            6.8
    2455154.739            6.5            7.6
    2455174.788           10.6            5.8
    2455364.972            9.5            5.0
    2455419.012            6.3            4.7
    2455446.847            2.0            3.6
    2455446.856            1.6            3.1
    2455463.833            6.4            5.2
    2455466.842            2.7            4.8
    2455569.653            8.3            4.1
    2455571.713            8.2            4.6
    2455572.671            4.9            4.8
    2455621.621            4.8            4.6
    2455757.974            7.8            5.0
    2455803.919            2.3            4.3
    2455806.936            5.7            4.3
    2455828.781            1.5            4.2
    2455831.849            0.8            5.1
    2455861.842            1.5            4.2
    2455864.796            1.6            4.4
    2455892.745            3.1            4.9
