    2451745.994           -9.7            4.3
    2451778.895            3.2            3.7
    2451808.867           27.3            3.6
    2451853.766            5.3            4.1
    2451856.801          -18.0            4.6
    2451898.637          -14.2            8.0
    2451932.609           26.6            3.9
    2452163.861           -5.1            4.9
    2452175.851          -11.8            4.0
    2452307.598            2.4            4.5
    2452465.989          -19.4            5.3
    2452483.985           11.5            5.0
    2452494.987            1.3            5.0
    2452517.936          -11.7            5.2
     2452528.91           12.2            5.2
     2452530.91           -3.2            4.5
    2452541.904           16.7            4.5
    2452543.883            0.7            5.0
    2452559.914          -14.2            6.4
    2452561.795           -8.2            8.4
    2452571.791            1.0            5.0
     2452589.81           -7.6            5.7
    2452603.782           -7.7            4.9
    2452605.724            5.5            4.8
    2452616.772           -7.1            5.9
    2452665.604           11.5            4.2
    2452668.611           -9.1            5.3
    2452837.972          -12.9            5.4
    2452861.963            3.8            4.1
    2452863.985           -5.7            5.2
    2452879.918           -7.5            4.2
    2452880.947            4.3            5.0
    2452898.911           23.5            4.7
    2452900.928            6.0            4.8
    2452932.839          -19.5            4.3
    2452934.804           -9.5            4.6
    2452963.753            3.8            5.2
    2452965.809           25.4            5.4
     2453022.63           24.2            5.6
     2453208.01          -12.1            3.8
    2453209.978          -15.1            3.7
    2453214.961           14.4            4.2
    2453231.961            4.6            4.0
    2453233.909           -4.6            3.9
     2453235.96          -19.5            4.2
    2453265.899           -2.6            3.8
    2453268.919           24.3            4.0
     2453269.81           19.2            3.5
    2453286.828           16.8            3.8
    2453324.713           22.6            5.5
    2453354.654           15.4            3.8
    2453400.642          -13.5            7.5
    2453550.983           11.2            4.4
    2453578.964            8.2            4.6
    2453613.923           25.9            4.2
    2453654.771           12.5            4.1
    2453701.724            5.6            4.6
    2453740.745           10.6            4.7
    2453911.993           -5.6            3.6
    2453917.013            3.7            3.9
    2453934.974           20.1            3.9
    2453968.925          -14.2            3.2
    2453981.851          -15.4            3.8
    2453985.899           17.7            4.0
    2454055.755           29.0            3.9
    2454297.975           -7.9            4.1
    2454300.974           -3.7            4.0
    2454314.939           -4.3            3.6
    2454318.981           20.3            4.2
    2454344.859           24.0            4.3
    2454348.917           14.0            4.0
    2454391.887          -11.7            5.4
    2454394.775          -22.5            4.2
    2454418.777           -0.3            4.5
    2454420.763          -13.2            4.2
    2454440.653            3.4            3.4
    2454443.651           15.1            3.6
    2454481.638           20.5            3.9
    2454503.651           -6.8            4.3
    2454645.984           -8.1            4.5
    2454646.968           -3.9            4.2
    2454668.009            0.9            3.7
    2454681.904           -1.3            3.8
     2454683.97          -18.4            3.8
    2454711.893          -21.3            4.1
    2454713.873          -14.2            4.2
    2454715.882            5.4            4.6
    2454716.875           12.5            4.1
    2454753.885          -13.1            3.6
     2454755.85           -0.2            3.8
    2454777.733            9.1            4.1
    2454806.796           -9.0            5.5
     2454808.77           -2.5            4.3
    2454809.763            6.0            6.1
    2455026.973            0.2            5.7
    2455063.965           28.9            5.0
    2455099.996           15.7            4.9
    2455116.856           25.3            6.8
    2455154.739           -7.1            7.6
    2455174.788            2.6            5.8
    2455364.972           -1.8            5.0
    2455419.012           21.7            4.7
    2455446.847            0.9            3.6
    2455446.856            1.6            3.1
    2455463.833           27.2            5.2
    2455466.842            3.8            4.8
    2455569.653           13.6            4.1
    2455571.713           24.0            4.6
    2455572.671           22.0            4.8
    2455621.621           -7.2            4.6
    2455757.974           -9.0            5.0
    2455803.919           -3.2            4.3
    2455806.936           24.2            4.3
    2455828.781          -10.2            4.2
    2455831.849            7.7            5.1
    2455861.842           26.0            4.2
    2455864.796           20.6            4.4
    2455892.745            2.2            4.9
