    2451745.994           -3.5            4.3
    2451778.895           11.5            3.7
    2451808.867           -6.7            3.6
    2451853.766           -5.9            4.1
    2451856.801           -1.1            4.6
    2451898.637           -3.6            8.0
    2451932.609            8.5            3.9
    2452163.861           11.3            4.9
    2452175.851           -0.7            4.0
    2452307.598           -1.6            4.5
    2452465.989           10.1            5.3
    2452483.985           12.4            5.0
    2452494.987            2.0            5.0
    2452517.936           10.4            5.2
     2452528.91           13.9            5.2
     2452530.91           -1.6            4.5
    2452541.904            8.5            4.5
    2452543.883            1.3            5.0
    2452559.914           13.6            6.4
    2452561.795           -0.7            8.4
    2452571.791            0.4            5.0
     2452589.81            0.4            5.7
    2452603.782           -3.2            4.9
    2452605.724            5.0            4.8
    2452616.772            2.9            5.9
    2452665.604           -4.2            4.2
    2452668.611           -0.7            5.3
    2452837.972           11.4            5.4
    2452861.963           11.8            4.1
    2452863.985           -0.1            5.2
    2452879.918            2.7            4.2
    2452880.947           -6.2            5.0
    2452898.911            0.2            4.7
    2452900.928            1.7            4.8
    2452932.839           -2.2            4.3
    2452934.804           15.5            4.6
    2452963.753           -0.1            5.2
    2452965.809           13.5            5.4
     2453022.63            1.5            5.6
     2453208.01            6.5            3.8
    2453209.978            0.6            3.7
    2453214.961            3.6            4.2
    2453231.961            2.0            4.0
    2453233.909            6.4            3.9
     2453235.96            8.7            4.2
    2453265.899           -7.0            3.8
    2453268.919           -1.6            4.0
     2453269.81           -5.3            3.5
    2453286.828           -7.9            3.8
    2453324.713            2.3            5.5
    2453354.654            9.2            3.8
    2453400.642            3.3            7.5
    2453550.983            0.3            4.4
    2453578.964           -0.1            4.6
    2453613.923            4.4            4.2
    2453654.771           -6.8            4.1
    2453701.724           10.5            4.6
    2453740.745            1.7            4.7
    2453911.993           -0.7            3.6
    2453917.013           12.9            3.9
    2453934.974            4.4            3.9
    2453968.925            9.2            3.2
    2453981.851            6.3            3.8
    2453985.899           13.1            4.0
    2454055.755           12.8            3.9
    2454297.975           11.7            4.1
    2454300.974            6.9            4.0
    2454314.939            1.8            3.6
    2454318.981           10.7            4.2
    2454344.859           -2.2            4.3
    2454348.917           -2.1            4.0
    2454391.887           15.4            5.4
    2454394.775            8.0            4.2
    2454418.777            4.2            4.5
    2454420.763            5.1            4.2
    2454440.653           16.3            3.4
    2454443.651           12.1            3.6
    2454481.638            7.7            3.9
    2454503.651           10.4            4.3
    2454645.984           12.6            4.5
    2454646.968           -0.4            4.2
    2454668.009           -2.1            3.7
    2454681.904           -8.0            3.8
     2454683.97            8.2            3.8
    2454711.893           11.1            4.1
    2454713.873            6.5            4.2
    2454715.882            3.7            4.6
    2454716.875           -0.8            4.1
    2454753.885            1.9            3.6
     2454755.85            8.8            3.8
    2454777.733           11.5            4.1
    2454806.796           -0.1            5.5
     2454808.77           13.4            4.3
    2454809.763            1.1            6.1
    2455026.973           13.7            5.7
    2455063.965           -2.5            5.0
    2455099.996           14.8            4.9
    2455116.856           10.9            6.8
    2455154.739            8.4            7.6
    2455174.788           -2.2            5.8
    2455364.972           -2.9            5.0
    2455419.012           16.4            4.7
    2455446.847           12.3            3.6
    2455446.856           11.8            3.1
    2455463.833           12.0            5.2
    2455466.842            5.5            4.8
    2455569.653           -3.0            4.1
    2455571.713           11.9            4.6
    2455572.671            5.6            4.8
    2455621.621            2.0            4.6
    2455757.974            1.2            5.0
    2455803.919           10.3            4.3
    2455806.936            5.3            4.3
    2455828.781           15.1            4.2
    2455831.849           15.5            5.1
    2455861.842           -6.5            4.2
    2455864.796           -6.8            4.4
    2455892.745           -3.8            4.9
