    2451745.994           10.7            4.3
    2451778.895           23.1            3.7
    2451808.867          -12.8            3.6
    2451853.766          -14.7            4.1
    2451856.801           -6.2            4.6
    2451898.637           -7.4            8.0
    2451932.609           14.5            3.9
    2452163.861           12.8            4.9
    2452175.851            5.8            4.0
    2452307.598           10.6            4.5
    2452465.989           12.6            5.3
    2452483.985            0.1            5.0
    2452494.987           16.8            5.0
    2452517.936            7.2            5.2
     2452528.91           -7.1            5.2
     2452530.91           25.0            4.5
    2452541.904            1.5            4.5
    2452543.883            5.7            5.0
    2452559.914            6.7            6.4
    2452561.795           -2.7            8.4
    2452571.791           24.1            5.0
     2452589.81           -9.2            5.7
    2452603.782           14.5            4.9
    2452605.724          -11.6            4.8
    2452616.772            5.0            5.9
    2452665.604           -1.3            4.2
    2452668.611           20.7            5.3
    2452837.972           10.5            5.4
    2452861.963           10.8            4.1
    2452863.985            0.7            5.2
    2452879.918            1.1            4.2
    2452880.947          -14.9            5.0
    2452898.911           25.6            4.7
    2452900.928           -7.5            4.8
    2452932.839          -10.3            4.3
    2452934.804           13.9            4.6
    2452963.753           18.3            5.2
    2452965.809          -10.1            5.4
     2453022.63           -8.9            5.6
     2453208.01          -10.9            3.8
    2453209.978            6.3            3.7
    2453214.961           17.2            4.2
    2453231.961            3.8            4.0
    2453233.909            3.4            3.9
     2453235.96            2.2            4.2
    2453265.899            3.3            3.8
    2453268.919           -9.4            4.0
     2453269.81           -6.0            3.5
    2453286.828           16.7            3.8
    2453324.713            9.3            5.5
    2453354.654           -6.6            3.8
    2453400.642           13.3            7.5
    2453550.983           20.4            4.4
    2453578.964           16.4            4.6
    2453613.923            5.6            4.2
    2453654.771           13.9            4.1
    2453701.724           -8.4            4.6
    2453740.745            8.2            4.7
    2453911.993           -5.5            3.6
    2453917.013           -6.1            3.9
    2453934.974           19.6            3.9
    2453968.925          -10.6            3.2
    2453981.851           -0.8            3.8
    2453985.899            1.1            4.0
    2454055.755           16.6            3.9
    2454297.975           12.2            4.1
    2454300.974           -5.4            4.0
    2454314.939           20.4            3.6
    2454318.981           16.0            4.2
    2454344.859           -4.1            4.3
    2454348.917           -7.0            4.0
    2454391.887           13.0            5.4
    2454394.775           14.7            4.2
    2454418.777            4.7            4.5
    2454420.763           -4.1            4.2
    2454440.653           16.2            3.4
    2454443.651           19.3            3.6
    2454481.638           -4.4            3.9
    2454503.651           15.5            4.3
    2454645.984            9.1            4.5
    2454646.968           17.1            4.2
    2454668.009           -2.9            3.7
    2454681.904            5.1            3.8
     2454683.97            1.3            3.8
    2454711.893            6.5            4.1
    2454713.873            0.1            4.2
    2454715.882            9.3            4.6
    2454716.875           -8.6            4.1
    2454753.885           -2.0            3.6
     2454755.85            9.0            3.8
    2454777.733           -7.9            4.1
    2454806.796           13.5            5.5
     2454808.77            2.1            4.3
    2454809.763           -4.9            6.1
    2455026.973           15.3            5.7
    2455063.965           -1.7            5.0
    2455099.996            0.8            4.9
    2455116.856           -8.7            6.8
    2455154.739            8.7            7.6
    2455174.788            9.0            5.8
    2455364.972          -10.1            5.0
    2455419.012           20.7            4.7
    2455446.847           10.2            3.6
    2455446.856           10.2            3.1
    2455463.833           17.8            5.2
    2455466.842           18.6            4.8
    2455569.653           -4.3            4.1
    2455571.713           22.0            4.6
    2455572.671           11.5            4.8
    2455621.621           -5.0            4.6
    2455757.974           13.6            5.0
    2455803.919            7.3            4.3
    2455806.936           23.6            4.3
    2455828.781           -5.6            4.2
    2455831.849           13.9            5.1
    2455861.842           -6.1            4.2
    2455864.796           -9.1            4.4
    2455892.745            7.4            4.9
