    2451745.994            8.4            4.3
    2451778.895           -0.1            3.7
    2451808.867            5.0            3.6
    2451853.766            5.8            4.1
    2451856.801            8.4            4.6
    2451898.637           10.0            8.0
    2451932.609            1.2            3.9
    2452163.861            4.0            4.9
    2452175.851            4.0            4.0
    2452307.598            6.8            4.5
    2452465.989            5.0            5.3
    2452483.985            8.9            5.0
    2452494.987            1.3            5.0
    2452517.936            1.7            5.2
     2452528.91            8.9            5.2
     2452530.91            6.7            4.5
    2452541.904            2.3            4.5
    2452543.883            4.8            5.0
    2452559.914            2.4            6.4
    2452561.795            4.5            8.4
    2452571.791            9.2            5.0
     2452589.81            6.9            5.7
    2452603.782            1.2            4.9
    2452605.724            0.8            4.8
    2452616.772           10.1            5.9
    2452665.604            5.6            4.2
    2452668.611            3.4            5.3
    2452837.972            9.1            5.4
    2452861.963            7.9            4.1
    2452863.985            8.5            5.2
    2452879.918            5.6            4.2
    2452880.947            7.5            5.0
    2452898.911            2.2            4.7
    2452900.928            4.4            4.8
    2452932.839            6.3            4.3
    2452934.804            4.4            4.6
    2452963.753            1.6            5.2
    2452965.809            3.2            5.4
     2453022.63            7.0            5.6
     2453208.01           -0.4            3.8
    2453209.978            0.1            3.7
    2453214.961            5.6            4.2
    2453231.961            0.6            4.0
    2453233.909            1.9            3.9
     2453235.96            4.4            4.2
    2453265.899            7.1            3.8
    2453268.919            4.6            4.0
     2453269.81            3.1            3.5
    2453286.828            7.8            3.8
    2453324.713            5.1            5.5
    2453354.654            7.4            3.8
    2453400.642           10.3            7.5
    2453550.983            7.1            4.4
    2453578.964            7.6            4.6
    2453613.923            2.6            4.2
    2453654.771           -0.0            4.1
    2453701.724            1.6            4.6
    2453740.745            1.8            4.7
    2453911.993            7.3            3.6
    2453917.013            3.3            3.9
    2453934.974            7.7            3.9
    2453968.925           -0.2            3.2
    2453981.851            5.9            3.8
    2453985.899            1.7            4.0
    2454055.755           -0.1            3.9
    2454297.975            2.1            4.1
    2454300.974            0.0            4.0
    2454314.939            6.8            3.6
    2454318.981            3.5            4.2
    2454344.859            0.6            4.3
    2454348.917            0.9            4.0
    2454391.887            1.4            5.4
    2454394.775            2.1            4.2
    2454418.777            4.6            4.5
    2454420.763            6.4            4.2
    2454440.653            2.6            3.4
    2454443.651            6.0            3.6
    2454481.638            0.0            3.9
    2454503.651            0.6            4.3
    2454645.984            8.2            4.5
    2454646.968            8.2            4.2
    2454668.009            7.0            3.7
    2454681.904            0.1            3.8
     2454683.97            1.2            3.8
    2454711.893            6.9            4.1
    2454713.873            8.1            4.2
    2454715.882            8.4            4.6
    2454716.875            7.3            4.1
    2454753.885            3.7            3.6
     2454755.85            6.0            3.8
    2454777.733            6.1            4.1
    2454806.796            8.3            5.5
     2454808.77            5.2            4.3
    2454809.763            5.9            6.1
    2455026.973            9.8            5.7
    2455063.965            2.6            5.0
    2455099.996            4.3            4.9
    2455116.856           10.9            6.8
    2455154.739            6.8            7.6
    2455174.788            2.9            5.8
    2455364.972            7.4            5.0
    2455419.012            1.0            4.7
    2455446.847            4.9            3.6
    2455446.856            4.4            3.1
    2455463.833            1.6            5.2
    2455466.842            3.7            4.8
    2455569.653            2.7            4.1
    2455571.713            1.4            4.6
    2455572.671            1.0            4.8
    2455621.621            1.9            4.6
    2455757.974            4.7            5.0
    2455803.919            5.5            4.3
    2455806.936            7.9            4.3
    2455828.781            7.8            4.2
    2455831.849            9.0            5.1
    2455861.842            1.1            4.2
    2455864.796            0.6            4.4
    2455892.745            5.6            4.9
