    2451745.994            5.0            4.3
    2451778.895           -7.3            3.7
    2451808.867           -4.0            3.6
    2451853.766           13.8            4.1
    2451856.801            2.7            4.6
    2451898.637           -0.4            8.0
    2451932.609           -3.6            3.9
    2452163.861           -2.1            4.9
    2452175.851            0.7            4.0
    2452307.598           12.3            4.5
    2452465.989            1.2            5.3
    2452483.985            8.5            5.0
    2452494.987           -2.1            5.0
    2452517.936           -0.1            5.2
     2452528.91           -2.1            5.2
     2452530.91           -2.5            4.5
    2452541.904            1.7            4.5
    2452543.883           14.8            5.0
    2452559.914           -1.5            6.4
    2452561.795           11.1            8.4
    2452571.791            0.2            5.0
     2452589.81            0.7            5.7
    2452603.782           17.2            4.9
    2452605.724            8.2            4.8
    2452616.772            8.0            5.9
    2452665.604            1.1            4.2
    2452668.611           15.7            5.3
    2452837.972           -3.3            5.4
    2452861.963           -1.8            4.1
    2452863.985            6.1            5.2
    2452879.918            3.6            4.2
    2452880.947           10.9            5.0
    2452898.911            8.6            4.7
    2452900.928            1.6            4.8
    2452932.839            1.1            4.3
    2452934.804           11.6            4.6
    2452963.753           12.2            5.2
    2452965.809            8.7            5.4
     2453022.63            7.4            5.6
     2453208.01            4.3            3.8
    2453209.978           -0.3            3.7
    2453214.961            2.5            4.2
    2453231.961           -5.0            4.0
    2453233.909           -6.3            3.9
     2453235.96            6.3            4.2
    2453265.899            9.7            3.8
    2453268.919            1.0            4.0
     2453269.81            5.7            3.5
    2453286.828           -2.6            3.8
    2453324.713           10.2            5.5
    2453354.654            5.3            3.8
    2453400.642           15.4            7.5
    2453550.983            5.0            4.4
    2453578.964           14.8            4.6
    2453613.923           10.5            4.2
    2453654.771            6.4            4.1
    2453701.724           12.2            4.6
    2453740.745           -4.7            4.7
    2453911.993            1.4            3.6
    2453917.013            4.9            3.9
    2453934.974            2.3            3.9
    2453968.925           10.9            3.2
    2453981.851            3.9            3.8
    2453985.899            4.0            4.0
    2454055.755            1.2            3.9
    2454297.975           -1.7            4.1
    2454300.974            7.2            4.0
    2454314.939           -3.3            3.6
    2454318.981            1.6            4.2
    2454344.859           -2.9            4.3
    2454348.917           -2.7            4.0
    2454391.887            2.1            5.4
    2454394.775           14.4            4.2
    2454418.777            8.1            4.5
    2454420.763           -1.0            4.2
    2454440.653            5.3            3.4
    2454443.651           -1.2            3.6
    2454481.638            2.9            3.9
    2454503.651           -6.9            4.3
    2454645.984           -3.1            4.5
    2454646.968            1.3            4.2
    2454668.009            4.7            3.7
    2454681.904           -2.8            3.8
     2454683.97            8.0            3.8
    2454711.893           -2.8            4.1
    2454713.873            3.9            4.2
    2454715.882           -6.6            4.6
    2454716.875           -8.6            4.1
    2454753.885            7.7            3.6
     2454755.85           10.8            3.8
    2454777.733            3.7            4.1
    2454806.796            5.1            5.5
     2454808.77            8.4            4.3
    2454809.763            5.1            6.1
    2455026.973           10.3            5.7
    2455063.965            6.9            5.0
    2455099.996            2.7            4.9
    2455116.856            9.0            6.8
    2455154.739            9.3            7.6
    2455174.788           12.5            5.8
    2455364.972           10.6            5.0
    2455419.012            0.3            4.7
    2455446.847            2.5            3.6
    2455446.856            2.0            3.1
    2455463.833           14.2            5.2
    2455466.842           -0.7            4.8
    2455569.653            1.7            4.1
    2455571.713            2.1            4.6
    2455572.671           -3.0            4.8
    2455621.621           -4.3            4.6
    2455757.974            4.2            5.0
    2455803.919           -8.4            4.3
    2455806.936            3.0            4.3
    2455828.781            3.4            4.2
    2455831.849            5.6            5.1
    2455861.842            4.0            4.2
    2455864.796            4.2            4.4
    2455892.745           -1.9            4.9
