    2451745.994            7.1            4.3
    2451778.895            7.9            3.7
    2451808.867            4.7            3.6
    2451853.766            9.2            4.1
    2451856.801            9.9            4.6
    2451898.637           15.8            8.0
    2451932.609            0.1            3.9
    2452163.861           -3.0            4.9
    2452175.851            1.4            4.0
    2452307.598           -0.8            4.5
    2452465.989           10.1            5.3
    2452483.985           -2.6            5.0
    2452494.987           11.5            5.0
    2452517.936            4.5            5.2
     2452528.91            0.7            5.2
     2452530.91            8.6            4.5
    2452541.904           -2.1            4.5
    2452543.883            8.2            5.0
    2452559.914           12.4            6.4
    2452561.795            4.6            8.4
    2452571.791            6.3            5.0
     2452589.81            5.5            5.7
    2452603.782            0.2            4.9
    2452605.724            8.6            4.8
    2452616.772            7.4            5.9
    2452665.604            1.7            4.2
    2452668.611            0.9            5.3
    2452837.972           -0.8            5.4
    2452861.963           -3.1            4.1
    2452863.985            6.8            5.2
    2452879.918            4.0            4.2
    2452880.947            8.9            5.0
    2452898.911            1.4            4.7
    2452900.928            8.1            4.8
    2452932.839            1.8            4.3
    2452934.804           10.8            4.6
    2452963.753            7.8            5.2
    2452965.809            0.8            5.4
     2453022.63            2.8            5.6
     2453208.01            0.3            3.8
    2453209.978           11.0            3.7
    2453214.961            4.7            4.2
    2453231.961            1.7            4.0
    2453233.909           11.1            3.9
     2453235.96            1.7            4.2
    2453265.899           -1.2            3.8
    2453268.919           -1.8            4.0
     2453269.81           -0.5            3.5
    2453286.828            1.9            3.8
    2453324.713            9.7            5.5
    2453354.654            2.8            3.8
    2453400.642            4.5            7.5
    2453550.983           12.5            4.4
    2453578.964            6.3            4.6
    2453613.923            3.5            4.2
    2453654.771            5.1            4.1
    2453701.724            5.2            4.6
    2453740.745            8.7            4.7
    2453911.993           10.0            3.6
    2453917.013            6.9            3.9
    2453934.974           -0.4            3.9
    2453968.925            3.3            3.2
    2453981.851            5.5            3.8
    2453985.899            5.3            4.0
    2454055.755            9.6            3.9
    2454297.975            4.0            4.1
    2454300.974           -4.3            4.0
    2454314.939           10.2            3.6
    2454318.981            7.3            4.2
    2454344.859            3.4            4.3
    2454348.917            6.1            4.0
    2454391.887            2.6            5.4
    2454394.775            3.5            4.2
    2454418.777            9.3            4.5
    2454420.763            3.2            4.2
    2454440.653            0.2            3.4
    2454443.651            4.3            3.6
    2454481.638            1.2            3.9
    2454503.651            9.7            4.3
    2454645.984           -0.1            4.5
    2454646.968            4.4            4.2
    2454668.009            7.8            3.7
    2454681.904            2.4            3.8
     2454683.97            0.1            3.8
    2454711.893            1.0            4.1
    2454713.873           12.5            4.2
    2454715.882            1.3            4.6
    2454716.875            4.6            4.1
    2454753.885            4.9            3.6
     2454755.85            8.3            3.8
    2454777.733            1.4            4.1
    2454806.796           -1.4            5.5
     2454808.77            6.4            4.3
    2454809.763            1.1            6.1
    2455026.973            9.6            5.7
    2455063.965            5.2            5.0
    2455099.996            9.7            4.9
    2455116.856           14.8            6.8
    2455154.739            9.2            7.6
    2455174.788           10.5            5.8
    2455364.972            1.2            5.0
    2455419.012           -2.2            4.7
    2455446.847           -0.3            3.6
    2455446.856           -0.9            3.1
    2455463.833           -2.9            5.2
    2455466.842            4.7            4.8
    2455569.653            2.9            4.1
    2455571.713            0.6            4.6
    2455572.671            7.8            4.8
    2455621.621           10.4            4.6
    2455757.974            8.5            5.0
    2455803.919            3.2            4.3
    2455806.936            8.4            4.3
    2455828.781            3.6            4.2
    2455831.849           12.6            5.1
    2455861.842            1.9            4.2
    2455864.796            7.4            4.4
    2455892.745            7.1            4.9
