    2451745.994          -10.2            4.3
    2451778.895          -23.4            3.7
    2451808.867          -24.8            3.6
    2451853.766          -16.0            4.1
    2451856.801          -19.5            4.6
    2451898.637            1.5            8.0
    2451932.609            5.5            3.9
    2452163.861          -19.0            4.9
    2452175.851          -11.9            4.0
    2452307.598            0.5            4.5
    2452465.989          -10.2            5.3
    2452483.985           -3.7            5.0
    2452494.987           -9.8            5.0
    2452517.936          -14.3            5.2
     2452528.91           -9.9            5.2
     2452530.91          -13.9            4.5
    2452541.904          -19.1            4.5
    2452543.883          -16.3            5.0
    2452559.914          -10.6            6.4
    2452561.795           -5.9            8.4
    2452571.791          -21.6            5.0
     2452589.81          -13.7            5.7
    2452603.782          -18.6            4.9
    2452605.724          -15.8            4.8
    2452616.772          -10.8            5.9
    2452665.604            4.5            4.2
    2452668.611            4.1            5.3
    2452837.972           -3.5            5.4
    2452861.963           -9.2            4.1
    2452863.985           -1.6            5.2
    2452879.918          -20.3            4.2
    2452880.947          -15.5            5.0
    2452898.911          -19.6            4.7
    2452900.928          -14.8            4.8
    2452932.839          -23.6            4.3
    2452934.804          -18.2            4.6
    2452963.753          -12.6            5.2
    2452965.809          -18.2            5.4
     2453022.63            2.6            5.6
     2453208.01          -12.6            3.8
    2453209.978          -10.6            3.7
    2453214.961          -11.5            4.2
    2453231.961          -13.7            4.0
    2453233.909          -22.8            3.9
     2453235.96          -12.9            4.2
    2453265.899          -15.9            3.8
    2453268.919          -10.3            4.0
     2453269.81          -14.3            3.5
    2453286.828          -21.7            3.8
    2453324.713           -4.3            5.5
    2453354.654            2.3            3.8
    2453400.642           -4.6            7.5
    2453550.983           -5.1            4.4
    2453578.964           -8.9            4.6
    2453613.923          -19.1            4.2
    2453654.771          -12.9            4.1
    2453701.724          -16.0            4.6
    2453740.745           -8.1            4.7
    2453911.993           -8.4            3.6
    2453917.013           -9.5            3.9
    2453934.974           -4.8            3.9
    2453968.925          -17.1            3.2
    2453981.851          -17.4            3.8
    2453985.899          -12.4            4.0
    2454055.755          -22.1            3.9
    2454297.975          -15.8            4.1
    2454300.974          -17.2            4.0
    2454314.939           -7.9            3.6
    2454318.981           -6.6            4.2
    2454344.859          -12.6            4.3
    2454348.917          -15.6            4.0
    2454391.887          -12.3            5.4
    2454394.775          -13.9            4.2
    2454418.777          -11.9            4.5
    2454420.763          -14.2            4.2
    2454440.653           -6.2            3.4
    2454443.651           -5.8            3.6
    2454481.638            3.8            3.9
    2454503.651            1.6            4.3
    2454645.984           -3.2            4.5
    2454646.968           -9.6            4.2
    2454668.009           -0.9            3.7
    2454681.904          -18.9            3.8
     2454683.97          -17.3            3.8
    2454711.893          -19.2            4.1
    2454713.873          -23.5            4.2
    2454715.882          -17.0            4.6
    2454716.875          -18.6            4.1
    2454753.885          -11.1            3.6
     2454755.85          -15.0            3.8
    2454777.733          -11.9            4.1
    2454806.796          -13.2            5.5
     2454808.77           -8.7            4.3
    2454809.763           -7.8            6.1
    2455026.973           -6.8            5.7
    2455063.965          -15.2            5.0
    2455099.996           -8.9            4.9
    2455116.856          -15.8            6.8
    2455154.739          -10.3            7.6
    2455174.788          -18.9            5.8
    2455364.972          -13.9            5.0
    2455419.012           -4.2            4.7
    2455446.847          -22.4            3.6
    2455446.856          -22.8            3.1
    2455463.833           -9.7            5.2
    2455466.842          -11.5            4.8
    2455569.653           -5.7            4.1
    2455571.713           -4.8            4.6
    2455572.671           -2.2            4.8
    2455621.621           -3.8            4.6
    2455757.974           -9.4            5.0
    2455803.919          -19.5            4.3
    2455806.936          -17.5            4.3
    2455828.781          -14.0            4.2
    2455831.849          -17.1            5.1
    2455861.842          -19.3            4.2
    2455864.796          -20.2            4.4
    2455892.745          -17.8            4.9
