    2451745.994            1.5            4.3
    2451778.895            3.9            3.7
    2451808.867           -3.5            3.6
    2451853.766            4.4            4.1
    2451856.801           20.0            4.6
    2451898.637           13.2            8.0
    2451932.609            2.2            3.9
    2452163.861          -13.6            4.9
    2452175.851          -13.4            4.0
    2452307.598           -2.7            4.5
    2452465.989            8.5            5.3
    2452483.985           12.4            5.0
    2452494.987           14.6            5.0
    2452517.936           -5.1            5.2
     2452528.91            2.8            5.2
     2452530.91          -13.8            4.5
    2452541.904           10.6            4.5
    2452543.883           11.6            5.0
    2452559.914            4.1            6.4
    2452561.795           11.5            8.4
    2452571.791          -11.0            5.0
     2452589.81            8.7            5.7
    2452603.782            1.8            4.9
    2452605.724           23.6            4.8
    2452616.772          -14.6            5.9
    2452665.604           -4.8            4.2
    2452668.611            7.1            5.3
    2452837.972            0.8            5.4
    2452861.963           21.7            4.1
    2452863.985            8.1            5.2
    2452879.918            7.8            4.2
    2452880.947          -14.1            5.0
    2452898.911           17.2            4.7
    2452900.928            1.6            4.8
    2452932.839            0.4            4.3
    2452934.804            1.3            4.6
    2452963.753           18.7            5.2
    2452965.809            3.3            5.4
     2453022.63          -10.2            5.6
     2453208.01           21.0            3.8
    2453209.978            7.0            3.7
    2453214.961           -6.2            4.2
    2453231.961           -1.2            4.0
    2453233.909           -8.6            3.9
     2453235.96           -3.4            4.2
    2453265.899           12.6            3.8
    2453268.919            2.0            4.0
     2453269.81           20.6            3.5
    2453286.828           -7.0            3.8
    2453324.713            6.4            5.5
    2453354.654            0.7            3.8
    2453400.642           16.8            7.5
    2453550.983           10.0            4.4
    2453578.964           21.4            4.6
    2453613.923            9.7            4.2
    2453654.771            7.0            4.1
    2453701.724           11.5            4.6
    2453740.745           10.7            4.7
    2453911.993            2.7            3.6
    2453917.013           14.3            3.9
    2453934.974          -17.0            3.9
    2453968.925           17.1            3.2
    2453981.851            3.7            3.8
    2453985.899            4.4            4.0
    2454055.755           -3.4            3.9
    2454297.975           -6.8            4.1
    2454300.974            5.0            4.0
    2454314.939           17.6            3.6
    2454318.981           16.9            4.2
    2454344.859           -2.9            4.3
    2454348.917           -5.5            4.0
    2454391.887           -4.6            5.4
    2454394.775           -1.9            4.2
    2454418.777          -12.7            4.5
    2454420.763            0.9            4.2
    2454440.653            8.6            3.4
    2454443.651           -6.8            3.6
    2454481.638            9.1            3.9
    2454503.651           13.2            4.3
    2454645.984           -1.6            4.5
    2454646.968            2.9            4.2
    2454668.009            5.0            3.7
    2454681.904           20.0            3.8
     2454683.97            5.3            3.8
    2454711.893          -11.6            4.1
    2454713.873            4.5            4.2
    2454715.882          -11.0            4.6
    2454716.875           11.6            4.1
    2454753.885           13.7            3.6
     2454755.85           17.5            3.8
    2454777.733          -14.2            4.1
    2454806.796           10.4            5.5
     2454808.77            8.9            4.3
    2454809.763           -2.8            6.1
    2455026.973           11.6            5.7
    2455063.965            9.7            5.0
    2455099.996           15.2            4.9
    2455116.856           22.8            6.8
    2455154.739           -2.1            7.6
    2455174.788            6.4            5.8
    2455364.972           23.3            5.0
    2455419.012           -1.8            4.7
    2455446.847           24.0            3.6
    2455446.856           23.5            3.1
    2455463.833            8.0            5.2
    2455466.842           18.3            4.8
    2455569.653           23.1            4.1
    2455571.713           14.2            4.6
    2455572.671            3.9            4.8
    2455621.621            6.5            4.6
    2455757.974            5.5            5.0
    2455803.919            4.1            4.3
    2455806.936          -10.4            4.3
    2455828.781            3.3            4.2
    2455831.849            7.2            5.1
    2455861.842            2.9            4.2
    2455864.796           11.0            4.4
    2455892.745          -15.0            4.9
