    2451745.994            2.6            4.3
    2451778.895            2.6            3.7
    2451808.867            6.3            3.6
    2451853.766            2.5            4.1
    2451856.801            4.6            4.6
    2451898.637            6.3            8.0
    2451932.609            4.9            3.9
    2452163.861            2.8            4.9
    2452175.851            6.1            4.0
    2452307.598            5.4            4.5
    2452465.989            7.5            5.3
    2452483.985            4.4            5.0
    2452494.987            7.4            5.0
    2452517.936            3.8            5.2
     2452528.91            1.9            5.2
     2452530.91            5.4            4.5
    2452541.904            4.2            4.5
    2452543.883            1.1            5.0
    2452559.914           10.4            6.4
    2452561.795            6.2            8.4
    2452571.791            5.8            5.0
     2452589.81            6.2            5.7
    2452603.782            7.2            4.9
    2452605.724            4.4            4.8
    2452616.772            9.0            5.9
    2452665.604           -0.6            4.2
    2452668.611            3.9            5.3
    2452837.972            0.2            5.4
    2452861.963            5.8            4.1
    2452863.985            3.6            5.2
    2452879.918            6.7            4.2
    2452880.947            3.1            5.0
    2452898.911            4.3            4.7
    2452900.928            7.8            4.8
    2452932.839            7.4            4.3
    2452934.804            5.4            4.6
    2452963.753            2.6            5.2
    2452965.809            6.6            5.4
     2453022.63            6.8            5.6
     2453208.01            2.1            3.8
    2453209.978            7.5            3.7
    2453214.961            2.3            4.2
    2453231.961            7.0            4.0
    2453233.909            3.8            3.9
     2453235.96            4.7            4.2
    2453265.899            3.0            3.8
    2453268.919            1.6            4.0
     2453269.81            2.2            3.5
    2453286.828           -0.5            3.8
    2453324.713            8.2            5.5
    2453354.654            2.6            3.8
    2453400.642            8.7            7.5
    2453550.983            8.5            4.4
    2453578.964            6.7            4.6
    2453613.923            2.0            4.2
    2453654.771            4.4            4.1
    2453701.724            9.0            4.6
    2453740.745            7.1            4.7
    2453911.993            0.1            3.6
    2453917.013            6.7            3.9
    2453934.974            5.2            3.9
    2453968.925           -0.9            3.2
    2453981.851            7.0            3.8
    2453985.899            4.6            4.0
    2454055.755            3.8            3.9
    2454297.975            6.6            4.1
    2454300.974            7.5            4.0
    2454314.939            7.0            3.6
    2454318.981            7.6            4.2
    2454344.859            6.2            4.3
    2454348.917            4.7            4.0
    2454391.887            4.1            5.4
    2454394.775            5.4            4.2
    2454418.777            2.5            4.5
    2454420.763            2.3            4.2
    2454440.653            3.5            3.4
    2454443.651            2.8            3.6
    2454481.638            5.2            3.9
    2454503.651            4.1            4.3
    2454645.984            8.4            4.5
    2454646.968            4.2            4.2
    2454668.009            7.5            3.7
    2454681.904            9.1            3.8
     2454683.97            3.8            3.8
    2454711.893            1.0            4.1
    2454713.873            4.3            4.2
    2454715.882           -0.3            4.6
    2454716.875            3.4            4.1
    2454753.885            5.6            3.6
     2454755.85            1.5            3.8
    2454777.733            3.3            4.1
    2454806.796            9.2            5.5
     2454808.77            3.6            4.3
    2454809.763            6.6            6.1
    2455026.973            5.5            5.7
    2455063.965            2.0            5.0
    2455099.996            3.3            4.9
    2455116.856            9.9            6.8
    2455154.739            7.4            7.6
    2455174.788            5.4            5.8
    2455364.972            2.4            5.0
    2455419.012            5.0            4.7
    2455446.847            7.1            3.6
    2455446.856            6.6            3.1
    2455463.833            7.6            5.2
    2455466.842            4.4            4.8
    2455569.653            3.0            4.1
    2455571.713            6.6            4.6
    2455572.671            4.9            4.8
    2455621.621            8.2            4.6
    2455757.974            7.4            5.0
    2455803.919            2.5            4.3
    2455806.936            2.6            4.3
    2455828.781           -0.2            4.2
    2455831.849            1.3            5.1
    2455861.842            2.8            4.2
    2455864.796            1.8            4.4
    2455892.745            2.5            4.9
