    2451745.994            3.5            4.3
    2451778.895           -0.6            3.7
    2451808.867            4.7            3.6
    2451853.766           -1.7            4.1
    2451856.801           -0.4            4.6
    2451898.637            7.5            8.0
    2451932.609           -3.2            3.9
    2452163.861            3.1            4.9
    2452175.851            1.4            4.0
    2452307.598           -2.7            4.5
    2452465.989           -0.4            5.3
    2452483.985            3.2            5.0
    2452494.987            5.8            5.0
    2452517.936           10.6            5.2
     2452528.91           10.9            5.2
     2452530.91            3.6            4.5
    2452541.904           10.1            4.5
    2452543.883            2.9            5.0
    2452559.914           12.2            6.4
    2452561.795           18.3            8.4
    2452571.791            1.5            5.0
     2452589.81            3.3            5.7
    2452603.782           -3.1            4.9
    2452605.724            3.8            4.8
    2452616.772            4.4            5.9
    2452665.604           -1.0            4.2
    2452668.611           11.9            5.3
    2452837.972           17.4            5.4
    2452861.963            7.0            4.1
    2452863.985            3.8            5.2
    2452879.918            3.0            4.2
    2452880.947            8.1            5.0
    2452898.911           -3.9            4.7
    2452900.928           -4.1            4.8
    2452932.839            7.9            4.3
    2452934.804            8.6            4.6
    2452963.753            3.3            5.2
    2452965.809           15.9            5.4
     2453022.63           17.0            5.6
     2453208.01           15.3            3.8
    2453209.978           10.7            3.7
    2453214.961            5.8            4.2
    2453231.961           -2.7            4.0
    2453233.909           -9.0            3.9
     2453235.96           -8.8            4.2
    2453265.899            3.5            3.8
    2453268.919           -7.8            4.0
     2453269.81           -7.3            3.5
    2453286.828           12.7            3.8
    2453324.713            2.4            5.5
    2453354.654           -4.9            3.8
    2453400.642           -0.8            7.5
    2453550.983           16.6            4.4
    2453578.964          -10.4            4.6
    2453613.923            4.7            4.2
    2453654.771           11.8            4.1
    2453701.724            8.9            4.6
    2453740.745            1.0            4.7
    2453911.993            0.9            3.6
    2453917.013           -0.8            3.9
    2453934.974           -5.9            3.9
    2453968.925           -1.6            3.2
    2453981.851            3.1            3.8
    2453985.899            8.9            4.0
    2454055.755            4.2            3.9
    2454297.975            6.3            4.1
    2454300.974            5.5            4.0
    2454314.939            1.4            3.6
    2454318.981           14.9            4.2
    2454344.859            3.6            4.3
    2454348.917            3.9            4.0
    2454391.887           14.3            5.4
    2454394.775            8.7            4.2
    2454418.777            8.6            4.5
    2454420.763            0.2            4.2
    2454440.653            7.1            3.4
    2454443.651           -4.0            3.6
    2454481.638           -3.4            3.9
    2454503.651            8.4            4.3
    2454645.984            9.8            4.5
    2454646.968            0.9            4.2
    2454668.009            9.5            3.7
    2454681.904            9.9            3.8
     2454683.97           -3.2            3.8
    2454711.893           15.6            4.1
    2454713.873           16.4            4.2
    2454715.882            5.5            4.6
    2454716.875           -3.2            4.1
    2454753.885           -3.0            3.6
     2454755.85            3.2            3.8
    2454777.733            6.1            4.1
    2454806.796           -0.3            5.5
     2454808.77           -3.8            4.3
    2454809.763            3.2            6.1
    2455026.973            5.6            5.7
    2455063.965           -1.3            5.0
    2455099.996            7.9            4.9
    2455116.856            9.6            6.8
    2455154.739            3.3            7.6
    2455174.788           20.4            5.8
    2455364.972           10.2            5.0
    2455419.012           -5.6            4.7
    2455446.847           13.1            3.6
    2455446.856           13.1            3.1
    2455463.833            3.2            5.2
    2455466.842            6.5            4.8
    2455569.653            8.5            4.1
    2455571.713           -0.1            4.6
    2455572.671          -10.1            4.8
    2455621.621           14.1            4.6
    2455757.974            6.3            5.0
    2455803.919            5.4            4.3
    2455806.936           15.1            4.3
    2455828.781            5.2            4.2
    2455831.849            8.1            5.1
    2455861.842           12.3            4.2
    2455864.796            9.6            4.4
    2455892.745           -0.4            4.9
