    2451745.994            2.1            4.3
    2451778.895            9.3            3.7
    2451808.867            2.4            3.6
    2451853.766            8.8            4.1
    2451856.801           10.9            4.6
    2451898.637            4.0            8.0
    2451932.609           21.9            3.9
    2452163.861            8.1            4.9
    2452175.851            4.6            4.0
    2452307.598           10.4            4.5
    2452465.989            7.0            5.3
    2452483.985           -3.1            5.0
    2452494.987            0.1            5.0
    2452517.936            3.9            5.2
     2452528.91           12.4            5.2
     2452530.91           12.1            4.5
    2452541.904          -12.0            4.5
    2452543.883            7.1            5.0
    2452559.914           10.6            6.4
    2452561.795           17.4            8.4
    2452571.791           -3.3            5.0
     2452589.81           19.5            5.7
    2452603.782           12.7            4.9
    2452605.724           11.6            4.8
    2452616.772           -7.2            5.9
    2452665.604            4.3            4.2
    2452668.611            9.4            5.3
    2452837.972            4.3            5.4
    2452861.963           11.0            4.1
    2452863.985            1.2            5.2
    2452879.918           -0.6            4.2
    2452880.947            5.4            5.0
    2452898.911            0.3            4.7
    2452900.928            1.9            4.8
    2452932.839            1.3            4.3
    2452934.804           12.7            4.6
    2452963.753            1.9            5.2
    2452965.809           -1.6            5.4
     2453022.63            7.9            5.6
     2453208.01           -8.5            3.8
    2453209.978           12.3            3.7
    2453214.961           -0.5            4.2
    2453231.961            6.4            4.0
    2453233.909           -3.0            3.9
     2453235.96            6.4            4.2
    2453265.899            2.3            3.8
    2453268.919            1.0            4.0
     2453269.81           11.3            3.5
    2453286.828            9.4            3.8
    2453324.713           -1.9            5.5
    2453354.654           -0.5            3.8
    2453400.642            7.3            7.5
    2453550.983           -8.6            4.4
    2453578.964            6.5            4.6
    2453613.923           -3.8            4.2
    2453654.771           18.1            4.1
    2453701.724            4.5            4.6
    2453740.745            0.4            4.7
    2453911.993          -10.7            3.6
    2453917.013           -8.3            3.9
    2453934.974            3.2            3.9
    2453968.925           18.7            3.2
    2453981.851            4.1            3.8
    2453985.899            9.6            4.0
    2454055.755            1.9            3.9
    2454297.975            1.1            4.1
    2454300.974           -7.6            4.0
    2454314.939           -9.6            3.6
    2454318.981            5.0            4.2
    2454344.859            3.9            4.3
    2454348.917           15.3            4.0
    2454391.887            1.9            5.4
    2454394.775            0.9            4.2
    2454418.777           10.1            4.5
    2454420.763           15.2            4.2
    2454440.653           -9.4            3.4
    2454443.651           -4.7            3.6
    2454481.638            7.5            3.9
    2454503.651           -2.4            4.3
    2454645.984           -9.6            4.5
    2454646.968           14.8            4.2
    2454668.009           13.3            3.7
    2454681.904           14.2            3.8
     2454683.97            7.0            3.8
    2454711.893           -1.0            4.1
    2454713.873           -1.0            4.2
    2454715.882           -4.5            4.6
    2454716.875            6.5            4.1
    2454753.885            2.4            3.6
     2454755.85            7.5            3.8
    2454777.733           15.1            4.1
    2454806.796            6.8            5.5
     2454808.77           -2.0            4.3
    2454809.763           13.1            6.1
    2455026.973            2.9            5.7
    2455063.965            8.9            5.0
    2455099.996            9.2            4.9
    2455116.856            6.9            6.8
    2455154.739           17.8            7.6
    2455174.788            4.2            5.8
    2455364.972            9.0            5.0
    2455419.012            3.7            4.7
    2455446.847            2.0            3.6
    2455446.856            1.4            3.1
    2455463.833            2.7            5.2
    2455466.842            7.9            4.8
    2455569.653           12.0            4.1
    2455571.713            0.0            4.6
    2455572.671            7.4            4.8
    2455621.621           -0.3            4.6
    2455757.974           12.7            5.0
    2455803.919            8.6            4.3
    2455806.936            3.3            4.3
    2455828.781           11.9            4.2
    2455831.849           -7.9            5.1
    2455861.842            0.4            4.2
    2455864.796           -4.5            4.4
    2455892.745           -2.3            4.9
