    2451745.994           11.0            4.3
    2451778.895            2.7            3.7
    2451808.867           16.4            3.6
    2451853.766            5.7            4.1
    2451856.801           19.2            4.6
    2451898.637            2.0            8.0
    2451932.609            6.3            3.9
    2452163.861            6.8            4.9
    2452175.851           18.2            4.0
    2452307.598           14.0            4.5
    2452465.989            7.3            5.3
    2452483.985           14.3            5.0
    2452494.987           31.4            5.0
    2452517.936           13.4            5.2
     2452528.91           13.9            5.2
     2452530.91            3.2            4.5
    2452541.904           12.8            4.5
    2452543.883            8.5            5.0
    2452559.914            8.9            6.4
    2452561.795            3.6            8.4
    2452571.791            2.1            5.0
     2452589.81           19.6            5.7
    2452603.782           17.6            4.9
    2452605.724            8.1            4.8
    2452616.772            9.0            5.9
    2452665.604            8.5            4.2
    2452668.611            9.6            5.3
    2452837.972           17.6            5.4
    2452861.963           25.7            4.1
    2452863.985           17.4            5.2
    2452879.918           12.1            4.2
    2452880.947            2.5            5.0
    2452898.911            9.1            4.7
    2452900.928            1.7            4.8
    2452932.839           14.5            4.3
    2452934.804            3.4            4.6
    2452963.753           24.0            5.2
    2452965.809           15.3            5.4
     2453022.63            0.9            5.6
     2453208.01            3.3            3.8
    2453209.978            8.7            3.7
    2453214.961           14.0            4.2
    2453231.961           15.5            4.0
    2453233.909            7.7            3.9
     2453235.96           16.8            4.2
    2453265.899            7.8            3.8
    2453268.919            4.5            4.0
     2453269.81           13.3            3.5
    2453286.828           25.2            3.8
    2453324.713           18.4            5.5
    2453354.654           15.7            3.8
    2453400.642           -0.3            7.5
    2453550.983            9.9            4.4
    2453578.964           18.4            4.6
    2453613.923           17.9            4.2
    2453654.771           21.6            4.1
    2453701.724           18.8            4.6
    2453740.745           -0.6            4.7
    2453911.993            2.6            3.6
    2453917.013            6.2            3.9
    2453934.974            5.1            3.9
    2453968.925           -1.6            3.2
    2453981.851            9.6            3.8
    2453985.899           11.5            4.0
    2454055.755            6.2            3.9
    2454297.975           11.3            4.1
    2454300.974           16.4            4.0
    2454314.939           18.6            3.6
    2454318.981           10.7            4.2
    2454344.859           26.6            4.3
    2454348.917           11.0            4.0
    2454391.887           15.8            5.4
    2454394.775           12.3            4.2
    2454418.777            7.7            4.5
    2454420.763           -2.2            4.2
    2454440.653           10.9            3.4
    2454443.651           14.3            3.6
    2454481.638            1.6            3.9
    2454503.651            5.1            4.3
    2454645.984            8.2            4.5
    2454646.968           15.0            4.2
    2454668.009           18.6            3.7
    2454681.904           23.1            3.8
     2454683.97           22.6            3.8
    2454711.893           23.4            4.1
    2454713.873           12.1            4.2
    2454715.882           11.3            4.6
    2454716.875            2.0            4.1
    2454753.885            8.6            3.6
     2454755.85           15.6            3.8
    2454777.733            2.9            4.1
    2454806.796           21.5            5.5
     2454808.77           14.4            4.3
    2454809.763           24.2            6.1
    2455026.973           12.1            5.7
    2455063.965            8.3            5.0
    2455099.996           15.6            4.9
    2455116.856           16.3            6.8
    2455154.739           11.5            7.6
    2455174.788           21.1            5.8
    2455364.972           11.7            5.0
    2455419.012           16.7            4.7
    2455446.847           11.6            3.6
    2455446.856           11.1            3.1
    2455463.833            9.1            5.2
    2455466.842           17.8            4.8
    2455569.653           15.7            4.1
    2455571.713           26.9            4.6
    2455572.671           17.3            4.8
    2455621.621           -6.7            4.6
    2455757.974           10.1            5.0
    2455803.919            4.9            4.3
    2455806.936           13.1            4.3
    2455828.781            2.8            4.2
    2455831.849            0.6            5.1
    2455861.842           13.2            4.2
    2455864.796           21.6            4.4
    2455892.745           13.0            4.9
