    2451745.994           -5.3            4.3
    2451778.895            4.1            3.7
    2451808.867           10.8            3.6
    2451853.766           10.6            4.1
    2451856.801           14.9            4.6
    2451898.637            0.1            8.0
    2451932.609           11.1            3.9
    2452163.861            9.3            4.9
    2452175.851           -1.0            4.0
    2452307.598           -3.0            4.5
    2452465.989           -5.7            5.3
    2452483.985            3.7            5.0
    2452494.987            3.5            5.0
    2452517.936           -0.7            5.2
     2452528.91           10.6            5.2
     2452530.91            7.2            4.5
    2452541.904            1.5            4.5
    2452543.883            4.9            5.0
    2452559.914            0.6            6.4
    2452561.795            4.3            8.4
    2452571.791            7.4            5.0
     2452589.81           -1.9            5.7
    2452603.782           14.9            4.9
    2452605.724           13.4            4.8
    2452616.772           -1.4            5.9
    2452665.604           -4.7            4.2
    2452668.611           -3.3            5.3
    2452837.972           13.2            5.4
    2452861.963           11.3            4.1
    2452863.985            9.5            5.2
    2452879.918            2.0            4.2
    2452880.947            6.8            5.0
    2452898.911           -3.4            4.7
    2452900.928           -2.1            4.8
    2452932.839            9.0            4.3
    2452934.804           11.1            4.6
    2452963.753           12.6            5.2
    2452965.809            8.1            5.4
     2453022.63           -3.6            5.6
     2453208.01           -5.9            3.8
    2453209.978           -6.1            3.7
    2453214.961            0.4            4.2
    2453231.961           -2.8            4.0
    2453233.909           -2.6            3.9
     2453235.96           -1.0            4.2
    2453265.899            6.5            3.8
    2453268.919           12.8            4.0
     2453269.81            9.8            3.5
    2453286.828           -1.2            3.8
    2453324.713           14.5            5.5
    2453354.654            5.9            3.8
    2453400.642           11.7            7.5
    2453550.983            3.4            4.4
    2453578.964           12.1            4.6
    2453613.923            1.9            4.2
    2453654.771            9.0            4.1
    2453701.724            7.7            4.6
    2453740.745           -5.8            4.7
    2453911.993            3.6            3.6
    2453917.013            9.7            3.9
    2453934.974            2.8            3.9
    2453968.925            8.7            3.2
    2453981.851           -1.6            3.8
    2453985.899            8.8            4.0
    2454055.755           -4.6            3.9
    2454297.975            7.1            4.1
    2454300.974           10.8            4.0
    2454314.939           -6.1            3.6
    2454318.981            2.5            4.2
    2454344.859            1.4            4.3
    2454348.917           10.9            4.0
    2454391.887            6.1            5.4
    2454394.775            4.2            4.2
    2454418.777            2.0            4.5
    2454420.763            5.6            4.2
    2454440.653           -5.7            3.4
    2454443.651           -2.9            3.6
    2454481.638            6.8            3.9
    2454503.651           12.3            4.3
    2454645.984           -4.0            4.5
    2454646.968           -4.6            4.2
    2454668.009           -1.6            3.7
    2454681.904            7.9            3.8
     2454683.97           13.4            3.8
    2454711.893           14.2            4.1
    2454713.873           13.4            4.2
    2454715.882           10.0            4.6
    2454716.875            7.2            4.1
    2454753.885            3.2            3.6
     2454755.85            5.7            3.8
    2454777.733           -3.1            4.1
    2454806.796            9.4            5.5
     2454808.77            9.3            4.3
    2454809.763           10.9            6.1
    2455026.973            7.4            5.7
    2455063.965            7.1            5.0
    2455099.996            1.1            4.9
    2455116.856           14.1            6.8
    2455154.739            1.6            7.6
    2455174.788            7.3            5.8
    2455364.972           -0.1            5.0
    2455419.012           -1.2            4.7
    2455446.847           -3.6            3.6
    2455446.856           -3.8            3.1
    2455463.833            5.4            5.2
    2455466.842           -0.9            4.8
    2455569.653           -5.8            4.1
    2455571.713           -0.0            4.6
    2455572.671           -0.0            4.8
    2455621.621           -0.4            4.6
    2455757.974            2.6            5.0
    2455803.919           -2.1            4.3
    2455806.936            4.0            4.3
    2455828.781           -2.2            4.2
    2455831.849            2.5            5.1
    2455861.842           10.0            4.2
    2455864.796           12.9            4.4
    2455892.745           12.3            4.9
