    2451745.994            4.1            4.3
    2451778.895          -24.8            3.7
    2451808.867          -22.3            3.6
    2451853.766          -17.3            4.1
    2451856.801           -7.6            4.6
    2451898.637          -34.6            8.0
    2451932.609            7.5            3.9
    2452163.861           22.3            4.9
    2452175.851           27.3            4.0
    2452307.598           32.1            4.5
    2452465.989          -35.4            5.3
    2452483.985           19.2            5.0
    2452494.987            1.3            5.0
    2452517.936           20.2            5.2
     2452528.91            6.1            5.2
     2452530.91           -9.0            4.5
    2452541.904           15.7            4.5
    2452543.883          -42.4            5.0
    2452559.914            2.6            6.4
    2452561.795           18.3            8.4
    2452571.791           -6.1            5.0
     2452589.81            9.9            5.7
    2452603.782           18.4            4.9
    2452605.724          -12.9            4.8
    2452616.772           12.0            5.9
    2452665.604           24.5            4.2
    2452668.611            2.7            5.3
    2452837.972           32.2            5.4
    2452861.963           26.1            4.1
    2452863.985          -12.6            5.2
    2452879.918            4.7            4.2
    2452880.947          -40.6            5.0
    2452898.911           15.9            4.7
    2452900.928           10.4            4.8
    2452932.839           34.5            4.3
    2452934.804          -11.8            4.6
    2452963.753          -24.2            5.2
    2452965.809           30.0            5.4
     2453022.63           43.0            5.6
     2453208.01           45.1            3.8
    2453209.978            0.9            3.7
    2453214.961            3.5            4.2
    2453231.961           17.0            4.0
    2453233.909           -9.8            3.9
     2453235.96           24.1            4.2
    2453265.899           29.3            3.8
    2453268.919            8.1            4.0
     2453269.81           31.5            3.5
    2453286.828           -1.8            3.8
    2453324.713          -29.6            5.5
    2453354.654           -0.4            3.8
    2453400.642           31.9            7.5
    2453550.983          -31.8            4.4
    2453578.964          -10.4            4.6
    2453613.923           19.1            4.2
    2453654.771           10.7            4.1
    2453701.724            0.6            4.6
    2453740.745          -19.3            4.7
    2453911.993           -5.6            3.6
    2453917.013          -15.3            3.9
    2453934.974           42.6            3.9
    2453968.925           -9.3            3.2
    2453981.851          -16.7            3.8
    2453985.899            0.8            4.0
    2454055.755           13.4            3.9
    2454297.975           30.6            4.1
    2454300.974           26.0            4.0
    2454314.939           -5.3            3.6
    2454318.981          -24.2            4.2
    2454344.859          -19.0            4.3
    2454348.917          -27.6            4.0
    2454391.887           34.5            5.4
    2454394.775           24.1            4.2
    2454418.777          -17.1            4.5
    2454420.763           30.8            4.2
    2454440.653           20.9            3.4
    2454443.651          -16.8            3.6
    2454481.638           10.2            3.9
    2454503.651          -16.3            4.3
    2454645.984           24.9            4.5
    2454646.968           26.5            4.2
    2454668.009            3.5            3.7
    2454681.904          -27.4            3.8
     2454683.97           -0.2            3.8
    2454711.893           19.6            4.1
    2454713.873          -26.4            4.2
    2454715.882           21.6            4.6
    2454716.875           11.5            4.1
    2454753.885            7.0            3.6
     2454755.85          -15.3            3.8
    2454777.733           38.7            4.1
    2454806.796           36.4            5.5
     2454808.77          -17.7            4.3
    2454809.763           23.1            6.1
    2455026.973          -23.4            5.7
    2455063.965          -15.7            5.0
    2455099.996           -0.0            4.9
    2455116.856          -10.1            6.8
    2455154.739            4.1            7.6
    2455174.788           -4.1            5.8
    2455364.972           10.4            5.0
    2455419.012           11.2            4.7
    2455446.847           -1.7            3.6
    2455446.856           -1.6            3.1
    2455463.833           13.3            5.2
    2455466.842          -14.1            4.8
    2455569.653          -15.8            4.1
    2455571.713           11.4            4.6
    2455572.671            3.2            4.8
    2455621.621          -15.4            4.6
    2455757.974           -7.1            5.0
    2455803.919          -23.1            4.3
    2455806.936          -27.3            4.3
    2455828.781           -0.3            4.2
    2455831.849          -21.3            5.1
    2455861.842           -7.8            4.2
    2455864.796          -16.2            4.4
    2455892.745           17.4            4.9
