    2451745.994            0.5            4.3
    2451778.895           11.0            3.7
    2451808.867            5.1            3.6
    2451853.766            5.6            4.1
    2451856.801           11.2            4.6
    2451898.637            6.5            8.0
    2451932.609            0.6            3.9
    2452163.861            5.2            4.9
    2452175.851            0.8            4.0
    2452307.598            9.1            4.5
    2452465.989            4.8            5.3
    2452483.985           -3.1            5.0
    2452494.987            8.1            5.0
    2452517.936           10.6            5.2
     2452528.91           12.6            5.2
     2452530.91            6.0            4.5
    2452541.904           -5.6            4.5
    2452543.883           -0.6            5.0
    2452559.914           -0.6            6.4
    2452561.795           -3.5            8.4
    2452571.791           -1.0            5.0
     2452589.81            3.5            5.7
    2452603.782            4.4            4.9
    2452605.724           14.0            4.8
    2452616.772            8.6            5.9
    2452665.604           15.0            4.2
    2452668.611            3.1            5.3
    2452837.972            0.8            5.4
    2452861.963            9.3            4.1
    2452863.985            9.8            5.2
    2452879.918            1.4            4.2
    2452880.947            5.7            5.0
    2452898.911           -4.2            4.7
    2452900.928            3.4            4.8
    2452932.839           11.5            4.3
    2452934.804            1.1            4.6
    2452963.753            5.7            5.2
    2452965.809            0.6            5.4
     2453022.63           14.6            5.6
     2453208.01            9.4            3.8
    2453209.978            6.8            3.7
    2453214.961            4.1            4.2
    2453231.961            3.4            4.0
    2453233.909            4.0            3.9
     2453235.96            9.8            4.2
    2453265.899           14.7            3.8
    2453268.919           13.9            4.0
     2453269.81            9.3            3.5
    2453286.828           14.4            3.8
    2453324.713           14.9            5.5
    2453354.654            1.7            3.8
    2453400.642            7.3            7.5
    2453550.983            9.3            4.4
    2453578.964           -3.6            4.6
    2453613.923            6.0            4.2
    2453654.771            0.4            4.1
    2453701.724           13.3            4.6
    2453740.745           14.7            4.7
    2453911.993           -0.3            3.6
    2453917.013            5.0            3.9
    2453934.974            0.9            3.9
    2453968.925           11.3            3.2
    2453981.851           -4.4            3.8
    2453985.899           13.2            4.0
    2454055.755            9.5            3.9
    2454297.975           -8.6            4.1
    2454300.974            2.1            4.0
    2454314.939           -4.5            3.6
    2454318.981           -6.9            4.2
    2454344.859            6.1            4.3
    2454348.917            6.6            4.0
    2454391.887            5.8            5.4
    2454394.775           -6.1            4.2
    2454418.777           12.7            4.5
    2454420.763           18.9            4.2
    2454440.653           18.4            3.4
    2454443.651            5.9            3.6
    2454481.638            6.9            3.9
    2454503.651           -3.8            4.3
    2454645.984           12.6            4.5
    2454646.968           15.9            4.2
    2454668.009           16.5            3.7
    2454681.904           -2.6            3.8
     2454683.97            4.9            3.8
    2454711.893           -9.3            4.1
    2454713.873           -4.9            4.2
    2454715.882            2.7            4.6
    2454716.875            3.3            4.1
    2454753.885            2.3            3.6
     2454755.85            9.4            3.8
    2454777.733            7.0            4.1
    2454806.796            7.8            5.5
     2454808.77           -2.4            4.3
    2454809.763           -2.6            6.1
    2455026.973            3.4            5.7
    2455063.965           11.7            5.0
    2455099.996            9.8            4.9
    2455116.856            0.0            6.8
    2455154.739            2.9            7.6
    2455174.788            0.9            5.8
    2455364.972           12.6            5.0
    2455419.012            4.3            4.7
    2455446.847           11.8            3.6
    2455446.856           11.3            3.1
    2455463.833           11.0            5.2
    2455466.842            8.6            4.8
    2455569.653           -3.7            4.1
    2455571.713            6.3            4.6
    2455572.671           11.6            4.8
    2455621.621            4.4            4.6
    2455757.974            1.6            5.0
    2455803.919            5.5            4.3
    2455806.936           -3.1            4.3
    2455828.781            2.9            4.2
    2455831.849            7.0            5.1
    2455861.842            8.5            4.2
    2455864.796           -6.5            4.4
    2455892.745            1.3            4.9
