    2451745.994            2.1            4.3
    2451778.895           23.1            3.7
    2451808.867           17.1            3.6
    2451853.766            3.6            4.1
    2451856.801          -11.1            4.6
    2451898.637            8.5            8.0
    2451932.609           19.4            3.9
    2452163.861           20.9            4.9
    2452175.851            3.6            4.0
    2452307.598           11.1            4.5
    2452465.989           25.6            5.3
    2452483.985           21.3            5.0
    2452494.987           24.8            5.0
    2452517.936           17.0            5.2
     2452528.91           17.9            5.2
     2452530.91           -9.7            4.5
    2452541.904           -3.2            4.5
    2452543.883           -6.5            5.0
    2452559.914           -2.9            6.4
    2452561.795           -1.7            8.4
    2452571.791            4.9            5.0
     2452589.81           18.8            5.7
    2452603.782           -2.4            4.9
    2452605.724            0.1            4.8
    2452616.772            7.0            5.9
    2452665.604          -13.8            4.2
    2452668.611           -3.3            5.3
    2452837.972            8.1            5.4
    2452861.963            2.1            4.1
    2452863.985          -12.8            5.2
    2452879.918            8.8            4.2
    2452880.947           17.4            5.0
    2452898.911            0.3            4.7
    2452900.928           12.0            4.8
    2452932.839           11.1            4.3
    2452934.804           17.7            4.6
    2452963.753           27.5            5.2
    2452965.809            6.3            5.4
     2453022.63            4.0            5.6
     2453208.01           -4.7            3.8
    2453209.978            3.8            3.7
    2453214.961           14.6            4.2
    2453231.961            5.9            4.0
    2453233.909           20.1            3.9
     2453235.96            9.5            4.2
    2453265.899           28.0            3.8
    2453268.919            4.3            4.0
     2453269.81           -8.0            3.5
    2453286.828           29.8            3.8
    2453324.713            2.0            5.5
    2453354.654          -17.1            3.8
    2453400.642           21.0            7.5
    2453550.983           -6.9            4.4
    2453578.964           20.9            4.6
    2453613.923          -17.8            4.2
    2453654.771           -6.6            4.1
    2453701.724           10.6            4.6
    2453740.745           13.9            4.7
    2453911.993           24.0            3.6
    2453917.013          -10.5            3.9
    2453934.974           -8.6            3.9
    2453968.925          -13.2            3.2
    2453981.851           12.2            3.8
    2453985.899           -0.5            4.0
    2454055.755           20.4            3.9
    2454297.975            1.1            4.1
    2454300.974          -13.7            4.0
    2454314.939           22.5            3.6
    2454318.981           -7.2            4.2
    2454344.859            8.1            4.3
    2454348.917            3.0            4.0
    2454391.887            0.9            5.4
    2454394.775           -0.2            4.2
    2454418.777           23.3            4.5
    2454420.763           19.7            4.2
    2454440.653           16.6            3.4
    2454443.651           -5.2            3.6
    2454481.638           25.0            3.9
    2454503.651           11.2            4.3
    2454645.984            1.3            4.5
    2454646.968            6.9            4.2
    2454668.009           18.2            3.7
    2454681.904            3.3            3.8
     2454683.97           -3.1            3.8
    2454711.893           13.3            4.1
    2454713.873           -0.1            4.2
    2454715.882           -1.8            4.6
    2454716.875          -13.5            4.1
    2454753.885            3.1            3.6
     2454755.85           -4.0            3.8
    2454777.733          -18.6            4.1
    2454806.796          -12.5            5.5
     2454808.77          -12.3            4.3
    2454809.763          -11.9            6.1
    2455026.973           -2.9            5.7
    2455063.965           11.4            5.0
    2455099.996           -2.4            4.9
    2455116.856           12.5            6.8
    2455154.739            7.8            7.6
    2455174.788            0.5            5.8
    2455364.972            5.2            5.0
    2455419.012            7.8            4.7
    2455446.847            7.2            3.6
    2455446.856            7.4            3.1
    2455463.833          -15.1            5.2
    2455466.842           -6.5            4.8
    2455569.653          -11.8            4.1
    2455571.713           16.6            4.6
    2455572.671            6.1            4.8
    2455621.621           11.2            4.6
    2455757.974          -18.4            5.0
    2455803.919           18.9            4.3
    2455806.936           -0.2            4.3
    2455828.781           -1.3            4.2
    2455831.849            5.5            5.1
    2455861.842            0.7            4.2
    2455864.796           16.4            4.4
    2455892.745           -4.9            4.9
