    2451745.994            2.6            4.3
    2451778.895            0.3            3.7
    2451808.867            4.8            3.6
    2451853.766            0.5            4.1
    2451856.801            2.9            4.6
    2451898.637           13.4            8.0
    2451932.609           12.0            3.9
    2452163.861            2.9            4.9
    2452175.851            9.8            4.0
    2452307.598            5.7            4.5
    2452465.989            4.6            5.3
    2452483.985            0.7            5.0
    2452494.987            8.5            5.0
    2452517.936            6.8            5.2
     2452528.91            5.3            5.2
     2452530.91           10.7            4.5
    2452541.904           13.6            4.5
    2452543.883            7.4            5.0
    2452559.914           14.7            6.4
    2452561.795            6.4            8.4
    2452571.791           -3.6            5.0
     2452589.81           -3.1            5.7
    2452603.782           12.1            4.9
    2452605.724            0.2            4.8
    2452616.772           10.3            5.9
    2452665.604            5.8            4.2
    2452668.611            8.7            5.3
    2452837.972            2.1            5.4
    2452861.963            7.2            4.1
    2452863.985            1.5            5.2
    2452879.918            5.4            4.2
    2452880.947           14.2            5.0
    2452898.911           11.7            4.7
    2452900.928           -0.7            4.8
    2452932.839           13.7            4.3
    2452934.804            4.0            4.6
    2452963.753            8.8            5.2
    2452965.809           11.5            5.4
     2453022.63           -0.5            5.6
     2453208.01            4.2            3.8
    2453209.978           14.3            3.7
    2453214.961            6.2            4.2
    2453231.961           -6.3            4.0
    2453233.909            3.8            3.9
     2453235.96           14.3            4.2
    2453265.899           -5.0            3.8
    2453268.919            9.3            4.0
     2453269.81           11.6            3.5
    2453286.828            7.6            3.8
    2453324.713            1.2            5.5
    2453354.654            7.8            3.8
    2453400.642           10.3            7.5
    2453550.983            0.7            4.4
    2453578.964           -6.2            4.6
    2453613.923            5.4            4.2
    2453654.771            4.4            4.1
    2453701.724            8.2            4.6
    2453740.745           12.4            4.7
    2453911.993           12.9            3.6
    2453917.013            4.1            3.9
    2453934.974            4.9            3.9
    2453968.925            2.8            3.2
    2453981.851           14.2            3.8
    2453985.899           -4.6            4.0
    2454055.755           -5.9            3.9
    2454297.975            3.7            4.1
    2454300.974            1.9            4.0
    2454314.939           -1.7            3.6
    2454318.981            6.3            4.2
    2454344.859            6.2            4.3
    2454348.917            5.6            4.0
    2454391.887            2.0            5.4
    2454394.775           -6.9            4.2
    2454418.777            3.6            4.5
    2454420.763           -6.7            4.2
    2454440.653            6.9            3.4
    2454443.651            1.6            3.6
    2454481.638            4.4            3.9
    2454503.651            3.3            4.3
    2454645.984           -6.8            4.5
    2454646.968            4.2            4.2
    2454668.009           14.9            3.7
    2454681.904           -4.1            3.8
     2454683.97           10.1            3.8
    2454711.893           14.5            4.1
    2454713.873            1.0            4.2
    2454715.882           -6.5            4.6
    2454716.875            5.2            4.1
    2454753.885           11.3            3.6
     2454755.85           12.4            3.8
    2454777.733           -2.8            4.1
    2454806.796            6.0            5.5
     2454808.77            1.0            4.3
    2454809.763            2.4            6.1
    2455026.973           -2.9            5.7
    2455063.965            6.0            5.0
    2455099.996            8.1            4.9
    2455116.856            4.2            6.8
    2455154.739           17.4            7.6
    2455174.788           -1.4            5.8
    2455364.972            7.4            5.0
    2455419.012            5.3            4.7
    2455446.847            2.5            3.6
    2455446.856            2.1            3.1
    2455463.833            2.8            5.2
    2455466.842            4.4            4.8
    2455569.653           12.4            4.1
    2455571.713           13.4            4.6
    2455572.671            3.1            4.8
    2455621.621           10.6            4.6
    2455757.974            3.8            5.0
    2455803.919            3.3            4.3
    2455806.936            4.7            4.3
    2455828.781            6.7            4.2
    2455831.849            5.4            5.1
    2455861.842            4.8            4.2
    2455864.796           13.8            4.4
    2455892.745           13.1            4.9
