    2451745.994            0.2            4.3
    2451778.895           -5.2            3.7
    2451808.867            2.6            3.6
    2451853.766            1.1            4.1
    2451856.801            8.4            4.6
    2451898.637           13.5            8.0
    2451932.609            8.3            3.9
    2452163.861           -5.6            4.9
    2452175.851            5.3            4.0
    2452307.598            4.8            4.5
    2452465.989            4.4            5.3
    2452483.985            5.3            5.0
    2452494.987            7.0            5.0
    2452517.936           -2.0            5.2
     2452528.91            5.1            5.2
     2452530.91            4.6            4.5
    2452541.904            7.0            4.5
    2452543.883           12.0            5.0
    2452559.914            5.7            6.4
    2452561.795           15.8            8.4
    2452571.791            7.1            5.0
     2452589.81            9.3            5.7
    2452603.782           -2.5            4.9
    2452605.724           12.1            4.8
    2452616.772           13.5            5.9
    2452665.604            6.6            4.2
    2452668.611           -2.4            5.3
    2452837.972            2.4            5.4
    2452861.963           -0.8            4.1
    2452863.985            5.0            5.2
    2452879.918            4.0            4.2
    2452880.947           -0.5            5.0
    2452898.911           -1.8            4.7
    2452900.928           -0.4            4.8
    2452932.839           14.6            4.3
    2452934.804            3.7            4.6
    2452963.753            5.5            5.2
    2452965.809            4.5            5.4
     2453022.63            2.0            5.6
     2453208.01           -5.8            3.8
    2453209.978            3.4            3.7
    2453214.961            5.1            4.2
    2453231.961           11.5            4.0
    2453233.909            4.1            3.9
     2453235.96            0.5            4.2
    2453265.899           -7.2            3.8
    2453268.919            3.6            4.0
     2453269.81            5.6            3.5
    2453286.828            1.0            3.8
    2453324.713           11.9            5.5
    2453354.654           12.2            3.8
    2453400.642           16.5            7.5
    2453550.983           10.4            4.4
    2453578.964            2.3            4.6
    2453613.923            7.0            4.2
    2453654.771           -0.2            4.1
    2453701.724            0.2            4.6
    2453740.745           -5.9            4.7
    2453911.993            6.7            3.6
    2453917.013           -2.7            3.9
    2453934.974            3.9            3.9
    2453968.925            7.2            3.2
    2453981.851            2.1            3.8
    2453985.899           -2.7            4.0
    2454055.755           14.4            3.9
    2454297.975            7.6            4.1
    2454300.974            2.3            4.0
    2454314.939           12.7            3.6
    2454318.981            8.5            4.2
    2454344.859            6.6            4.3
    2454348.917           -9.9            4.0
    2454391.887            6.8            5.4
    2454394.775            2.8            4.2
    2454418.777           11.7            4.5
    2454420.763            2.3            4.2
    2454440.653            5.5            3.4
    2454443.651            0.7            3.6
    2454481.638            0.7            3.9
    2454503.651            5.8            4.3
    2454645.984            6.1            4.5
    2454646.968            0.4            4.2
    2454668.009            7.8            3.7
    2454681.904           10.7            3.8
     2454683.97           -7.1            3.8
    2454711.893            2.8            4.1
    2454713.873            1.3            4.2
    2454715.882            4.8            4.6
    2454716.875            5.3            4.1
    2454753.885           14.5            3.6
     2454755.85            6.0            3.8
    2454777.733           -8.5            4.1
    2454806.796           -6.0            5.5
     2454808.77            6.2            4.3
    2454809.763            2.9            6.1
    2455026.973            8.0            5.7
    2455063.965           14.2            5.0
    2455099.996           15.3            4.9
    2455116.856            1.5            6.8
    2455154.739            8.1            7.6
    2455174.788           15.0            5.8
    2455364.972           -1.9            5.0
    2455419.012            3.8            4.7
    2455446.847            5.5            3.6
    2455446.856            4.9            3.1
    2455463.833           14.8            5.2
    2455466.842           13.1            4.8
    2455569.653            1.2            4.1
    2455571.713            4.6            4.6
    2455572.671           -4.1            4.8
    2455621.621            7.7            4.6
    2455757.974            0.8            5.0
    2455803.919           -3.3            4.3
    2455806.936           -5.4            4.3
    2455828.781            3.7            4.2
    2455831.849            0.9            5.1
    2455861.842           -4.0            4.2
    2455864.796            1.2            4.4
    2455892.745            8.4            4.9
