    2451745.994           -1.1            4.3
    2451778.895           -3.9            3.7
    2451808.867            2.1            3.6
    2451853.766            1.8            4.1
    2451856.801           -3.1            4.6
    2451898.637            7.4            8.0
    2451932.609           -2.7            3.9
    2452163.861            5.8            4.9
    2452175.851            8.2            4.0
    2452307.598            3.4            4.5
    2452465.989           12.4            5.3
    2452483.985            6.0            5.0
    2452494.987           13.3            5.0
    2452517.936            9.0            5.2
     2452528.91            6.9            5.2
     2452530.91            2.9            4.5
    2452541.904            9.2            4.5
    2452543.883           -2.7            5.0
    2452559.914           -3.0            6.4
    2452561.795            4.8            8.4
    2452571.791           -3.4            5.0
     2452589.81            5.9            5.7
    2452603.782           14.0            4.9
    2452605.724            3.3            4.8
    2452616.772           -2.8            5.9
    2452665.604            5.7            4.2
    2452668.611           -2.6            5.3
    2452837.972            8.8            5.4
    2452861.963            4.2            4.1
    2452863.985            5.3            5.2
    2452879.918            6.5            4.2
    2452880.947           -3.3            5.0
    2452898.911            5.3            4.7
    2452900.928           14.0            4.8
    2452932.839           -7.3            4.3
    2452934.804            7.4            4.6
    2452963.753            6.9            5.2
    2452965.809           -2.7            5.4
     2453022.63            4.5            5.6
     2453208.01            3.7            3.8
    2453209.978            2.7            3.7
    2453214.961           15.1            4.2
    2453231.961            7.7            4.0
    2453233.909            0.9            3.9
     2453235.96            3.5            4.2
    2453265.899            5.3            3.8
    2453268.919           -1.1            4.0
     2453269.81           -1.8            3.5
    2453286.828           -1.9            3.8
    2453324.713            0.3            5.5
    2453354.654           -3.0            3.8
    2453400.642           -1.9            7.5
    2453550.983            4.6            4.4
    2453578.964            7.3            4.6
    2453613.923           17.5            4.2
    2453654.771            3.4            4.1
    2453701.724            5.4            4.6
    2453740.745            5.3            4.7
    2453911.993            2.2            3.6
    2453917.013            5.0            3.9
    2453934.974            7.8            3.9
    2453968.925           -2.8            3.2
    2453981.851            4.7            3.8
    2453985.899            9.4            4.0
    2454055.755           -0.1            3.9
    2454297.975            7.5            4.1
    2454300.974           10.1            4.0
    2454314.939            7.9            3.6
    2454318.981            0.2            4.2
    2454344.859            7.2            4.3
    2454348.917            0.6            4.0
    2454391.887            0.8            5.4
    2454394.775            2.7            4.2
    2454418.777            9.9            4.5
    2454420.763           10.8            4.2
    2454440.653           -4.9            3.4
    2454443.651           -0.5            3.6
    2454481.638            7.0            3.9
    2454503.651            5.1            4.3
    2454645.984           -5.3            4.5
    2454646.968            3.4            4.2
    2454668.009           -5.2            3.7
    2454681.904            3.3            3.8
     2454683.97           -0.4            3.8
    2454711.893            8.7            4.1
    2454713.873            5.4            4.2
    2454715.882           11.3            4.6
    2454716.875            2.6            4.1
    2454753.885           -4.1            3.6
     2454755.85            4.4            3.8
    2454777.733            3.1            4.1
    2454806.796            5.6            5.5
     2454808.77            7.5            4.3
    2454809.763            6.2            6.1
    2455026.973            6.6            5.7
    2455063.965            4.4            5.0
    2455099.996            9.2            4.9
    2455116.856            6.9            6.8
    2455154.739            7.6            7.6
    2455174.788           -0.0            5.8
    2455364.972            8.8            5.0
    2455419.012           11.9            4.7
    2455446.847           12.2            3.6
    2455446.856           11.9            3.1
    2455463.833           10.8            5.2
    2455466.842            0.2            4.8
    2455569.653            2.7            4.1
    2455571.713            2.7            4.6
    2455572.671           11.9            4.8
    2455621.621           -2.5            4.6
    2455757.974           -3.7            5.0
    2455803.919            1.8            4.3
    2455806.936            9.6            4.3
    2455828.781           -3.0            4.2
    2455831.849            5.3            5.1
    2455861.842           -2.2            4.2
    2455864.796            7.8            4.4
    2455892.745           10.7            4.9
