    2451745.994           -2.7            4.3
    2451778.895           -4.2            3.7
    2451808.867           13.6            3.6
    2451853.766           -5.8            4.1
    2451856.801            2.2            4.6
    2451898.637           11.3            8.0
    2451932.609            5.3            3.9
    2452163.861            6.7            4.9
    2452175.851           -2.2            4.0
    2452307.598            5.2            4.5
    2452465.989            2.0            5.3
    2452483.985            6.3            5.0
    2452494.987           11.9            5.0
    2452517.936            7.7            5.2
     2452528.91            9.4            5.2
     2452530.91            3.8            4.5
    2452541.904            2.6            4.5
    2452543.883           11.2            5.0
    2452559.914            7.1            6.4
    2452561.795           11.5            8.4
    2452571.791            1.6            5.0
     2452589.81            0.4            5.7
    2452603.782           15.7            4.9
    2452605.724            7.1            4.8
    2452616.772            2.1            5.9
    2452665.604           -4.7            4.2
    2452668.611            1.1            5.3
    2452837.972            9.7            5.4
    2452861.963           -2.8            4.1
    2452863.985            3.7            5.2
    2452879.918           -0.8            4.2
    2452880.947            2.8            5.0
    2452898.911            6.3            4.7
    2452900.928            2.5            4.8
    2452932.839            7.5            4.3
    2452934.804            1.3            4.6
    2452963.753            7.3            5.2
    2452965.809           14.1            5.4
     2453022.63            1.1            5.6
     2453208.01           -7.0            3.8
    2453209.978           -0.6            3.7
    2453214.961            6.0            4.2
    2453231.961            5.1            4.0
    2453233.909            3.7            3.9
     2453235.96           10.1            4.2
    2453265.899            1.2            3.8
    2453268.919            6.8            4.0
     2453269.81           10.5            3.5
    2453286.828           10.4            3.8
    2453324.713            9.8            5.5
    2453354.654            3.0            3.8
    2453400.642            8.3            7.5
    2453550.983            6.4            4.4
    2453578.964            4.7            4.6
    2453613.923            3.0            4.2
    2453654.771            1.1            4.1
    2453701.724           13.4            4.6
    2453740.745            3.4            4.7
    2453911.993           -0.7            3.6
    2453917.013            5.9            3.9
    2453934.974            0.2            3.9
    2453968.925           -2.1            3.2
    2453981.851            4.5            3.8
    2453985.899           -4.2            4.0
    2454055.755           -1.6            3.9
    2454297.975            4.8            4.1
    2454300.974            3.7            4.0
    2454314.939            4.0            3.6
    2454318.981            9.8            4.2
    2454344.859            3.8            4.3
    2454348.917            1.3            4.0
    2454391.887            2.8            5.4
    2454394.775            2.5            4.2
    2454418.777           -2.1            4.5
    2454420.763            8.3            4.2
    2454440.653            8.8            3.4
    2454443.651            3.0            3.6
    2454481.638           13.7            3.9
    2454503.651           -2.5            4.3
    2454645.984            0.6            4.5
    2454646.968           -0.9            4.2
    2454668.009            2.4            3.7
    2454681.904            2.5            3.8
     2454683.97            6.3            3.8
    2454711.893            7.8            4.1
    2454713.873            3.2            4.2
    2454715.882            6.8            4.6
    2454716.875            8.7            4.1
    2454753.885            5.7            3.6
     2454755.85           -3.6            3.8
    2454777.733            4.5            4.1
    2454806.796            2.9            5.5
     2454808.77            2.3            4.3
    2454809.763            6.3            6.1
    2455026.973           -4.1            5.7
    2455063.965            6.3            5.0
    2455099.996            3.9            4.9
    2455116.856            8.8            6.8
    2455154.739           -1.0            7.6
    2455174.788            6.8            5.8
    2455364.972            4.2            5.0
    2455419.012           12.4            4.7
    2455446.847            3.6            3.6
    2455446.856            3.1            3.1
    2455463.833            3.5            5.2
    2455466.842           -1.4            4.8
    2455569.653           -3.5            4.1
    2455571.713            4.9            4.6
    2455572.671            7.4            4.8
    2455621.621            3.1            4.6
    2455757.974           12.4            5.0
    2455803.919           -2.3            4.3
    2455806.936           -1.3            4.3
    2455828.781            3.9            4.2
    2455831.849            5.5            5.1
    2455861.842            3.9            4.2
    2455864.796            0.7            4.4
    2455892.745            5.0            4.9
