    2451745.994           17.9            4.3
    2451778.895           26.7            3.7
    2451808.867           32.3            3.6
    2451853.766           -5.3            4.1
    2451856.801          -13.6            4.6
    2451898.637           -2.2            8.0
    2451932.609           22.3            3.9
    2452163.861            1.1            4.9
    2452175.851           13.4            4.0
    2452307.598           36.6            4.5
    2452465.989           11.3            5.3
    2452483.985          -31.0            5.0
    2452494.987          -20.8            5.0
    2452517.936           32.3            5.2
     2452528.91           21.4            5.2
     2452530.91          -20.8            4.5
    2452541.904          -26.4            4.5
    2452543.883            1.6            5.0
    2452559.914           -1.0            6.4
    2452561.795            2.2            8.4
    2452571.791          -20.6            5.0
     2452589.81           17.0            5.7
    2452603.782           32.5            4.9
    2452605.724           19.6            4.8
    2452616.772            5.5            5.9
    2452665.604           -6.6            4.2
    2452668.611           21.3            5.3
    2452837.972          -26.5            5.4
    2452861.963            5.1            4.1
    2452863.985           32.5            5.2
    2452879.918           32.3            4.2
    2452880.947           17.9            5.0
    2452898.911           16.9            4.7
    2452900.928            0.3            4.8
    2452932.839            1.1            4.3
    2452934.804           10.0            4.6
    2452963.753          -26.0            5.2
    2452965.809            1.7            5.4
     2453022.63           24.4            5.6
     2453208.01            3.3            3.8
    2453209.978           -7.3            3.7
    2453214.961            4.1            4.2
    2453231.961          -17.3            4.0
    2453233.909           18.8            3.9
     2453235.96           34.7            4.2
    2453265.899           16.8            3.8
    2453268.919            7.3            4.0
     2453269.81          -10.9            3.5
    2453286.828           -9.3            3.8
    2453324.713           13.4            5.5
    2453354.654            8.1            3.8
    2453400.642           38.2            7.5
    2453550.983            4.0            4.4
    2453578.964           15.2            4.6
    2453613.923           10.2            4.2
    2453654.771           -9.8            4.1
    2453701.724           -2.4            4.6
    2453740.745           14.1            4.7
    2453911.993          -22.4            3.6
    2453917.013          -13.3            3.9
    2453934.974           20.3            3.9
    2453968.925           -7.5            3.2
    2453981.851            1.6            3.8
    2453985.899           -6.2            4.0
    2454055.755           11.7            3.9
    2454297.975          -22.4            4.1
    2454300.974           -1.3            4.0
    2454314.939           -2.1            3.6
    2454318.981           17.2            4.2
    2454344.859          -29.6            4.3
    2454348.917           20.8            4.0
    2454391.887            2.7            5.4
    2454394.775           -2.3            4.2
    2454418.777           -9.1            4.5
    2454420.763           -9.5            4.2
    2454440.653          -19.9            3.4
    2454443.651           -9.6            3.6
    2454481.638          -29.1            3.9
    2454503.651           -1.5            4.3
    2454645.984          -13.6            4.5
    2454646.968           22.9            4.2
    2454668.009            5.8            3.7
    2454681.904          -24.5            3.8
     2454683.97           -8.9            3.8
    2454711.893          -28.5            4.1
    2454713.873            7.3            4.2
    2454715.882           34.7            4.6
    2454716.875            0.6            4.1
    2454753.885           28.0            3.6
     2454755.85          -10.9            3.8
    2454777.733          -34.2            4.1
    2454806.796            8.6            5.5
     2454808.77           22.5            4.3
    2454809.763           19.1            6.1
    2455026.973          -18.2            5.7
    2455063.965           14.0            5.0
    2455099.996           31.8            4.9
    2455116.856           -1.2            6.8
    2455154.739           22.5            7.6
    2455174.788           -0.0            5.8
    2455364.972           13.2            5.0
    2455419.012          -19.2            4.7
    2455446.847           16.3            3.6
    2455446.856           16.1            3.1
    2455463.833           38.5            5.2
    2455466.842           21.9            4.8
    2455569.653           -1.8            4.1
    2455571.713           -0.9            4.6
    2455572.671           -7.4            4.8
    2455621.621          -29.3            4.6
    2455757.974          -14.2            5.0
    2455803.919           16.9            4.3
    2455806.936           13.2            4.3
    2455828.781           26.1            4.2
    2455831.849           -4.3            5.1
    2455861.842           -4.4            4.2
    2455864.796           -3.1            4.4
    2455892.745          -19.7            4.9
