    2451745.994           17.1            4.3
    2451778.895           12.7            3.7
    2451808.867            7.2            3.6
    2451853.766           11.5            4.1
    2451856.801           -7.4            4.6
    2451898.637           -8.4            8.0
    2451932.609           -4.1            3.9
    2452163.861           -0.3            4.9
    2452175.851            5.6            4.0
    2452307.598          -10.6            4.5
    2452465.989            3.2            5.3
    2452483.985           -7.6            5.0
    2452494.987            1.5            5.0
    2452517.936           19.9            5.2
     2452528.91           -7.2            5.2
     2452530.91            5.5            4.5
    2452541.904           18.5            4.5
    2452543.883           -9.0            5.0
    2452559.914            7.7            6.4
    2452561.795          -10.9            8.4
    2452571.791           -4.6            5.0
     2452589.81            0.6            5.7
    2452603.782            4.8            4.9
    2452605.724           19.8            4.8
    2452616.772           -3.3            5.9
    2452665.604           11.9            4.2
    2452668.611           -7.6            5.3
    2452837.972            3.5            5.4
    2452861.963            3.7            4.1
    2452863.985           13.9            5.2
    2452879.918            0.6            4.2
    2452880.947            0.8            5.0
    2452898.911            0.4            4.7
    2452900.928            3.1            4.8
    2452932.839            9.5            4.3
    2452934.804          -21.1            4.6
    2452963.753           16.3            5.2
    2452965.809           -2.5            5.4
     2453022.63           -0.0            5.6
     2453208.01           -9.4            3.8
    2453209.978           -6.0            3.7
    2453214.961            7.0            4.2
    2453231.961          -10.8            4.0
    2453233.909            8.1            3.9
     2453235.96           14.1            4.2
    2453265.899            5.5            3.8
    2453268.919           10.7            4.0
     2453269.81           26.5            3.5
    2453286.828           -5.8            3.8
    2453324.713           14.4            5.5
    2453354.654           21.7            3.8
    2453400.642           13.4            7.5
    2453550.983           15.9            4.4
    2453578.964           15.8            4.6
    2453613.923            8.1            4.2
    2453654.771           16.9            4.1
    2453701.724           -6.8            4.6
    2453740.745          -12.3            4.7
    2453911.993           23.4            3.6
    2453917.013            2.4            3.9
    2453934.974           -4.0            3.9
    2453968.925            1.6            3.2
    2453981.851           21.6            3.8
    2453985.899          -12.2            4.0
    2454055.755          -18.3            3.9
    2454297.975           -3.9            4.1
    2454300.974           -5.0            4.0
    2454314.939           25.7            3.6
    2454318.981            3.7            4.2
    2454344.859           11.9            4.3
    2454348.917           10.2            4.0
    2454391.887            5.1            5.4
    2454394.775           -1.2            4.2
    2454418.777           -0.5            4.5
    2454420.763           23.2            4.2
    2454440.653          -11.0            3.4
    2454443.651           -7.9            3.6
    2454481.638           18.8            3.9
    2454503.651           10.6            4.3
    2454645.984           12.7            4.5
    2454646.968            1.2            4.2
    2454668.009           -4.1            3.7
    2454681.904           21.6            3.8
     2454683.97            2.8            3.8
    2454711.893           22.5            4.1
    2454713.873           -7.1            4.2
    2454715.882            5.9            4.6
    2454716.875            3.5            4.1
    2454753.885           16.9            3.6
     2454755.85          -17.0            3.8
    2454777.733            9.4            4.1
    2454806.796            0.5            5.5
     2454808.77            7.6            4.3
    2454809.763           -5.8            6.1
    2455026.973           20.7            5.7
    2455063.965           -0.4            5.0
    2455099.996            8.7            4.9
    2455116.856           -5.2            6.8
    2455154.739           22.1            7.6
    2455174.788            5.4            5.8
    2455364.972           -8.9            5.0
    2455419.012           -0.9            4.7
    2455446.847           -2.6            3.6
    2455446.856           -3.2            3.1
    2455463.833           13.9            5.2
    2455466.842            7.4            4.8
    2455569.653           10.9            4.1
    2455571.713           13.2            4.6
    2455572.671           21.2            4.8
    2455621.621           -2.4            4.6
    2455757.974           -1.8            5.0
    2455803.919            1.1            4.3
    2455806.936           -1.1            4.3
    2455828.781           -8.5            4.2
    2455831.849            2.6            5.1
    2455861.842           -2.1            4.2
    2455864.796          -23.1            4.4
    2455892.745            6.4            4.9
