    2451745.994            5.6            4.3
    2451778.895            2.7            3.7
    2451808.867            3.1            3.6
    2451853.766           -3.6            4.1
    2451856.801            6.7            4.6
    2451898.637            4.5            8.0
    2451932.609           10.6            3.9
    2452163.861            4.3            4.9
    2452175.851           11.4            4.0
    2452307.598            3.4            4.5
    2452465.989            3.6            5.3
    2452483.985            9.9            5.0
    2452494.987            9.7            5.0
    2452517.936            0.6            5.2
     2452528.91            0.7            5.2
     2452530.91            1.7            4.5
    2452541.904            3.3            4.5
    2452543.883            9.4            5.0
    2452559.914            5.5            6.4
    2452561.795            6.7            8.4
    2452571.791           -2.2            5.0
     2452589.81            5.1            5.7
    2452603.782            1.3            4.9
    2452605.724            1.7            4.8
    2452616.772            3.7            5.9
    2452665.604           -1.7            4.2
    2452668.611            4.1            5.3
    2452837.972            4.9            5.4
    2452861.963            5.7            4.1
    2452863.985            4.9            5.2
    2452879.918           -0.3            4.2
    2452880.947            7.0            5.0
    2452898.911            1.6            4.7
    2452900.928            4.2            4.8
    2452932.839           -0.6            4.3
    2452934.804            6.9            4.6
    2452963.753            1.5            5.2
    2452965.809            7.9            5.4
     2453022.63            6.7            5.6
     2453208.01            3.5            3.8
    2453209.978            6.2            3.7
    2453214.961            3.3            4.2
    2453231.961            5.3            4.0
    2453233.909            3.4            3.9
     2453235.96           -0.6            4.2
    2453265.899            5.6            3.8
    2453268.919            2.2            4.0
     2453269.81           -3.2            3.5
    2453286.828            8.1            3.8
    2453324.713            8.6            5.5
    2453354.654           -3.1            3.8
    2453400.642           13.7            7.5
    2453550.983            2.9            4.4
    2453578.964            9.3            4.6
    2453613.923            7.7            4.2
    2453654.771           11.5            4.1
    2453701.724            1.1            4.6
    2453740.745            5.4            4.7
    2453911.993           -2.5            3.6
    2453917.013            6.4            3.9
    2453934.974           -0.5            3.9
    2453968.925            7.4            3.2
    2453981.851            9.8            3.8
    2453985.899           -1.4            4.0
    2454055.755           10.9            3.9
    2454297.975            6.1            4.1
    2454300.974            7.8            4.0
    2454314.939            0.4            3.6
    2454318.981           11.1            4.2
    2454344.859           -1.1            4.3
    2454348.917            2.2            4.0
    2454391.887            5.5            5.4
    2454394.775           10.4            4.2
    2454418.777            1.1            4.5
    2454420.763           -2.1            4.2
    2454440.653           -4.1            3.4
    2454443.651            4.7            3.6
    2454481.638            5.0            3.9
    2454503.651            0.9            4.3
    2454645.984            5.8            4.5
    2454646.968           11.5            4.2
    2454668.009            6.0            3.7
    2454681.904            2.5            3.8
     2454683.97           -2.4            3.8
    2454711.893            8.4            4.1
    2454713.873            4.6            4.2
    2454715.882            2.3            4.6
    2454716.875           -2.4            4.1
    2454753.885           10.0            3.6
     2454755.85            4.4            3.8
    2454777.733           -0.2            4.1
    2454806.796            9.2            5.5
     2454808.77            1.0            4.3
    2454809.763            5.5            6.1
    2455026.973            7.2            5.7
    2455063.965            3.2            5.0
    2455099.996            8.9            4.9
    2455116.856            2.9            6.8
    2455154.739           11.9            7.6
    2455174.788           10.8            5.8
    2455364.972           12.8            5.0
    2455419.012            8.1            4.7
    2455446.847            3.0            3.6
    2455446.856            2.6            3.1
    2455463.833            0.6            5.2
    2455466.842            0.3            4.8
    2455569.653            2.5            4.1
    2455571.713           -0.0            4.6
    2455572.671            3.3            4.8
    2455621.621            6.3            4.6
    2455757.974            6.7            5.0
    2455803.919            1.8            4.3
    2455806.936            7.3            4.3
    2455828.781           11.3            4.2
    2455831.849            5.1            5.1
    2455861.842           10.4            4.2
    2455864.796            4.3            4.4
    2455892.745            8.6            4.9
