    2451745.994           -0.8            4.3
    2451778.895           15.0            3.7
    2451808.867            5.3            3.6
    2451853.766           19.7            4.1
    2451856.801           20.4            4.6
    2451898.637           -9.0            8.0
    2451932.609          -10.2            3.9
    2452163.861           -1.5            4.9
    2452175.851           -6.6            4.0
    2452307.598           -4.9            4.5
    2452465.989            1.1            5.3
    2452483.985           17.1            5.0
    2452494.987           -3.5            5.0
    2452517.936           16.6            5.2
     2452528.91           -3.6            5.2
     2452530.91           19.7            4.5
    2452541.904          -10.4            4.5
    2452543.883            9.7            5.0
    2452559.914           -2.9            6.4
    2452561.795            4.0            8.4
    2452571.791           19.9            5.0
     2452589.81           -1.6            5.7
    2452603.782            0.2            4.9
    2452605.724           24.3            4.8
    2452616.772          -13.2            5.9
    2452665.604            8.6            4.2
    2452668.611            0.3            5.3
    2452837.972           -3.9            5.4
    2452861.963           24.0            4.1
    2452863.985           21.4            5.2
    2452879.918            1.3            4.2
    2452880.947            2.0            5.0
    2452898.911           -3.3            4.7
    2452900.928          -10.9            4.8
    2452932.839            1.3            4.3
    2452934.804           -5.2            4.6
    2452963.753           28.5            5.2
    2452965.809            6.9            5.4
     2453022.63           -1.3            5.6
     2453208.01           11.1            3.8
    2453209.978           -8.9            3.7
    2453214.961           -4.1            4.2
    2453231.961           -5.5            4.0
    2453233.909           -3.2            3.9
     2453235.96            3.7            4.2
    2453265.899           -9.1            3.8
    2453268.919            7.7            4.0
     2453269.81           13.2            3.5
    2453286.828           -6.6            3.8
    2453324.713           -1.0            5.5
    2453354.654           19.4            3.8
    2453400.642            7.1            7.5
    2453550.983           15.2            4.4
    2453578.964           21.0            4.6
    2453613.923           12.3            4.2
    2453654.771            6.4            4.1
    2453701.724           -2.1            4.6
    2453740.745           21.1            4.7
    2453911.993           -1.2            3.6
    2453917.013            4.2            3.9
    2453934.974            4.4            3.9
    2453968.925           14.6            3.2
    2453981.851            1.9            3.8
    2453985.899           -2.7            4.0
    2454055.755            5.5            3.9
    2454297.975          -13.9            4.1
    2454300.974           -7.1            4.0
    2454314.939           18.0            3.6
    2454318.981           -2.2            4.2
    2454344.859           -9.2            4.3
    2454348.917            6.8            4.0
    2454391.887           -4.3            5.4
    2454394.775          -10.1            4.2
    2454418.777           13.2            4.5
    2454420.763            2.0            4.2
    2454440.653            5.0            3.4
    2454443.651           24.7            3.6
    2454481.638          -11.9            3.9
    2454503.651           -9.9            4.3
    2454645.984           21.9            4.5
    2454646.968           18.0            4.2
    2454668.009           19.8            3.7
    2454681.904           -8.2            3.8
     2454683.97          -11.8            3.8
    2454711.893           -8.4            4.1
    2454713.873            2.9            4.2
    2454715.882           -2.5            4.6
    2454716.875            0.3            4.1
    2454753.885            4.4            3.6
     2454755.85           16.8            3.8
    2454777.733            4.0            4.1
    2454806.796           -7.4            5.5
     2454808.77           14.1            4.3
    2454809.763            1.4            6.1
    2455026.973           16.3            5.7
    2455063.965            9.2            5.0
    2455099.996           -1.9            4.9
    2455116.856            7.5            6.8
    2455154.739           16.0            7.6
    2455174.788           -2.5            5.8
    2455364.972           -2.8            5.0
    2455419.012           21.1            4.7
    2455446.847            7.8            3.6
    2455446.856            7.3            3.1
    2455463.833            8.3            5.2
    2455466.842            5.2            4.8
    2455569.653            4.5            4.1
    2455571.713            7.8            4.6
    2455572.671           19.2            4.8
    2455621.621            6.0            4.6
    2455757.974            3.1            5.0
    2455803.919           12.5            4.3
    2455806.936            8.7            4.3
    2455828.781           10.6            4.2
    2455831.849           15.1            5.1
    2455861.842            5.1            4.2
    2455864.796            7.8            4.4
    2455892.745           -0.8            4.9
