    2451745.994          -11.2            4.3
    2451778.895           24.1            3.7
    2451808.867            9.5            3.6
    2451853.766           11.8            4.1
    2451856.801          -17.9            4.6
    2451898.637           13.8            8.0
    2451932.609            6.2            3.9
    2452163.861            9.2            4.9
    2452175.851           16.7            4.0
    2452307.598            8.9            4.5
    2452465.989           -4.7            5.3
    2452483.985           -3.1            5.0
    2452494.987            2.2            5.0
    2452517.936           14.3            5.2
     2452528.91           14.6            5.2
     2452530.91            4.8            4.5
    2452541.904           -2.0            4.5
    2452543.883            4.9            5.0
    2452559.914           -2.0            6.4
    2452561.795           -2.3            8.4
    2452571.791            1.3            5.0
     2452589.81            6.6            5.7
    2452603.782           -3.8            4.9
    2452605.724          -17.9            4.8
    2452616.772            9.3            5.9
    2452665.604           26.2            4.2
    2452668.611          -20.8            5.3
    2452837.972           -9.2            5.4
    2452861.963           15.2            4.1
    2452863.985           -3.8            5.2
    2452879.918           20.3            4.2
    2452880.947            4.9            5.0
    2452898.911            5.3            4.7
    2452900.928          -14.6            4.8
    2452932.839           26.2            4.3
    2452934.804           12.2            4.6
    2452963.753          -11.2            5.2
    2452965.809           -8.4            5.4
     2453022.63           20.8            5.6
     2453208.01            5.4            3.8
    2453209.978           32.5            3.7
    2453214.961          -16.6            4.2
    2453231.961          -10.7            4.0
    2453233.909          -18.2            3.9
     2453235.96           18.3            4.2
    2453265.899           21.6            3.8
    2453268.919          -25.2            4.0
     2453269.81          -25.0            3.5
    2453286.828          -22.7            3.8
    2453324.713          -11.3            5.5
    2453354.654           13.5            3.8
    2453400.642           15.5            7.5
    2453550.983           28.8            4.4
    2453578.964           34.7            4.6
    2453613.923           18.6            4.2
    2453654.771           -1.6            4.1
    2453701.724            4.0            4.6
    2453740.745            2.3            4.7
    2453911.993           18.6            3.6
    2453917.013            1.1            3.9
    2453934.974           -1.6            3.9
    2453968.925           -5.8            3.2
    2453981.851           -4.4            3.8
    2453985.899            3.8            4.0
    2454055.755           -3.6            3.9
    2454297.975            7.1            4.1
    2454300.974           13.5            4.0
    2454314.939           -8.9            3.6
    2454318.981           10.0            4.2
    2454344.859            9.9            4.3
    2454348.917           -7.6            4.0
    2454391.887           25.4            5.4
    2454394.775           -5.3            4.2
    2454418.777           31.7            4.5
    2454420.763            8.7            4.2
    2454440.653          -20.2            3.4
    2454443.651           -5.5            3.6
    2454481.638           29.8            3.9
    2454503.651          -12.7            4.3
    2454645.984          -14.3            4.5
    2454646.968          -15.7            4.2
    2454668.009           21.2            3.7
    2454681.904          -22.7            3.8
     2454683.97          -13.0            3.8
    2454711.893           -1.8            4.1
    2454713.873           27.0            4.2
    2454715.882           16.3            4.6
    2454716.875           -1.0            4.1
    2454753.885          -13.0            3.6
     2454755.85          -12.6            3.8
    2454777.733           27.9            4.1
    2454806.796            1.1            5.5
     2454808.77          -25.4            4.3
    2454809.763          -23.3            6.1
    2455026.973           20.1            5.7
    2455063.965           31.2            5.0
    2455099.996           37.6            4.9
    2455116.856           15.6            6.8
    2455154.739           15.8            7.6
    2455174.788            6.3            5.8
    2455364.972          -16.0            5.0
    2455419.012          -16.7            4.7
    2455446.847           -0.6            3.6
    2455446.856           -1.8            3.1
    2455463.833            6.2            5.2
    2455466.842            6.4            4.8
    2455569.653            5.7            4.1
    2455571.713           20.8            4.6
    2455572.671           22.1            4.8
    2455621.621          -18.5            4.6
    2455757.974            5.1            5.0
    2455803.919           18.0            4.3
    2455806.936            4.6            4.3
    2455828.781           -6.4            4.2
    2455831.849           18.9            5.1
    2455861.842          -11.8            4.2
    2455864.796           -8.9            4.4
    2455892.745            4.2            4.9
