    2451745.994           12.3            4.3
    2451778.895            6.8            3.7
    2451808.867           15.5            3.6
    2451853.766           -6.8            4.1
    2451856.801            5.0            4.6
    2451898.637           -9.1            8.0
    2451932.609           29.7            3.9
    2452163.861            2.5            4.9
    2452175.851          -16.8            4.0
    2452307.598           22.6            4.5
    2452465.989           23.4            5.3
    2452483.985            5.7            5.0
    2452494.987          -11.5            5.0
    2452517.936           12.2            5.2
     2452528.91           27.7            5.2
     2452530.91            7.7            4.5
    2452541.904           19.5            4.5
    2452543.883          -16.9            5.0
    2452559.914           22.5            6.4
    2452561.795           -5.3            8.4
    2452571.791           13.0            5.0
     2452589.81           -0.9            5.7
    2452603.782           33.9            4.9
    2452605.724           -7.6            4.8
    2452616.772           13.5            5.9
    2452665.604           21.0            4.2
    2452668.611           -6.8            5.3
    2452837.972            1.3            5.4
    2452861.963           25.4            4.1
    2452863.985          -14.4            5.2
    2452879.918           31.1            4.2
    2452880.947           23.2            5.0
    2452898.911           28.3            4.7
    2452900.928          -10.1            4.8
    2452932.839           -8.9            4.3
    2452934.804           26.3            4.6
    2452963.753          -11.3            5.2
    2452965.809            4.4            5.4
     2453022.63           18.3            5.6
     2453208.01            3.3            3.8
    2453209.978           -1.0            3.7
    2453214.961          -20.0            4.2
    2453231.961            7.8            4.0
    2453233.909          -24.1            3.9
     2453235.96            9.6            4.2
    2453265.899           -1.2            3.8
    2453268.919           14.0            4.0
     2453269.81          -14.6            3.5
    2453286.828           16.0            3.8
    2453324.713            2.3            5.5
    2453354.654           23.2            3.8
    2453400.642           -7.3            7.5
    2453550.983           29.3            4.4
    2453578.964           -8.4            4.6
    2453613.923           19.4            4.2
    2453654.771            7.2            4.1
    2453701.724          -19.3            4.6
    2453740.745          -11.8            4.7
    2453911.993           -8.1            3.6
    2453917.013           -6.3            3.9
    2453934.974           -5.9            3.9
    2453968.925            7.6            3.2
    2453981.851           29.5            3.8
    2453985.899          -21.4            4.0
    2454055.755           28.1            3.9
    2454297.975          -11.5            4.1
    2454300.974            8.9            4.0
    2454314.939           19.6            3.6
    2454318.981           -9.3            4.2
    2454344.859           14.5            4.3
    2454348.917           -7.6            4.0
    2454391.887          -16.8            5.4
    2454394.775           30.8            4.2
    2454418.777            4.9            4.5
    2454420.763           15.4            4.2
    2454440.653           -7.5            3.4
    2454443.651           20.6            3.6
    2454481.638           18.4            3.9
    2454503.651          -16.0            4.3
    2454645.984           17.7            4.5
    2454646.968           15.2            4.2
    2454668.009          -14.6            3.7
    2454681.904            1.8            3.8
     2454683.97           14.9            3.8
    2454711.893          -20.3            4.1
    2454713.873           11.0            4.2
    2454715.882           22.1            4.6
    2454716.875            5.6            4.1
    2454753.885           17.6            3.6
     2454755.85           -9.2            3.8
    2454777.733            3.9            4.1
    2454806.796            7.0            5.5
     2454808.77           28.9            4.3
    2454809.763           12.9            6.1
    2455026.973            1.1            5.7
    2455063.965           -8.9            5.0
    2455099.996          -13.2            4.9
    2455116.856            4.1            6.8
    2455154.739          -13.6            7.6
    2455174.788          -10.3            5.8
    2455364.972           -8.0            5.0
    2455419.012           -3.9            4.7
    2455446.847           12.9            3.6
    2455446.856           11.8            3.1
    2455463.833           -6.3            5.2
    2455466.842           14.3            4.8
    2455569.653           -2.9            4.1
    2455571.713           30.0            4.6
    2455572.671           20.3            4.8
    2455621.621           15.3            4.6
    2455757.974          -14.1            5.0
    2455803.919           13.7            4.3
    2455806.936          -10.2            4.3
    2455828.781           31.7            4.2
    2455831.849           -7.6            5.1
    2455861.842            4.8            4.2
    2455864.796            0.8            4.4
    2455892.745           17.8            4.9
