    2451745.994           -7.7            4.3
    2451778.895            5.6            3.7
    2451808.867           13.8            3.6
    2451853.766           -2.6            4.1
    2451856.801           -8.4            4.6
    2451898.637           -4.4            8.0
    2451932.609           14.4            3.9
    2452163.861            8.6            4.9
    2452175.851            3.0            4.0
    2452307.598           -0.0            4.5
    2452465.989           -0.2            5.3
    2452483.985           11.9            5.0
    2452494.987            5.6            5.0
    2452517.936           -2.3            5.2
     2452528.91            5.2            5.2
     2452530.91           -6.3            4.5
    2452541.904           12.4            4.5
    2452543.883           -7.7            5.0
    2452559.914           -9.4            6.4
    2452561.795            4.4            8.4
    2452571.791           -9.2            5.0
     2452589.81            9.8            5.7
    2452603.782            0.7            4.9
    2452605.724           19.1            4.8
    2452616.772            4.3            5.9
    2452665.604            7.9            4.2
    2452668.611           -7.7            5.3
    2452837.972            3.5            5.4
    2452861.963           -0.7            4.1
    2452863.985            1.3            5.2
    2452879.918            4.7            4.2
    2452880.947           15.5            5.0
    2452898.911            1.5            4.7
    2452900.928            5.3            4.8
    2452932.839            6.2            4.3
    2452934.804           -0.8            4.6
    2452963.753            8.3            5.2
    2452965.809            9.6            5.4
     2453022.63            3.4            5.6
     2453208.01           -4.9            3.8
    2453209.978          -12.3            3.7
    2453214.961           15.9            4.2
    2453231.961            9.5            4.0
    2453233.909           -9.5            3.9
     2453235.96           -5.0            4.2
    2453265.899           -2.2            3.8
    2453268.919           19.0            4.0
     2453269.81           12.7            3.5
    2453286.828            2.6            3.8
    2453324.713           20.2            5.5
    2453354.654            5.1            3.8
    2453400.642            0.3            7.5
    2453550.983            7.8            4.4
    2453578.964            6.3            4.6
    2453613.923            6.9            4.2
    2453654.771           10.6            4.1
    2453701.724            1.2            4.6
    2453740.745           -2.6            4.7
    2453911.993          -13.7            3.6
    2453917.013           11.4            3.9
    2453934.974           10.8            3.9
    2453968.925           -3.3            3.2
    2453981.851           -1.2            3.8
    2453985.899           22.0            4.0
    2454055.755            9.8            3.9
    2454297.975            2.4            4.1
    2454300.974            4.9            4.0
    2454314.939           -2.8            3.6
    2454318.981            6.0            4.2
    2454344.859           11.6            4.3
    2454348.917            8.9            4.0
    2454391.887           -1.9            5.4
    2454394.775           -7.7            4.2
    2454418.777           -2.3            4.5
    2454420.763            1.2            4.2
    2454440.653           12.9            3.4
    2454443.651            9.2            3.6
    2454481.638           14.5            3.9
    2454503.651           -4.6            4.3
    2454645.984            2.0            4.5
    2454646.968            5.0            4.2
    2454668.009           -5.4            3.7
    2454681.904           -8.7            3.8
     2454683.97           -3.9            3.8
    2454711.893           -0.4            4.1
    2454713.873            2.6            4.2
    2454715.882           19.4            4.6
    2454716.875           20.7            4.1
    2454753.885            1.0            3.6
     2454755.85           17.0            3.8
    2454777.733           -9.8            4.1
    2454806.796           -3.1            5.5
     2454808.77           11.7            4.3
    2454809.763           11.0            6.1
    2455026.973            6.4            5.7
    2455063.965           15.5            5.0
    2455099.996           11.1            4.9
    2455116.856           12.5            6.8
    2455154.739            6.3            7.6
    2455174.788            9.8            5.8
    2455364.972            7.5            5.0
    2455419.012           21.7            4.7
    2455446.847           17.0            3.6
    2455446.856           16.9            3.1
    2455463.833            5.9            5.2
    2455466.842            0.0            4.8
    2455569.653           14.6            4.1
    2455571.713            4.4            4.6
    2455572.671            1.4            4.8
    2455621.621           14.3            4.6
    2455757.974            4.7            5.0
    2455803.919           -2.0            4.3
    2455806.936           12.5            4.3
    2455828.781           -7.3            4.2
    2455831.849            2.6            5.1
    2455861.842           20.0            4.2
    2455864.796            9.9            4.4
    2455892.745            5.6            4.9
