    2451745.994           -9.5            4.3
    2451778.895            1.9            3.7
    2451808.867           10.3            3.6
    2451853.766            5.4            4.1
    2451856.801          -10.5            4.6
    2451898.637            9.1            8.0
    2451932.609            3.6            3.9
    2452163.861           10.5            4.9
    2452175.851            8.1            4.0
    2452307.598           -5.8            4.5
    2452465.989            4.8            5.3
    2452483.985            8.4            5.0
    2452494.987           12.5            5.0
    2452517.936           18.5            5.2
     2452528.91           -1.0            5.2
     2452530.91           -2.5            4.5
    2452541.904           -2.1            4.5
    2452543.883           12.3            5.0
    2452559.914            2.6            6.4
    2452561.795            4.9            8.4
    2452571.791           -1.3            5.0
     2452589.81            8.3            5.7
    2452603.782            8.4            4.9
    2452605.724           13.7            4.8
    2452616.772           12.2            5.9
    2452665.604            6.8            4.2
    2452668.611            3.0            5.3
    2452837.972            6.4            5.4
    2452861.963           11.4            4.1
    2452863.985            9.0            5.2
    2452879.918            2.2            4.2
    2452880.947           -3.6            5.0
    2452898.911           15.4            4.7
    2452900.928            8.2            4.8
    2452932.839           -1.4            4.3
    2452934.804           -4.9            4.6
    2452963.753           10.1            5.2
    2452965.809           -2.1            5.4
     2453022.63           -6.5            5.6
     2453208.01           11.5            3.8
    2453209.978           -4.4            3.7
    2453214.961           12.3            4.2
    2453231.961          -12.1            4.0
    2453233.909            8.0            3.9
     2453235.96          -12.5            4.2
    2453265.899           -0.6            3.8
    2453268.919            7.0            4.0
     2453269.81           -1.3            3.5
    2453286.828            3.4            3.8
    2453324.713            9.4            5.5
    2453354.654           -0.7            3.8
    2453400.642            7.1            7.5
    2453550.983           16.5            4.4
    2453578.964           -5.4            4.6
    2453613.923            0.4            4.2
    2453654.771           -5.5            4.1
    2453701.724            2.7            4.6
    2453740.745            7.2            4.7
    2453911.993            5.5            3.6
    2453917.013           -6.5            3.9
    2453934.974            8.1            3.9
    2453968.925            5.7            3.2
    2453981.851            0.1            3.8
    2453985.899           -2.4            4.0
    2454055.755            3.8            3.9
    2454297.975           -9.2            4.1
    2454300.974           13.6            4.0
    2454314.939           -3.6            3.6
    2454318.981           -1.8            4.2
    2454344.859           -5.5            4.3
    2454348.917           -5.5            4.0
    2454391.887            3.8            5.4
    2454394.775            3.0            4.2
    2454418.777           -1.5            4.5
    2454420.763           -0.9            4.2
    2454440.653           10.1            3.4
    2454443.651          -12.8            3.6
    2454481.638            6.0            3.9
    2454503.651            2.7            4.3
    2454645.984            4.6            4.5
    2454646.968            8.5            4.2
    2454668.009           11.5            3.7
    2454681.904           11.5            3.8
     2454683.97           -1.9            3.8
    2454711.893           12.6            4.1
    2454713.873           -3.9            4.2
    2454715.882           12.4            4.6
    2454716.875            3.6            4.1
    2454753.885           14.3            3.6
     2454755.85           -3.9            3.8
    2454777.733           -2.2            4.1
    2454806.796           11.0            5.5
     2454808.77           -3.3            4.3
    2454809.763           10.0            6.1
    2455026.973            8.7            5.7
    2455063.965            8.6            5.0
    2455099.996           -6.1            4.9
    2455116.856            9.5            6.8
    2455154.739            1.6            7.6
    2455174.788           13.5            5.8
    2455364.972           11.4            5.0
    2455419.012            2.5            4.7
    2455446.847           11.4            3.6
    2455446.856           10.8            3.1
    2455463.833            4.8            5.2
    2455466.842           -2.3            4.8
    2455569.653            7.6            4.1
    2455571.713           -1.0            4.6
    2455572.671            9.7            4.8
    2455621.621            4.7            4.6
    2455757.974           -4.8            5.0
    2455803.919            5.9            4.3
    2455806.936           -3.2            4.3
    2455828.781           19.0            4.2
    2455831.849            0.7            5.1
    2455861.842           -5.9            4.2
    2455864.796           -1.6            4.4
    2455892.745            6.7            4.9
