    2451745.994           10.7            4.3
    2451778.895            1.5            3.7
    2451808.867            8.2            3.6
    2451853.766            5.5            4.1
    2451856.801            8.9            4.6
    2451898.637           10.3            8.0
    2451932.609            2.2            3.9
    2452163.861            1.7            4.9
    2452175.851           -1.1            4.0
    2452307.598           -0.3            4.5
    2452465.989            1.0            5.3
    2452483.985           -4.5            5.0
    2452494.987           -6.5            5.0
    2452517.936           -1.4            5.2
     2452528.91            2.7            5.2
     2452530.91            9.7            4.5
    2452541.904           -1.8            4.5
    2452543.883            0.3            5.0
    2452559.914            3.5            6.4
    2452561.795           16.7            8.4
    2452571.791            2.7            5.0
     2452589.81            9.1            5.7
    2452603.782           10.7            4.9
    2452605.724           -1.0            4.8
    2452616.772            2.8            5.9
    2452665.604           12.6            4.2
    2452668.611            9.6            5.3
    2452837.972           -3.7            5.4
    2452861.963           -4.4            4.1
    2452863.985            8.2            5.2
    2452879.918            2.6            4.2
    2452880.947           15.4            5.0
    2452898.911            3.4            4.7
    2452900.928           -0.8            4.8
    2452932.839            6.6            4.3
    2452934.804            5.1            4.6
    2452963.753           12.1            5.2
    2452965.809            6.8            5.4
     2453022.63           10.3            5.6
     2453208.01            5.3            3.8
    2453209.978            3.3            3.7
    2453214.961           13.2            4.2
    2453231.961           15.1            4.0
    2453233.909            6.7            3.9
     2453235.96           11.7            4.2
    2453265.899            1.7            3.8
    2453268.919            0.9            4.0
     2453269.81            3.2            3.5
    2453286.828           11.3            3.8
    2453324.713            1.3            5.5
    2453354.654            0.7            3.8
    2453400.642            6.3            7.5
    2453550.983            4.1            4.4
    2453578.964            9.2            4.6
    2453613.923            5.6            4.2
    2453654.771            6.1            4.1
    2453701.724           -4.2            4.6
    2453740.745            2.7            4.7
    2453911.993            6.0            3.6
    2453917.013           -7.0            3.9
    2453934.974           -0.6            3.9
    2453968.925           -3.2            3.2
    2453981.851            1.7            3.8
    2453985.899            4.8            4.0
    2454055.755            0.4            3.9
    2454297.975            2.2            4.1
    2454300.974            8.8            4.0
    2454314.939           10.9            3.6
    2454318.981            4.3            4.2
    2454344.859           -0.2            4.3
    2454348.917            0.3            4.0
    2454391.887            4.3            5.4
    2454394.775            4.4            4.2
    2454418.777            5.3            4.5
    2454420.763            2.2            4.2
    2454440.653            3.8            3.4
    2454443.651            5.6            3.6
    2454481.638            8.7            3.9
    2454503.651            2.9            4.3
    2454645.984           -3.8            4.5
    2454646.968            6.8            4.2
    2454668.009            9.2            3.7
    2454681.904            4.9            3.8
     2454683.97            3.1            3.8
    2454711.893           -2.9            4.1
    2454713.873            9.5            4.2
    2454715.882           -0.7            4.6
    2454716.875           11.1            4.1
    2454753.885            1.7            3.6
     2454755.85            5.3            3.8
    2454777.733           -0.2            4.1
    2454806.796           12.4            5.5
     2454808.77           -5.5            4.3
    2454809.763            0.8            6.1
    2455026.973            2.0            5.7
    2455063.965           14.5            5.0
    2455099.996            6.6            4.9
    2455116.856            4.9            6.8
    2455154.739            8.3            7.6
    2455174.788           12.4            5.8
    2455364.972            6.1            5.0
    2455419.012            9.8            4.7
    2455446.847            5.9            3.6
    2455446.856            5.3            3.1
    2455463.833            0.7            5.2
    2455466.842           12.4            4.8
    2455569.653            1.4            4.1
    2455571.713            2.6            4.6
    2455572.671           -4.5            4.8
    2455621.621            1.0            4.6
    2455757.974            2.9            5.0
    2455803.919            9.9            4.3
    2455806.936            5.0            4.3
    2455828.781           -1.2            4.2
    2455831.849            1.8            5.1
    2455861.842           15.6            4.2
    2455864.796            0.9            4.4
    2455892.745            5.2            4.9
