    2451745.994            8.4            4.3
    2451778.895           -0.2            3.7
    2451808.867            0.2            3.6
    2451853.766           -0.0            4.1
    2451856.801            0.5            4.6
    2451898.637            5.0            8.0
    2451932.609            3.2            3.9
    2452163.861            3.3            4.9
    2452175.851            4.9            4.0
    2452307.598            3.8            4.5
    2452465.989            6.9            5.3
    2452483.985            1.0            5.0
    2452494.987            9.0            5.0
    2452517.936            9.4            5.2
     2452528.91            1.2            5.2
     2452530.91           -0.6            4.5
    2452541.904            9.1            4.5
    2452543.883            8.9            5.0
    2452559.914            4.7            6.4
    2452561.795            9.5            8.4
    2452571.791            6.3            5.0
     2452589.81           10.4            5.7
    2452603.782            1.0            4.9
    2452605.724            0.5            4.8
    2452616.772           10.9            5.9
    2452665.604            9.0            4.2
    2452668.611            6.6            5.3
    2452837.972            7.1            5.4
    2452861.963            6.2            4.1
    2452863.985            4.1            5.2
    2452879.918            8.4            4.2
    2452880.947           10.1            5.0
    2452898.911            2.9            4.7
    2452900.928            6.3            4.8
    2452932.839            7.2            4.3
    2452934.804            5.9            4.6
    2452963.753            2.1            5.2
    2452965.809            1.3            5.4
     2453022.63            7.4            5.6
     2453208.01           -0.1            3.8
    2453209.978           -0.5            3.7
    2453214.961            5.7            4.2
    2453231.961           -1.1            4.0
    2453233.909           -0.4            3.9
     2453235.96            2.1            4.2
    2453265.899            6.9            3.8
    2453268.919            8.6            4.0
     2453269.81            8.3            3.5
    2453286.828            3.5            3.8
    2453324.713            3.8            5.5
    2453354.654            0.1            3.8
    2453400.642            3.0            7.5
    2453550.983            2.0            4.4
    2453578.964            6.4            4.6
    2453613.923            2.8            4.2
    2453654.771            8.4            4.1
    2453701.724            9.1            4.6
    2453740.745           -0.2            4.7
    2453911.993           -0.1            3.6
    2453917.013            6.3            3.9
    2453934.974           -0.9            3.9
    2453968.925            7.0            3.2
    2453981.851           -1.1            3.8
    2453985.899            2.2            4.0
    2454055.755            0.2            3.9
    2454297.975            0.3            4.1
    2454300.974            2.4            4.0
    2454314.939            2.9            3.6
    2454318.981            0.4            4.2
    2454344.859           -0.8            4.3
    2454348.917            2.3            4.0
    2454391.887            0.7            5.4
    2454394.775            0.1            4.2
    2454418.777            0.5            4.5
    2454420.763            0.8            4.2
    2454440.653           -1.5            3.4
    2454443.651           -0.0            3.6
    2454481.638            6.2            3.9
    2454503.651            7.8            4.3
    2454645.984            9.5            4.5
    2454646.968            9.4            4.2
    2454668.009            7.5            3.7
    2454681.904            0.1            3.8
     2454683.97           -1.1            3.8
    2454711.893            1.9            4.1
    2454713.873            4.5            4.2
    2454715.882            8.0            4.6
    2454716.875            8.2            4.1
    2454753.885           -1.0            3.6
     2454755.85           -0.9            3.8
    2454777.733            0.7            4.1
    2454806.796            2.7            5.5
     2454808.77            2.4            4.3
    2454809.763            5.0            6.1
    2455026.973            4.7            5.7
    2455063.965            5.7            5.0
    2455099.996            4.7            4.9
    2455116.856            2.2            6.8
    2455154.739           12.7            7.6
    2455174.788            8.7            5.8
    2455364.972            3.1            5.0
    2455419.012            9.3            4.7
    2455446.847            8.0            3.6
    2455446.856            7.5            3.1
    2455463.833            5.6            5.2
    2455466.842            9.3            4.8
    2455569.653            6.7            4.1
    2455571.713            5.2            4.6
    2455572.671            3.8            4.8
    2455621.621            2.8            4.6
    2455757.974            9.9            5.0
    2455803.919            6.3            4.3
    2455806.936            9.4            4.3
    2455828.781            8.0            4.2
    2455831.849            9.0            5.1
    2455861.842            4.7            4.2
    2455864.796            1.2            4.4
    2455892.745            0.2            4.9
