    2451745.994            7.7            4.3
    2451778.895            0.4            3.7
    2451808.867            4.4            3.6
    2451853.766           14.2            4.1
    2451856.801           12.6            4.6
    2451898.637            9.3            8.0
    2451932.609           16.7            3.9
    2452163.861            6.2            4.9
    2452175.851           15.4            4.0
    2452307.598           -1.6            4.5
    2452465.989            5.3            5.3
    2452483.985           -2.5            5.0
    2452494.987            6.9            5.0
    2452517.936           13.8            5.2
     2452528.91            6.1            5.2
     2452530.91            5.2            4.5
    2452541.904           -0.0            4.5
    2452543.883           -4.5            5.0
    2452559.914           -1.2            6.4
    2452561.795           12.8            8.4
    2452571.791           -0.2            5.0
     2452589.81            8.4            5.7
    2452603.782           -2.6            4.9
    2452605.724           11.9            4.8
    2452616.772            2.6            5.9
    2452665.604           13.6            4.2
    2452668.611            4.3            5.3
    2452837.972            0.4            5.4
    2452861.963            9.8            4.1
    2452863.985           -3.4            5.2
    2452879.918            4.7            4.2
    2452880.947           10.9            5.0
    2452898.911            6.0            4.7
    2452900.928           -0.1            4.8
    2452932.839           -7.0            4.3
    2452934.804           10.4            4.6
    2452963.753           -0.3            5.2
    2452965.809           13.5            5.4
     2453022.63           10.0            5.6
     2453208.01           -5.5            3.8
    2453209.978            9.9            3.7
    2453214.961            3.6            4.2
    2453231.961           12.3            4.0
    2453233.909            1.9            3.9
     2453235.96           -7.1            4.2
    2453265.899            6.6            3.8
    2453268.919            8.2            4.0
     2453269.81            8.8            3.5
    2453286.828           -5.2            3.8
    2453324.713           -1.5            5.5
    2453354.654           10.3            3.8
    2453400.642           -6.2            7.5
    2453550.983           14.3            4.4
    2453578.964            8.3            4.6
    2453613.923            8.4            4.2
    2453654.771            8.1            4.1
    2453701.724            6.9            4.6
    2453740.745            3.5            4.7
    2453911.993            5.7            3.6
    2453917.013            4.8            3.9
    2453934.974           -5.2            3.9
    2453968.925           -3.6            3.2
    2453981.851           -2.1            3.8
    2453985.899           -2.9            4.0
    2454055.755            7.9            3.9
    2454297.975           -5.0            4.1
    2454300.974            1.3            4.0
    2454314.939           11.2            3.6
    2454318.981            8.6            4.2
    2454344.859           -0.4            4.3
    2454348.917            0.6            4.0
    2454391.887            8.3            5.4
    2454394.775            7.6            4.2
    2454418.777            4.4            4.5
    2454420.763            0.2            4.2
    2454440.653            0.3            3.4
    2454443.651           -3.6            3.6
    2454481.638           -2.6            3.9
    2454503.651           -7.5            4.3
    2454645.984           -1.0            4.5
    2454646.968            7.0            4.2
    2454668.009           -7.0            3.7
    2454681.904           11.0            3.8
     2454683.97            1.4            3.8
    2454711.893           -2.1            4.1
    2454713.873            8.5            4.2
    2454715.882           -0.6            4.6
    2454716.875            5.8            4.1
    2454753.885            7.2            3.6
     2454755.85           -2.6            3.8
    2454777.733           -2.9            4.1
    2454806.796           -2.4            5.5
     2454808.77           10.2            4.3
    2454809.763            0.8            6.1
    2455026.973            9.2            5.7
    2455063.965           16.2            5.0
    2455099.996            2.3            4.9
    2455116.856           -3.5            6.8
    2455154.739           -1.0            7.6
    2455174.788           12.2            5.8
    2455364.972           10.7            5.0
    2455419.012            4.1            4.7
    2455446.847            7.4            3.6
    2455446.856            6.8            3.1
    2455463.833            2.4            5.2
    2455466.842           -0.1            4.8
    2455569.653           13.3            4.1
    2455571.713           -1.7            4.6
    2455572.671            7.4            4.8
    2455621.621           -3.5            4.6
    2455757.974            0.7            5.0
    2455803.919           13.6            4.3
    2455806.936           13.4            4.3
    2455828.781            7.2            4.2
    2455831.849            9.7            5.1
    2455861.842            0.9            4.2
    2455864.796           -0.6            4.4
    2455892.745           13.3            4.9
