    2451745.994            4.0            4.3
    2451778.895            6.3            3.7
    2451808.867            0.1            3.6
    2451853.766            9.5            4.1
    2451856.801            1.9            4.6
    2451898.637           12.5            8.0
    2451932.609           12.0            3.9
    2452163.861            6.5            4.9
    2452175.851            8.1            4.0
    2452307.598            4.7            4.5
    2452465.989            9.3            5.3
    2452483.985           -7.2            5.0
    2452494.987            5.0            5.0
    2452517.936            5.6            5.2
     2452528.91            4.9            5.2
     2452530.91            6.0            4.5
    2452541.904           -3.2            4.5
    2452543.883           10.6            5.0
    2452559.914            9.2            6.4
    2452561.795           14.6            8.4
    2452571.791            2.8            5.0
     2452589.81           15.7            5.7
    2452603.782           13.6            4.9
    2452605.724            7.9            4.8
    2452616.772           -1.1            5.9
    2452665.604            3.4            4.2
    2452668.611            4.0            5.3
    2452837.972            3.0            5.4
    2452861.963           13.1            4.1
    2452863.985            2.0            5.2
    2452879.918            5.7            4.2
    2452880.947            7.6            5.0
    2452898.911           -1.6            4.7
    2452900.928            4.6            4.8
    2452932.839            4.1            4.3
    2452934.804            6.2            4.6
    2452963.753            1.9            5.2
    2452965.809           -8.9            5.4
     2453022.63           14.8            5.6
     2453208.01            0.5            3.8
    2453209.978           15.1            3.7
    2453214.961           10.0            4.2
    2453231.961            2.6            4.0
    2453233.909          -11.3            3.9
     2453235.96            2.6            4.2
    2453265.899           -0.7            3.8
    2453268.919            6.4            4.0
     2453269.81           13.0            3.5
    2453286.828            6.6            3.8
    2453324.713           -4.8            5.5
    2453354.654           -0.4            3.8
    2453400.642           11.3            7.5
    2453550.983           -1.2            4.4
    2453578.964            2.2            4.6
    2453613.923           -0.9            4.2
    2453654.771           14.2            4.1
    2453701.724           -1.1            4.6
    2453740.745            5.1            4.7
    2453911.993           -6.6            3.6
    2453917.013           -2.5            3.9
    2453934.974            8.0            3.9
    2453968.925            9.2            3.2
    2453981.851            1.5            3.8
    2453985.899           12.2            4.0
    2454055.755           10.5            3.9
    2454297.975           -5.1            4.1
    2454300.974           -5.9            4.0
    2454314.939           -7.0            3.6
    2454318.981            4.7            4.2
    2454344.859           -0.2            4.3
    2454348.917           11.2            4.0
    2454391.887            8.8            5.4
    2454394.775            5.7            4.2
    2454418.777            1.2            4.5
    2454420.763            7.8            4.2
    2454440.653           -5.5            3.4
    2454443.651           -5.7            3.6
    2454481.638            0.6            3.9
    2454503.651           -8.0            4.3
    2454645.984           -4.2            4.5
    2454646.968           17.0            4.2
    2454668.009           19.7            3.7
    2454681.904            8.5            3.8
     2454683.97            7.6            3.8
    2454711.893           -0.4            4.1
    2454713.873            7.7            4.2
    2454715.882           -2.2            4.6
    2454716.875            5.8            4.1
    2454753.885           -0.3            3.6
     2454755.85           -0.8            3.8
    2454777.733           17.7            4.1
    2454806.796            8.6            5.5
     2454808.77           -7.9            4.3
    2454809.763            6.6            6.1
    2455026.973            7.9            5.7
    2455063.965            6.9            5.0
    2455099.996            6.8            4.9
    2455116.856            6.2            6.8
    2455154.739           11.7            7.6
    2455174.788            9.1            5.8
    2455364.972           17.4            5.0
    2455419.012            6.5            4.7
    2455446.847            7.2            3.6
    2455446.856            6.7            3.1
    2455463.833            3.2            5.2
    2455466.842           -1.5            4.8
    2455569.653           16.6            4.1
    2455571.713            6.8            4.6
    2455572.671           11.0            4.8
    2455621.621           -2.9            4.6
    2455757.974            9.0            5.0
    2455803.919           -0.8            4.3
    2455806.936            4.6            4.3
    2455828.781           12.2            4.2
    2455831.849           -2.0            5.1
    2455861.842            3.9            4.2
    2455864.796          -12.4            4.4
    2455892.745            8.0            4.9
