    2451745.994          -21.7            4.3
    2451778.895            6.0            3.7
    2451808.867          -16.0            3.6
    2451853.766          -19.7            4.1
    2451856.801           14.1            4.6
    2451898.637           27.3            8.0
    2451932.609            7.6            3.9
    2452163.861          -14.0            4.9
    2452175.851           11.7            4.0
    2452307.598           17.1            4.5
    2452465.989           18.3            5.3
    2452483.985           19.8            5.0
    2452494.987            6.8            5.0
    2452517.936           39.5            5.2
     2452528.91            2.9            5.2
     2452530.91           -3.5            4.5
    2452541.904           11.2            4.5
    2452543.883           -0.4            5.0
    2452559.914           23.1            6.4
    2452561.795          -12.7            8.4
    2452571.791           -4.9            5.0
     2452589.81           34.8            5.7
    2452603.782           -7.3            4.9
    2452605.724            3.2            4.8
    2452616.772           50.3            5.9
    2452665.604            8.4            4.2
    2452668.611           -6.1            5.3
    2452837.972          -23.4            5.4
    2452861.963            0.4            4.1
    2452863.985           17.5            5.2
    2452879.918           -5.8            4.2
    2452880.947           -0.2            5.0
    2452898.911           -6.1            4.7
    2452900.928            1.2            4.8
    2452932.839            4.7            4.3
    2452934.804          -24.4            4.6
    2452963.753           19.3            5.2
    2452965.809           21.5            5.4
     2453022.63           10.6            5.6
     2453208.01          -17.4            3.8
    2453209.978            2.5            3.7
    2453214.961           -5.7            4.2
    2453231.961           18.2            4.0
    2453233.909           32.3            3.9
     2453235.96            4.5            4.2
    2453265.899           11.1            3.8
    2453268.919          -19.2            4.0
     2453269.81           39.1            3.5
    2453286.828            0.9            3.8
    2453324.713           30.1            5.5
    2453354.654           -2.0            3.8
    2453400.642            0.1            7.5
    2453550.983           19.7            4.4
    2453578.964           10.5            4.6
    2453613.923           25.2            4.2
    2453654.771            1.7            4.1
    2453701.724          -25.0            4.6
    2453740.745            0.9            4.7
    2453911.993           -2.8            3.6
    2453917.013           20.6            3.9
    2453934.974            0.2            3.9
    2453968.925           31.5            3.2
    2453981.851            9.0            3.8
    2453985.899           20.3            4.0
    2454055.755           19.2            3.9
    2454297.975          -24.8            4.1
    2454300.974           12.2            4.0
    2454314.939            2.3            3.6
    2454318.981          -40.0            4.2
    2454344.859           37.2            4.3
    2454348.917           -4.2            4.0
    2454391.887          -13.3            5.4
    2454394.775          -22.6            4.2
    2454418.777            7.0            4.5
    2454420.763           19.6            4.2
    2454440.653           -5.9            3.4
    2454443.651           28.0            3.6
    2454481.638           11.8            3.9
    2454503.651          -12.2            4.3
    2454645.984           30.9            4.5
    2454646.968            7.5            4.2
    2454668.009          -10.3            3.7
    2454681.904           14.9            3.8
     2454683.97           -8.2            3.8
    2454711.893            9.7            4.1
    2454713.873          -21.9            4.2
    2454715.882          -12.2            4.6
    2454716.875           13.5            4.1
    2454753.885           12.5            3.6
     2454755.85          -19.8            3.8
    2454777.733           29.8            4.1
    2454806.796           -5.9            5.5
     2454808.77           17.2            4.3
    2454809.763           -7.9            6.1
    2455026.973           -6.5            5.7
    2455063.965           25.3            5.0
    2455099.996            8.2            4.9
    2455116.856          -35.4            6.8
    2455154.739           -1.5            7.6
    2455174.788           23.5            5.8
    2455364.972            9.5            5.0
    2455419.012           -6.4            4.7
    2455446.847           11.9            3.6
    2455446.856           11.6            3.1
    2455463.833            1.6            5.2
    2455466.842           22.7            4.8
    2455569.653           32.0            4.1
    2455571.713            9.8            4.6
    2455572.671            4.2            4.8
    2455621.621           28.3            4.6
    2455757.974           -0.9            5.0
    2455803.919          -17.6            4.3
    2455806.936            4.7            4.3
    2455828.781           -2.2            4.2
    2455831.849           31.5            5.1
    2455861.842           28.0            4.2
    2455864.796            8.5            4.4
    2455892.745           35.0            4.9
