    2451745.994           10.7            4.3
    2451778.895           11.1            3.7
    2451808.867            9.0            3.6
    2451853.766           -4.4            4.1
    2451856.801            5.9            4.6
    2451898.637           11.6            8.0
    2451932.609            3.9            3.9
    2452163.861           10.3            4.9
    2452175.851            8.1            4.0
    2452307.598           -5.2            4.5
    2452465.989            2.0            5.3
    2452483.985            1.3            5.0
    2452494.987            8.0            5.0
    2452517.936            5.9            5.2
     2452528.91            6.1            5.2
     2452530.91           -0.5            4.5
    2452541.904           10.4            4.5
    2452543.883           11.1            5.0
    2452559.914           -2.0            6.4
    2452561.795            7.3            8.4
    2452571.791            4.5            5.0
     2452589.81           16.0            5.7
    2452603.782           -1.9            4.9
    2452605.724           -8.0            4.8
    2452616.772            0.3            5.9
    2452665.604            4.2            4.2
    2452668.611           -0.3            5.3
    2452837.972           10.3            5.4
    2452861.963            8.7            4.1
    2452863.985           10.9            5.2
    2452879.918            4.9            4.2
    2452880.947            0.1            5.0
    2452898.911           11.2            4.7
    2452900.928            8.8            4.8
    2452932.839           -4.0            4.3
    2452934.804            1.3            4.6
    2452963.753           -7.6            5.2
    2452965.809           -3.7            5.4
     2453022.63            6.4            5.6
     2453208.01           -6.5            3.8
    2453209.978            0.4            3.7
    2453214.961            3.0            4.2
    2453231.961            7.7            4.0
    2453233.909           -2.0            3.9
     2453235.96           -5.8            4.2
    2453265.899            7.0            3.8
    2453268.919           -8.4            4.0
     2453269.81            2.2            3.5
    2453286.828           10.3            3.8
    2453324.713            5.7            5.5
    2453354.654            6.3            3.8
    2453400.642           17.3            7.5
    2453550.983           15.2            4.4
    2453578.964            7.3            4.6
    2453613.923            7.7            4.2
    2453654.771            2.5            4.1
    2453701.724           -1.3            4.6
    2453740.745           13.3            4.7
    2453911.993           -4.2            3.6
    2453917.013            3.1            3.9
    2453934.974            8.0            3.9
    2453968.925            3.2            3.2
    2453981.851            9.7            3.8
    2453985.899           -3.4            4.0
    2454055.755            3.7            3.9
    2454297.975            2.5            4.1
    2454300.974           10.2            4.0
    2454314.939           -4.6            3.6
    2454318.981            7.1            4.2
    2454344.859            6.0            4.3
    2454348.917            4.9            4.0
    2454391.887            5.6            5.4
    2454394.775           18.5            4.2
    2454418.777            7.7            4.5
    2454420.763           12.1            4.2
    2454440.653            7.4            3.4
    2454443.651           -5.1            3.6
    2454481.638           13.4            3.9
    2454503.651           11.2            4.3
    2454645.984            3.2            4.5
    2454646.968            4.0            4.2
    2454668.009            0.2            3.7
    2454681.904            0.4            3.8
     2454683.97            1.5            3.8
    2454711.893            4.8            4.1
    2454713.873           -2.7            4.2
    2454715.882           -5.3            4.6
    2454716.875            4.2            4.1
    2454753.885           11.0            3.6
     2454755.85           -0.8            3.8
    2454777.733            6.0            4.1
    2454806.796           19.5            5.5
     2454808.77            8.8            4.3
    2454809.763           -4.9            6.1
    2455026.973           11.5            5.7
    2455063.965            8.1            5.0
    2455099.996            0.0            4.9
    2455116.856            2.8            6.8
    2455154.739            7.4            7.6
    2455174.788            8.0            5.8
    2455364.972            7.7            5.0
    2455419.012            9.1            4.7
    2455446.847           -2.9            3.6
    2455446.856           -3.2            3.1
    2455463.833           -1.1            5.2
    2455466.842            0.9            4.8
    2455569.653           13.7            4.1
    2455571.713            7.7            4.6
    2455572.671           -5.7            4.8
    2455621.621            8.1            4.6
    2455757.974            6.3            5.0
    2455803.919           -9.1            4.3
    2455806.936           13.3            4.3
    2455828.781            9.3            4.2
    2455831.849            6.1            5.1
    2455861.842           17.7            4.2
    2455864.796           -1.1            4.4
    2455892.745            9.5            4.9
