    2451745.994            9.1            4.3
    2451778.895            2.5            3.7
    2451808.867            6.6            3.6
    2451853.766           10.8            4.1
    2451856.801            9.4            4.6
    2451898.637            7.7            8.0
    2451932.609           12.4            3.9
    2452163.861            3.2            4.9
    2452175.851           13.7            4.0
    2452307.598           -3.1            4.5
    2452465.989            1.9            5.3
    2452483.985           -2.1            5.0
    2452494.987           15.9            5.0
    2452517.936           -3.7            5.2
     2452528.91           13.7            5.2
     2452530.91            5.5            4.5
    2452541.904            6.4            4.5
    2452543.883            9.7            5.0
    2452559.914           16.6            6.4
    2452561.795           12.9            8.4
    2452571.791            5.7            5.0
     2452589.81           -1.2            5.7
    2452603.782            3.9            4.9
    2452605.724            7.7            4.8
    2452616.772           -1.8            5.9
    2452665.604           -0.5            4.2
    2452668.611            3.8            5.3
    2452837.972            2.3            5.4
    2452861.963           -3.8            4.1
    2452863.985            0.0            5.2
    2452879.918            9.7            4.2
    2452880.947            8.5            5.0
    2452898.911           19.6            4.7
    2452900.928            3.3            4.8
    2452932.839            9.4            4.3
    2452934.804            3.1            4.6
    2452963.753           13.4            5.2
    2452965.809            3.3            5.4
     2453022.63           13.5            5.6
     2453208.01           -1.6            3.8
    2453209.978           -0.5            3.7
    2453214.961           -0.1            4.2
    2453231.961            6.6            4.0
    2453233.909           -1.7            3.9
     2453235.96            9.5            4.2
    2453265.899            3.9            3.8
    2453268.919           10.7            4.0
     2453269.81           10.6            3.5
    2453286.828            1.9            3.8
    2453324.713           -3.0            5.5
    2453354.654            3.3            3.8
    2453400.642           11.3            7.5
    2453550.983            5.7            4.4
    2453578.964            4.3            4.6
    2453613.923           -5.0            4.2
    2453654.771           14.0            4.1
    2453701.724           15.8            4.6
    2453740.745            4.6            4.7
    2453911.993           -3.3            3.6
    2453917.013           -0.8            3.9
    2453934.974            4.2            3.9
    2453968.925            3.2            3.2
    2453981.851            8.8            3.8
    2453985.899            5.8            4.0
    2454055.755           -2.4            3.9
    2454297.975            2.3            4.1
    2454300.974            8.4            4.0
    2454314.939            2.8            3.6
    2454318.981            3.7            4.2
    2454344.859           10.9            4.3
    2454348.917            1.0            4.0
    2454391.887           20.4            5.4
    2454394.775            5.9            4.2
    2454418.777            4.2            4.5
    2454420.763           -8.9            4.2
    2454440.653           -2.1            3.4
    2454443.651           11.2            3.6
    2454481.638            4.9            3.9
    2454503.651           15.2            4.3
    2454645.984            9.3            4.5
    2454646.968           11.6            4.2
    2454668.009            3.1            3.7
    2454681.904           -3.5            3.8
     2454683.97           11.2            3.8
    2454711.893            6.7            4.1
    2454713.873            3.6            4.2
    2454715.882            5.1            4.6
    2454716.875           13.9            4.1
    2454753.885           -5.1            3.6
     2454755.85            9.0            3.8
    2454777.733           12.6            4.1
    2454806.796            0.5            5.5
     2454808.77            8.1            4.3
    2454809.763           14.6            6.1
    2455026.973            1.7            5.7
    2455063.965            5.9            5.0
    2455099.996            1.1            4.9
    2455116.856           14.9            6.8
    2455154.739           12.2            7.6
    2455174.788           10.5            5.8
    2455364.972           -4.3            5.0
    2455419.012            1.8            4.7
    2455446.847           -0.8            3.6
    2455446.856           -1.2            3.1
    2455463.833           -6.8            5.2
    2455466.842            8.8            4.8
    2455569.653            3.9            4.1
    2455571.713           14.9            4.6
    2455572.671            6.8            4.8
    2455621.621           -8.9            4.6
    2455757.974            1.2            5.0
    2455803.919            2.3            4.3
    2455806.936           19.7            4.3
    2455828.781           -2.4            4.2
    2455831.849            4.1            5.1
    2455861.842           -9.8            4.2
    2455864.796            0.3            4.4
    2455892.745            3.3            4.9
