    2451745.994            4.0            4.3
    2451778.895            9.4            3.7
    2451808.867            8.1            3.6
    2451853.766           -4.7            4.1
    2451856.801           -1.8            4.6
    2451898.637           15.6            8.0
    2451932.609            8.4            3.9
    2452163.861            2.3            4.9
    2452175.851           -2.6            4.0
    2452307.598            6.3            4.5
    2452465.989           10.2            5.3
    2452483.985            8.6            5.0
    2452494.987            3.9            5.0
    2452517.936            9.4            5.2
     2452528.91            0.7            5.2
     2452530.91            7.6            4.5
    2452541.904            1.8            4.5
    2452543.883            5.2            5.0
    2452559.914           -1.1            6.4
    2452561.795            9.2            8.4
    2452571.791            2.5            5.0
     2452589.81            1.5            5.7
    2452603.782            7.2            4.9
    2452605.724            1.1            4.8
    2452616.772            7.2            5.9
    2452665.604           11.4            4.2
    2452668.611           11.5            5.3
    2452837.972           11.3            5.4
    2452861.963            8.3            4.1
    2452863.985            2.7            5.2
    2452879.918            4.8            4.2
    2452880.947            9.2            5.0
    2452898.911           12.0            4.7
    2452900.928            3.2            4.8
    2452932.839           10.5            4.3
    2452934.804            1.3            4.6
    2452963.753            9.4            5.2
    2452965.809            3.3            5.4
     2453022.63            8.6            5.6
     2453208.01           -1.9            3.8
    2453209.978            2.2            3.7
    2453214.961            7.0            4.2
    2453231.961            0.4            4.0
    2453233.909            8.4            3.9
     2453235.96            2.8            4.2
    2453265.899           -0.4            3.8
    2453268.919           -0.7            4.0
     2453269.81            3.6            3.5
    2453286.828            5.0            3.8
    2453324.713            0.3            5.5
    2453354.654           -3.6            3.8
    2453400.642            7.0            7.5
    2453550.983            1.3            4.4
    2453578.964            2.8            4.6
    2453613.923            8.7            4.2
    2453654.771            7.4            4.1
    2453701.724            0.8            4.6
    2453740.745            4.4            4.7
    2453911.993            4.5            3.6
    2453917.013           -4.4            3.9
    2453934.974           -0.4            3.9
    2453968.925           -1.7            3.2
    2453981.851            3.0            3.8
    2453985.899           10.7            4.0
    2454055.755            5.4            3.9
    2454297.975           -3.3            4.1
    2454300.974           -2.1            4.0
    2454314.939            6.2            3.6
    2454318.981            0.5            4.2
    2454344.859           10.2            4.3
    2454348.917            5.8            4.0
    2454391.887            6.4            5.4
    2454394.775            6.7            4.2
    2454418.777            7.6            4.5
    2454420.763           -0.4            4.2
    2454440.653            6.8            3.4
    2454443.651            6.2            3.6
    2454481.638           -3.1            3.9
    2454503.651           -2.4            4.3
    2454645.984            8.8            4.5
    2454646.968            1.8            4.2
    2454668.009            5.4            3.7
    2454681.904           -1.7            3.8
     2454683.97           -3.6            3.8
    2454711.893           -3.1            4.1
    2454713.873            4.4            4.2
    2454715.882            2.3            4.6
    2454716.875            5.8            4.1
    2454753.885            9.0            3.6
     2454755.85            7.0            3.8
    2454777.733            8.9            4.1
    2454806.796            1.8            5.5
     2454808.77            9.7            4.3
    2454809.763            5.4            6.1
    2455026.973            8.8            5.7
    2455063.965            5.1            5.0
    2455099.996            5.8            4.9
    2455116.856            3.8            6.8
    2455154.739            6.9            7.6
    2455174.788            7.9            5.8
    2455364.972            5.9            5.0
    2455419.012            2.3            4.7
    2455446.847            4.0            3.6
    2455446.856            3.6            3.1
    2455463.833            2.6            5.2
    2455466.842            2.9            4.8
    2455569.653            6.2            4.1
    2455571.713            0.4            4.6
    2455572.671            6.8            4.8
    2455621.621            4.5            4.6
    2455757.974            8.6            5.0
    2455803.919            3.2            4.3
    2455806.936            2.4            4.3
    2455828.781            0.1            4.2
    2455831.849            1.0            5.1
    2455861.842            5.7            4.2
    2455864.796            7.4            4.4
    2455892.745            8.1            4.9
