    2451745.994           -6.6            4.3
    2451778.895            7.9            3.7
    2451808.867           -4.5            3.6
    2451853.766            8.8            4.1
    2451856.801            2.0            4.6
    2451898.637           13.5            8.0
    2451932.609            9.6            3.9
    2452163.861            4.8            4.9
    2452175.851            1.6            4.0
    2452307.598           -7.3            4.5
    2452465.989           19.7            5.3
    2452483.985           -1.1            5.0
    2452494.987           -3.3            5.0
    2452517.936            3.3            5.2
     2452528.91            6.8            5.2
     2452530.91            6.7            4.5
    2452541.904           -5.8            4.5
    2452543.883          -14.2            5.0
    2452559.914            9.3            6.4
    2452561.795           11.4            8.4
    2452571.791           -2.1            5.0
     2452589.81           -8.2            5.7
    2452603.782           -5.8            4.9
    2452605.724            8.7            4.8
    2452616.772            4.2            5.9
    2452665.604           16.5            4.2
    2452668.611            9.0            5.3
    2452837.972           -0.4            5.4
    2452861.963           14.8            4.1
    2452863.985           -4.4            5.2
    2452879.918           -4.7            4.2
    2452880.947           14.6            5.0
    2452898.911           -8.0            4.7
    2452900.928           -8.2            4.8
    2452932.839            7.9            4.3
    2452934.804            9.3            4.6
    2452963.753            4.8            5.2
    2452965.809            1.9            5.4
     2453022.63           17.9            5.6
     2453208.01            2.0            3.8
    2453209.978           -2.6            3.7
    2453214.961           17.0            4.2
    2453231.961           -8.0            4.0
    2453233.909           -8.1            3.9
     2453235.96            6.6            4.2
    2453265.899            7.4            3.8
    2453268.919           -1.3            4.0
     2453269.81            1.4            3.5
    2453286.828           21.0            3.8
    2453324.713           -1.7            5.5
    2453354.654            0.8            3.8
    2453400.642           13.9            7.5
    2453550.983           17.3            4.4
    2453578.964            1.1            4.6
    2453613.923            1.0            4.2
    2453654.771            8.6            4.1
    2453701.724           16.9            4.6
    2453740.745           -4.4            4.7
    2453911.993            6.9            3.6
    2453917.013           14.4            3.9
    2453934.974          -11.5            3.9
    2453968.925           -5.3            3.2
    2453981.851            1.4            3.8
    2453985.899            6.5            4.0
    2454055.755            1.9            3.9
    2454297.975            8.8            4.1
    2454300.974           -6.1            4.0
    2454314.939          -10.2            3.6
    2454318.981            2.7            4.2
    2454344.859           -1.6            4.3
    2454348.917            4.5            4.0
    2454391.887            0.9            5.4
    2454394.775           16.6            4.2
    2454418.777           -5.2            4.5
    2454420.763            4.3            4.2
    2454440.653           11.4            3.4
    2454443.651            2.4            3.6
    2454481.638            8.1            3.9
    2454503.651           -3.7            4.3
    2454645.984           -9.1            4.5
    2454646.968           -3.2            4.2
    2454668.009            5.9            3.7
    2454681.904            6.2            3.8
     2454683.97           -1.5            3.8
    2454711.893            9.8            4.1
    2454713.873           -3.7            4.2
    2454715.882           -8.6            4.6
    2454716.875            0.1            4.1
    2454753.885           -4.0            3.6
     2454755.85           -1.1            3.8
    2454777.733            7.9            4.1
    2454806.796            3.1            5.5
     2454808.77            0.2            4.3
    2454809.763            6.7            6.1
    2455026.973          -12.1            5.7
    2455063.965            0.4            5.0
    2455099.996           14.2            4.9
    2455116.856            7.7            6.8
    2455154.739           -6.3            7.6
    2455174.788           14.6            5.8
    2455364.972            2.3            5.0
    2455419.012            0.4            4.7
    2455446.847           13.4            3.6
    2455446.856           13.1            3.1
    2455463.833            7.9            5.2
    2455466.842           -5.5            4.8
    2455569.653           -4.9            4.1
    2455571.713           -5.3            4.6
    2455572.671            8.7            4.8
    2455621.621           12.4            4.6
    2455757.974           18.9            5.0
    2455803.919            8.3            4.3
    2455806.936            4.7            4.3
    2455828.781           11.1            4.2
    2455831.849            1.5            5.1
    2455861.842           11.6            4.2
    2455864.796           10.3            4.4
    2455892.745           -6.5            4.9
