    2451745.994            8.6            4.3
    2451778.895           -5.8            3.7
    2451808.867          -11.5            3.6
    2451853.766            3.8            4.1
    2451856.801            4.3            4.6
    2451898.637           -1.2            8.0
    2451932.609           15.0            3.9
    2452163.861            5.7            4.9
    2452175.851            2.1            4.0
    2452307.598           -2.6            4.5
    2452465.989           17.8            5.3
    2452483.985            4.6            5.0
    2452494.987           -0.9            5.0
    2452517.936           -6.6            5.2
     2452528.91           -8.2            5.2
     2452530.91            8.4            4.5
    2452541.904            3.7            4.5
    2452543.883           19.9            5.0
    2452559.914           -5.1            6.4
    2452561.795           11.3            8.4
    2452571.791           -6.3            5.0
     2452589.81            1.4            5.7
    2452603.782            1.3            4.9
    2452605.724           -0.1            4.8
    2452616.772            7.8            5.9
    2452665.604            8.3            4.2
    2452668.611           -2.3            5.3
    2452837.972           21.4            5.4
    2452861.963           10.5            4.1
    2452863.985           -5.2            5.2
    2452879.918           15.8            4.2
    2452880.947           16.3            5.0
    2452898.911            3.3            4.7
    2452900.928            1.6            4.8
    2452932.839            7.3            4.3
    2452934.804           18.7            4.6
    2452963.753            3.1            5.2
    2452965.809            4.8            5.4
     2453022.63           15.3            5.6
     2453208.01            8.8            3.8
    2453209.978           12.3            3.7
    2453214.961            4.0            4.2
    2453231.961           -1.6            4.0
    2453233.909            1.4            3.9
     2453235.96           -5.4            4.2
    2453265.899           -3.9            3.8
    2453268.919            0.9            4.0
     2453269.81            8.8            3.5
    2453286.828            4.4            3.8
    2453324.713           11.3            5.5
    2453354.654            1.2            3.8
    2453400.642            7.8            7.5
    2453550.983            0.5            4.4
    2453578.964            3.7            4.6
    2453613.923           -4.2            4.2
    2453654.771           17.4            4.1
    2453701.724            1.4            4.6
    2453740.745            8.4            4.7
    2453911.993           11.4            3.6
    2453917.013            9.6            3.9
    2453934.974           12.6            3.9
    2453968.925            3.4            3.2
    2453981.851            1.7            3.8
    2453985.899           -6.1            4.0
    2454055.755           16.7            3.9
    2454297.975            3.9            4.1
    2454300.974           -1.5            4.0
    2454314.939            9.5            3.6
    2454318.981            9.9            4.2
    2454344.859            0.1            4.3
    2454348.917           12.4            4.0
    2454391.887           18.0            5.4
    2454394.775            4.4            4.2
    2454418.777           -7.2            4.5
    2454420.763           -4.7            4.2
    2454440.653            3.9            3.4
    2454443.651           -8.4            3.6
    2454481.638           16.7            3.9
    2454503.651            2.7            4.3
    2454645.984            5.4            4.5
    2454646.968           -3.8            4.2
    2454668.009           10.9            3.7
    2454681.904           -7.4            3.8
     2454683.97           -3.9            3.8
    2454711.893            0.6            4.1
    2454713.873           -8.9            4.2
    2454715.882            5.7            4.6
    2454716.875            8.1            4.1
    2454753.885            8.3            3.6
     2454755.85           -3.8            3.8
    2454777.733           -1.9            4.1
    2454806.796           18.9            5.5
     2454808.77            1.9            4.3
    2454809.763           -0.0            6.1
    2455026.973            9.4            5.7
    2455063.965            4.8            5.0
    2455099.996           20.9            4.9
    2455116.856            0.5            6.8
    2455154.739           20.0            7.6
    2455174.788            3.8            5.8
    2455364.972            8.2            5.0
    2455419.012            6.3            4.7
    2455446.847            9.3            3.6
    2455446.856            8.9            3.1
    2455463.833           -4.4            5.2
    2455466.842            7.1            4.8
    2455569.653           11.1            4.1
    2455571.713           -3.2            4.6
    2455572.671           -1.2            4.8
    2455621.621           16.7            4.6
    2455757.974           -6.7            5.0
    2455803.919           -2.4            4.3
    2455806.936           14.1            4.3
    2455828.781            7.3            4.2
    2455831.849           14.9            5.1
    2455861.842           17.5            4.2
    2455864.796           -2.5            4.4
    2455892.745           13.4            4.9
