    2451745.994           -9.6            4.3
    2451778.895            2.1            3.7
    2451808.867           13.5            3.6
    2451853.766           -4.4            4.1
    2451856.801           20.7            4.6
    2451898.637           -2.4            8.0
    2451932.609           12.8            3.9
    2452163.861           14.0            4.9
    2452175.851           23.7            4.0
    2452307.598            2.9            4.5
    2452465.989           18.0            5.3
    2452483.985           -6.6            5.0
    2452494.987            5.5            5.0
    2452517.936           10.6            5.2
     2452528.91           -6.6            5.2
     2452530.91            7.4            4.5
    2452541.904           13.3            4.5
    2452543.883           -2.9            5.0
    2452559.914            1.4            6.4
    2452561.795            9.5            8.4
    2452571.791           -4.4            5.0
     2452589.81           19.7            5.7
    2452603.782            3.6            4.9
    2452605.724           -4.5            4.8
    2452616.772            8.0            5.9
    2452665.604            7.5            4.2
    2452668.611           14.2            5.3
    2452837.972            1.1            5.4
    2452861.963           -4.7            4.1
    2452863.985            7.0            5.2
    2452879.918           -0.8            4.2
    2452880.947           -3.5            5.0
    2452898.911           10.9            4.7
    2452900.928            3.6            4.8
    2452932.839           20.0            4.3
    2452934.804           18.6            4.6
    2452963.753           12.4            5.2
    2452965.809           22.1            5.4
     2453022.63            2.5            5.6
     2453208.01            1.7            3.8
    2453209.978           -6.7            3.7
    2453214.961           -8.9            4.2
    2453231.961            2.1            4.0
    2453233.909           -0.7            3.9
     2453235.96           -6.1            4.2
    2453265.899           16.1            3.8
    2453268.919            1.7            4.0
     2453269.81           -7.8            3.5
    2453286.828            0.1            3.8
    2453324.713           12.7            5.5
    2453354.654           -3.1            3.8
    2453400.642            4.6            7.5
    2453550.983           13.5            4.4
    2453578.964           -7.7            4.6
    2453613.923           -5.3            4.2
    2453654.771          -11.6            4.1
    2453701.724           21.5            4.6
    2453740.745           -4.9            4.7
    2453911.993           -5.1            3.6
    2453917.013            3.9            3.9
    2453934.974           18.8            3.9
    2453968.925            0.9            3.2
    2453981.851            5.9            3.8
    2453985.899           -5.5            4.0
    2454055.755            5.6            3.9
    2454297.975           -4.3            4.1
    2454300.974           22.1            4.0
    2454314.939            4.0            3.6
    2454318.981            0.9            4.2
    2454344.859           -2.2            4.3
    2454348.917           10.8            4.0
    2454391.887           13.5            5.4
    2454394.775           -1.7            4.2
    2454418.777           -0.9            4.5
    2454420.763            0.7            4.2
    2454440.653           -5.3            3.4
    2454443.651           19.3            3.6
    2454481.638            5.1            3.9
    2454503.651           19.7            4.3
    2454645.984           10.6            4.5
    2454646.968           -3.2            4.2
    2454668.009           18.0            3.7
    2454681.904           13.2            3.8
     2454683.97           16.6            3.8
    2454711.893           -0.8            4.1
    2454713.873           -8.4            4.2
    2454715.882            4.0            4.6
    2454716.875            1.5            4.1
    2454753.885            5.6            3.6
     2454755.85            7.3            3.8
    2454777.733            7.1            4.1
    2454806.796          -14.6            5.5
     2454808.77            2.0            4.3
    2454809.763            4.9            6.1
    2455026.973           24.7            5.7
    2455063.965          -10.4            5.0
    2455099.996            0.6            4.9
    2455116.856            4.7            6.8
    2455154.739           -2.8            7.6
    2455174.788           13.9            5.8
    2455364.972            9.8            5.0
    2455419.012            8.1            4.7
    2455446.847           -6.7            3.6
    2455446.856           -7.4            3.1
    2455463.833           -9.6            5.2
    2455466.842            7.1            4.8
    2455569.653           19.8            4.1
    2455571.713            8.3            4.6
    2455572.671            0.5            4.8
    2455621.621           11.6            4.6
    2455757.974           10.5            5.0
    2455803.919           -0.7            4.3
    2455806.936           -5.9            4.3
    2455828.781           19.6            4.2
    2455831.849            9.4            5.1
    2455861.842            8.3            4.2
    2455864.796            8.8            4.4
    2455892.745            5.9            4.9
