    2451745.994            0.7            4.3
    2451778.895           12.7            3.7
    2451808.867           -3.3            3.6
    2451853.766            6.6            4.1
    2451856.801            6.4            4.6
    2451898.637            9.8            8.0
    2451932.609           10.2            3.9
    2452163.861            9.3            4.9
    2452175.851            8.9            4.0
    2452307.598            1.3            4.5
    2452465.989           -1.1            5.3
    2452483.985           11.5            5.0
    2452494.987           -3.7            5.0
    2452517.936            5.3            5.2
     2452528.91            0.4            5.2
     2452530.91           -1.2            4.5
    2452541.904            8.0            4.5
    2452543.883           -1.6            5.0
    2452559.914           10.3            6.4
    2452561.795           17.9            8.4
    2452571.791           -4.8            5.0
     2452589.81           11.8            5.7
    2452603.782           11.1            4.9
    2452605.724           -2.0            4.8
    2452616.772           15.2            5.9
    2452665.604           12.8            4.2
    2452668.611            1.8            5.3
    2452837.972           -3.4            5.4
    2452861.963           14.4            4.1
    2452863.985            4.3            5.2
    2452879.918           -1.4            4.2
    2452880.947            5.5            5.0
    2452898.911            4.0            4.7
    2452900.928           -1.7            4.8
    2452932.839           11.0            4.3
    2452934.804           -1.7            4.6
    2452963.753           -3.4            5.2
    2452965.809           11.5            5.4
     2453022.63           16.4            5.6
     2453208.01           -6.3            3.8
    2453209.978            4.9            3.7
    2453214.961           -2.9            4.2
    2453231.961           12.8            4.0
    2453233.909            7.2            3.9
     2453235.96           -2.6            4.2
    2453265.899            5.9            3.8
    2453268.919            6.6            4.0
     2453269.81           -0.1            3.5
    2453286.828            7.8            3.8
    2453324.713            9.6            5.5
    2453354.654           -4.4            3.8
    2453400.642           14.3            7.5
    2453550.983           -2.2            4.4
    2453578.964           -4.1            4.6
    2453613.923           -4.3            4.2
    2453654.771           -4.1            4.1
    2453701.724            8.9            4.6
    2453740.745            1.5            4.7
    2453911.993            5.8            3.6
    2453917.013           10.5            3.9
    2453934.974           -6.9            3.9
    2453968.925           -4.6            3.2
    2453981.851            6.8            3.8
    2453985.899            5.8            4.0
    2454055.755            5.7            3.9
    2454297.975           -2.3            4.1
    2454300.974           11.1            4.0
    2454314.939           11.2            3.6
    2454318.981           -2.6            4.2
    2454344.859            7.5            4.3
    2454348.917            3.9            4.0
    2454391.887           11.7            5.4
    2454394.775            0.5            4.2
    2454418.777            3.3            4.5
    2454420.763           13.9            4.2
    2454440.653           10.9            3.4
    2454443.651            2.6            3.6
    2454481.638            1.6            3.9
    2454503.651            8.6            4.3
    2454645.984            3.7            4.5
    2454646.968           -3.1            4.2
    2454668.009           -1.8            3.7
    2454681.904           -3.8            3.8
     2454683.97           -0.9            3.8
    2454711.893           -1.4            4.1
    2454713.873           10.3            4.2
    2454715.882            3.4            4.6
    2454716.875           -3.9            4.1
    2454753.885           -1.7            3.6
     2454755.85           12.2            3.8
    2454777.733           13.6            4.1
    2454806.796            5.4            5.5
     2454808.77           -3.7            4.3
    2454809.763            2.7            6.1
    2455026.973            6.9            5.7
    2455063.965           14.7            5.0
    2455099.996            9.2            4.9
    2455116.856            0.7            6.8
    2455154.739           15.6            7.6
    2455174.788           10.9            5.8
    2455364.972           13.7            5.0
    2455419.012            9.0            4.7
    2455446.847            6.7            3.6
    2455446.856            6.3            3.1
    2455463.833            5.4            5.2
    2455466.842            1.8            4.8
    2455569.653           -3.0            4.1
    2455571.713            0.6            4.6
    2455572.671            8.6            4.8
    2455621.621            6.6            4.6
    2455757.974            0.6            5.0
    2455803.919           12.4            4.3
    2455806.936            2.5            4.3
    2455828.781           -4.8            4.2
    2455831.849            9.4            5.1
    2455861.842            8.9            4.2
    2455864.796           -3.8            4.4
    2455892.745           -0.5            4.9
