    2451745.994            4.4            4.3
    2451778.895           10.1            3.7
    2451808.867            5.1            3.6
    2451853.766            4.9            4.1
    2451856.801           -6.1            4.6
    2451898.637            0.7            8.0
    2451932.609           10.0            3.9
    2452163.861           -6.4            4.9
    2452175.851            1.5            4.0
    2452307.598           -0.2            4.5
    2452465.989            6.2            5.3
    2452483.985           -6.8            5.0
    2452494.987           14.7            5.0
    2452517.936            8.3            5.2
     2452528.91           -0.4            5.2
     2452530.91           12.6            4.5
    2452541.904            5.9            4.5
    2452543.883           11.0            5.0
    2452559.914            3.1            6.4
    2452561.795           22.0            8.4
    2452571.791           -7.8            5.0
     2452589.81           -7.4            5.7
    2452603.782            2.7            4.9
    2452605.724            9.8            4.8
    2452616.772           12.6            5.9
    2452665.604            2.6            4.2
    2452668.611           -7.9            5.3
    2452837.972           18.5            5.4
    2452861.963           -0.5            4.1
    2452863.985           11.6            5.2
    2452879.918            1.3            4.2
    2452880.947           10.2            5.0
    2452898.911           -2.4            4.7
    2452900.928           18.1            4.8
    2452932.839            0.1            4.3
    2452934.804           -7.5            4.6
    2452963.753            3.1            5.2
    2452965.809           -5.2            5.4
     2453022.63           10.0            5.6
     2453208.01            2.1            3.8
    2453209.978           -9.3            3.7
    2453214.961            9.0            4.2
    2453231.961           11.7            4.0
    2453233.909           10.3            3.9
     2453235.96           -2.1            4.2
    2453265.899           12.4            3.8
    2453268.919           12.6            4.0
     2453269.81           11.8            3.5
    2453286.828            3.9            3.8
    2453324.713           15.4            5.5
    2453354.654            3.2            3.8
    2453400.642           15.8            7.5
    2453550.983           -4.5            4.4
    2453578.964           -2.4            4.6
    2453613.923           12.6            4.2
    2453654.771           -7.7            4.1
    2453701.724           14.1            4.6
    2453740.745            0.6            4.7
    2453911.993           -4.5            3.6
    2453917.013           11.3            3.9
    2453934.974           10.8            3.9
    2453968.925           -2.7            3.2
    2453981.851           -5.6            3.8
    2453985.899            2.9            4.0
    2454055.755           -1.1            3.9
    2454297.975           18.6            4.1
    2454300.974           -1.7            4.0
    2454314.939            9.7            3.6
    2454318.981           -0.3            4.2
    2454344.859            0.9            4.3
    2454348.917            3.9            4.0
    2454391.887           19.9            5.4
    2454394.775            4.6            4.2
    2454418.777          -10.5            4.5
    2454420.763           13.5            4.2
    2454440.653            5.1            3.4
    2454443.651           -1.3            3.6
    2454481.638            4.3            3.9
    2454503.651            9.8            4.3
    2454645.984          -11.3            4.5
    2454646.968           -2.2            4.2
    2454668.009           10.7            3.7
    2454681.904            1.5            3.8
     2454683.97           -2.8            3.8
    2454711.893            1.1            4.1
    2454713.873           -7.5            4.2
    2454715.882           11.1            4.6
    2454716.875           18.0            4.1
    2454753.885           21.7            3.6
     2454755.85            5.0            3.8
    2454777.733            6.3            4.1
    2454806.796           -2.3            5.5
     2454808.77           -0.8            4.3
    2454809.763           10.4            6.1
    2455026.973           -5.8            5.7
    2455063.965           -7.7            5.0
    2455099.996           18.4            4.9
    2455116.856           19.5            6.8
    2455154.739            8.1            7.6
    2455174.788            6.2            5.8
    2455364.972            0.9            5.0
    2455419.012            9.1            4.7
    2455446.847           -6.0            3.6
    2455446.856           -6.9            3.1
    2455463.833           -5.7            5.2
    2455466.842            8.6            4.8
    2455569.653           -4.1            4.1
    2455571.713            3.1            4.6
    2455572.671            4.8            4.8
    2455621.621           13.6            4.6
    2455757.974            7.2            5.0
    2455803.919           -8.9            4.3
    2455806.936           13.5            4.3
    2455828.781           -1.2            4.2
    2455831.849            9.8            5.1
    2455861.842            8.6            4.2
    2455864.796           -1.4            4.4
    2455892.745           18.4            4.9
