    2451745.994            0.6            4.3
    2451778.895            5.3            3.7
    2451808.867           -2.8            3.6
    2451853.766            8.4            4.1
    2451856.801            8.8            4.6
    2451898.637            7.8            8.0
    2451932.609            6.3            3.9
    2452163.861            2.3            4.9
    2452175.851            1.1            4.0
    2452307.598           -0.9            4.5
    2452465.989           14.1            5.3
    2452483.985            4.3            5.0
    2452494.987           11.0            5.0
    2452517.936            8.4            5.2
     2452528.91            6.1            5.2
     2452530.91            9.7            4.5
    2452541.904            3.8            4.5
    2452543.883           11.3            5.0
    2452559.914           15.2            6.4
    2452561.795            8.8            8.4
    2452571.791           12.7            5.0
     2452589.81            5.3            5.7
    2452603.782            2.1            4.9
    2452605.724            1.8            4.8
    2452616.772            1.9            5.9
    2452665.604           10.4            4.2
    2452668.611            2.9            5.3
    2452837.972            1.0            5.4
    2452861.963           -0.2            4.1
    2452863.985           -0.1            5.2
    2452879.918            3.8            4.2
    2452880.947            7.3            5.0
    2452898.911           11.6            4.7
    2452900.928            5.3            4.8
    2452932.839            2.0            4.3
    2452934.804            7.4            4.6
    2452963.753           10.2            5.2
    2452965.809            6.0            5.4
     2453022.63            1.6            5.6
     2453208.01           10.9            3.8
    2453209.978            8.6            3.7
    2453214.961           -4.2            4.2
    2453231.961            2.9            4.0
    2453233.909           11.1            3.9
     2453235.96           12.9            4.2
    2453265.899            3.3            3.8
    2453268.919           -0.4            4.0
     2453269.81            2.6            3.5
    2453286.828            9.5            3.8
    2453324.713            9.2            5.5
    2453354.654            6.9            3.8
    2453400.642            0.0            7.5
    2453550.983           -1.6            4.4
    2453578.964           -1.2            4.6
    2453613.923            7.5            4.2
    2453654.771            5.5            4.1
    2453701.724            6.3            4.6
    2453740.745            0.6            4.7
    2453911.993           10.9            3.6
    2453917.013           -1.0            3.9
    2453934.974            4.5            3.9
    2453968.925           -3.4            3.2
    2453981.851           -3.4            3.8
    2453985.899           -1.1            4.0
    2454055.755           11.1            3.9
    2454297.975            4.0            4.1
    2454300.974           11.4            4.0
    2454314.939           12.5            3.6
    2454318.981            4.0            4.2
    2454344.859            5.6            4.3
    2454348.917           -2.1            4.0
    2454391.887            7.3            5.4
    2454394.775           10.8            4.2
    2454418.777            8.2            4.5
    2454420.763           12.7            4.2
    2454440.653           -1.3            3.4
    2454443.651            3.9            3.6
    2454481.638            1.0            3.9
    2454503.651            3.8            4.3
    2454645.984           -4.2            4.5
    2454646.968           -4.1            4.2
    2454668.009           12.0            3.7
    2454681.904            7.3            3.8
     2454683.97            4.8            3.8
    2454711.893           -1.0            4.1
    2454713.873            1.2            4.2
    2454715.882            6.5            4.6
    2454716.875            8.6            4.1
    2454753.885           -5.0            3.6
     2454755.85            1.7            3.8
    2454777.733           -0.0            4.1
    2454806.796            1.9            5.5
     2454808.77            5.7            4.3
    2454809.763            9.9            6.1
    2455026.973            3.2            5.7
    2455063.965           -2.3            5.0
    2455099.996           13.1            4.9
    2455116.856            2.5            6.8
    2455154.739            0.3            7.6
    2455174.788           10.4            5.8
    2455364.972            4.8            5.0
    2455419.012            2.0            4.7
    2455446.847            6.8            3.6
    2455446.856            6.1            3.1
    2455463.833            5.8            5.2
    2455466.842            0.6            4.8
    2455569.653            3.2            4.1
    2455571.713            0.8            4.6
    2455572.671           -1.6            4.8
    2455621.621           11.8            4.6
    2455757.974            8.1            5.0
    2455803.919            1.8            4.3
    2455806.936           -0.0            4.3
    2455828.781            1.9            4.2
    2455831.849           -3.3            5.1
    2455861.842           -1.5            4.2
    2455864.796            9.0            4.4
    2455892.745            8.5            4.9
