    2451745.994           -0.7            4.3
    2451778.895           -0.4            3.7
    2451808.867            7.3            3.6
    2451853.766            2.9            4.1
    2451856.801           -4.7            4.6
    2451898.637            8.5            8.0
    2451932.609            9.6            3.9
    2452163.861            1.1            4.9
    2452175.851            4.2            4.0
    2452307.598           -0.4            4.5
    2452465.989            0.8            5.3
    2452483.985           12.5            5.0
    2452494.987            5.7            5.0
    2452517.936           12.2            5.2
     2452528.91           11.1            5.2
     2452530.91           12.0            4.5
    2452541.904            1.2            4.5
    2452543.883            7.2            5.0
    2452559.914            7.2            6.4
    2452561.795           13.3            8.4
    2452571.791            1.7            5.0
     2452589.81           14.4            5.7
    2452603.782            6.3            4.9
    2452605.724           -3.4            4.8
    2452616.772            7.7            5.9
    2452665.604            3.1            4.2
    2452668.611            9.6            5.3
    2452837.972            3.5            5.4
    2452861.963           11.0            4.1
    2452863.985            6.2            5.2
    2452879.918            1.8            4.2
    2452880.947            6.4            5.0
    2452898.911            5.7            4.7
    2452900.928           15.1            4.8
    2452932.839            7.8            4.3
    2452934.804           15.4            4.6
    2452963.753            2.1            5.2
    2452965.809            5.4            5.4
     2453022.63           -0.8            5.6
     2453208.01            6.7            3.8
    2453209.978            1.5            3.7
    2453214.961            6.9            4.2
    2453231.961            1.3            4.0
    2453233.909            3.6            3.9
     2453235.96           -2.8            4.2
    2453265.899            5.2            3.8
    2453268.919           -2.0            4.0
     2453269.81           -2.7            3.5
    2453286.828           12.3            3.8
    2453324.713            8.0            5.5
    2453354.654            3.7            3.8
    2453400.642            0.7            7.5
    2453550.983           10.2            4.4
    2453578.964            2.4            4.6
    2453613.923           -3.5            4.2
    2453654.771            4.2            4.1
    2453701.724            4.4            4.6
    2453740.745           -3.9            4.7
    2453911.993           -3.0            3.6
    2453917.013            1.3            3.9
    2453934.974           10.6            3.9
    2453968.925           11.8            3.2
    2453981.851            5.1            3.8
    2453985.899           -6.3            4.0
    2454055.755            5.1            3.9
    2454297.975           -5.6            4.1
    2454300.974            3.8            4.0
    2454314.939            9.3            3.6
    2454318.981            6.8            4.2
    2454344.859            4.7            4.3
    2454348.917            6.2            4.0
    2454391.887            7.3            5.4
    2454394.775            3.9            4.2
    2454418.777           13.6            4.5
    2454420.763           13.5            4.2
    2454440.653            5.6            3.4
    2454443.651            0.5            3.6
    2454481.638            4.2            3.9
    2454503.651           -5.6            4.3
    2454645.984            5.8            4.5
    2454646.968            2.0            4.2
    2454668.009           -2.2            3.7
    2454681.904           -4.8            3.8
     2454683.97            4.5            3.8
    2454711.893            2.7            4.1
    2454713.873           -4.2            4.2
    2454715.882           -2.6            4.6
    2454716.875            2.3            4.1
    2454753.885            0.6            3.6
     2454755.85            4.0            3.8
    2454777.733            5.7            4.1
    2454806.796            2.2            5.5
     2454808.77           -0.1            4.3
    2454809.763            5.7            6.1
    2455026.973           -0.2            5.7
    2455063.965            7.2            5.0
    2455099.996            1.2            4.9
    2455116.856            8.2            6.8
    2455154.739            7.5            7.6
    2455174.788           15.8            5.8
    2455364.972           -3.1            5.0
    2455419.012            6.9            4.7
    2455446.847           10.0            3.6
    2455446.856            9.5            3.1
    2455463.833           -5.0            5.2
    2455466.842            2.8            4.8
    2455569.653           -3.7            4.1
    2455571.713            0.5            4.6
    2455572.671            5.0            4.8
    2455621.621            7.9            4.6
    2455757.974           13.1            5.0
    2455803.919            3.1            4.3
    2455806.936            1.6            4.3
    2455828.781            2.4            4.2
    2455831.849           12.8            5.1
    2455861.842            2.7            4.2
    2455864.796           13.0            4.4
    2455892.745           11.2            4.9
