    2451745.994            2.0            4.3
    2451778.895           -0.3            3.7
    2451808.867            1.6            3.6
    2451853.766            4.5            4.1
    2451856.801            0.7            4.6
    2451898.637           11.9            8.0
    2451932.609            7.6            3.9
    2452163.861            1.1            4.9
    2452175.851            6.9            4.0
    2452307.598            1.0            4.5
    2452465.989            4.6            5.3
    2452483.985            8.6            5.0
    2452494.987            7.9            5.0
    2452517.936            4.5            5.2
     2452528.91            4.3            5.2
     2452530.91            5.2            4.5
    2452541.904            5.4            4.5
    2452543.883            4.0            5.0
    2452559.914            3.3            6.4
    2452561.795           10.3            8.4
    2452571.791            7.4            5.0
     2452589.81            4.9            5.7
    2452603.782            0.3            4.9
    2452605.724            8.9            4.8
    2452616.772           10.8            5.9
    2452665.604            4.7            4.2
    2452668.611            8.9            5.3
    2452837.972            5.9            5.4
    2452861.963            3.2            4.1
    2452863.985            6.6            5.2
    2452879.918            7.5            4.2
    2452880.947            1.9            5.0
    2452898.911            3.9            4.7
    2452900.928            5.6            4.8
    2452932.839           -0.1            4.3
    2452934.804            8.1            4.6
    2452963.753            5.9            5.2
    2452965.809            2.6            5.4
     2453022.63            4.9            5.6
     2453208.01            4.5            3.8
    2453209.978            1.0            3.7
    2453214.961            2.4            4.2
    2453231.961            3.3            4.0
    2453233.909            5.0            3.9
     2453235.96            1.1            4.2
    2453265.899           -0.2            3.8
    2453268.919            3.3            4.0
     2453269.81           -1.2            3.5
    2453286.828            7.6            3.8
    2453324.713            3.8            5.5
    2453354.654            0.4            3.8
    2453400.642           10.4            7.5
    2453550.983           -0.1            4.4
    2453578.964            7.9            4.6
    2453613.923           -0.7            4.2
    2453654.771            0.1            4.1
    2453701.724            5.3            4.6
    2453740.745            5.4            4.7
    2453911.993            7.0            3.6
    2453917.013           -0.5            3.9
    2453934.974            3.8            3.9
    2453968.925           -0.2            3.2
    2453981.851            7.2            3.8
    2453985.899            7.4            4.0
    2454055.755            7.1            3.9
    2454297.975            1.0            4.1
    2454300.974            5.8            4.0
    2454314.939            7.6            3.6
    2454318.981            7.5            4.2
    2454344.859            8.6            4.3
    2454348.917            6.2            4.0
    2454391.887            5.3            5.4
    2454394.775           -0.2            4.2
    2454418.777            8.2            4.5
    2454420.763           -0.2            4.2
    2454440.653            8.1            3.4
    2454443.651            4.4            3.6
    2454481.638            8.2            3.9
    2454503.651            8.9            4.3
    2454645.984            1.1            4.5
    2454646.968            3.7            4.2
    2454668.009            0.3            3.7
    2454681.904            6.7            3.8
     2454683.97            2.9            3.8
    2454711.893            4.6            4.1
    2454713.873            5.9            4.2
    2454715.882            2.8            4.6
    2454716.875            1.0            4.1
    2454753.885            0.2            3.6
     2454755.85            6.2            3.8
    2454777.733            8.8            4.1
    2454806.796            9.4            5.5
     2454808.77            0.9            4.3
    2454809.763            5.6            6.1
    2455026.973            1.7            5.7
    2455063.965            0.8            5.0
    2455099.996            6.7            4.9
    2455116.856            6.3            6.8
    2455154.739           12.0            7.6
    2455174.788            2.9            5.8
    2455364.972            5.0            5.0
    2455419.012            2.4            4.7
    2455446.847            7.0            3.6
    2455446.856            6.6            3.1
    2455463.833            0.9            5.2
    2455466.842            3.1            4.8
    2455569.653            7.2            4.1
    2455571.713            1.3            4.6
    2455572.671            7.5            4.8
    2455621.621            8.1            4.6
    2455757.974            9.9            5.0
    2455803.919            0.5            4.3
    2455806.936            4.6            4.3
    2455828.781            7.9            4.2
    2455831.849            9.5            5.1
    2455861.842            8.8            4.2
    2455864.796            7.4            4.4
    2455892.745            2.0            4.9
