    2451745.994           -0.5            4.3
    2451778.895           23.9            3.7
    2451808.867            8.8            3.6
    2451853.766           20.6            4.1
    2451856.801          -14.3            4.6
    2451898.637           -9.1            8.0
    2451932.609            9.6            3.9
    2452163.861           -3.5            4.9
    2452175.851           -1.4            4.0
    2452307.598          -22.9            4.5
    2452465.989            9.0            5.3
    2452483.985           -4.8            5.0
    2452494.987           22.9            5.0
    2452517.936           25.9            5.2
     2452528.91            8.9            5.2
     2452530.91            7.6            4.5
    2452541.904           19.3            4.5
    2452543.883          -15.4            5.0
    2452559.914           19.4            6.4
    2452561.795          -13.9            8.4
    2452571.791          -14.0            5.0
     2452589.81           -6.7            5.7
    2452603.782           -5.2            4.9
    2452605.724           14.4            4.8
    2452616.772           12.9            5.9
    2452665.604          -24.5            4.2
    2452668.611            6.0            5.3
    2452837.972           11.9            5.4
    2452861.963           29.8            4.1
    2452863.985          -19.7            5.2
    2452879.918           17.7            4.2
    2452880.947           29.4            5.0
    2452898.911           18.5            4.7
    2452900.928           -7.5            4.8
    2452932.839            6.8            4.3
    2452934.804          -13.7            4.6
    2452963.753           19.8            5.2
    2452965.809           10.9            5.4
     2453022.63          -23.2            5.6
     2453208.01          -18.2            3.8
    2453209.978           24.0            3.7
    2453214.961           28.8            4.2
    2453231.961           -3.9            4.0
    2453233.909           28.8            3.9
     2453235.96          -18.3            4.2
    2453265.899           24.2            3.8
    2453268.919          -12.2            4.0
     2453269.81           17.3            3.5
    2453286.828          -13.5            3.8
    2453324.713          -10.4            5.5
    2453354.654           19.9            3.8
    2453400.642           23.2            7.5
    2453550.983           -8.7            4.4
    2453578.964           -7.3            4.6
    2453613.923           22.5            4.2
    2453654.771            6.0            4.1
    2453701.724           15.7            4.6
    2453740.745           24.2            4.7
    2453911.993            7.1            3.6
    2453917.013           12.0            3.9
    2453934.974           21.5            3.9
    2453968.925           -9.6            3.2
    2453981.851            5.1            3.8
    2453985.899           31.7            4.0
    2454055.755           20.1            3.9
    2454297.975          -10.6            4.1
    2454300.974           31.2            4.0
    2454314.939           29.9            3.6
    2454318.981           -3.0            4.2
    2454344.859          -17.9            4.3
    2454348.917           17.8            4.0
    2454391.887           -5.1            5.4
    2454394.775           16.0            4.2
    2454418.777           20.9            4.5
    2454420.763          -15.0            4.2
    2454440.653           26.2            3.4
    2454443.651          -19.7            3.6
    2454481.638           -2.2            3.9
    2454503.651           -8.9            4.3
    2454645.984           11.2            4.5
    2454646.968          -12.1            4.2
    2454668.009           32.8            3.7
    2454681.904           23.6            3.8
     2454683.97          -20.8            3.8
    2454711.893          -15.7            4.1
    2454713.873           20.3            4.2
    2454715.882           18.0            4.6
    2454716.875          -12.3            4.1
    2454753.885          -14.5            3.6
     2454755.85            5.0            3.8
    2454777.733          -14.0            4.1
    2454806.796          -16.5            5.5
     2454808.77           16.1            4.3
    2454809.763           -2.5            6.1
    2455026.973            0.8            5.7
    2455063.965           16.6            5.0
    2455099.996           11.1            4.9
    2455116.856          -21.7            6.8
    2455154.739            1.0            7.6
    2455174.788           25.9            5.8
    2455364.972           17.2            5.0
    2455419.012           -6.2            4.7
    2455446.847           -6.6            3.6
    2455446.856           -8.0            3.1
    2455463.833           -1.0            5.2
    2455466.842           34.2            4.8
    2455569.653           33.6            4.1
    2455571.713          -12.2            4.6
    2455572.671          -21.8            4.8
    2455621.621           17.3            4.6
    2455757.974           -4.0            5.0
    2455803.919          -11.9            4.3
    2455806.936           16.3            4.3
    2455828.781           24.0            4.2
    2455831.849           -7.6            5.1
    2455861.842           16.8            4.2
    2455864.796          -11.2            4.4
    2455892.745          -12.9            4.9
