    2451745.994            0.6            4.3
    2451778.895            6.5            3.7
    2451808.867            1.3            3.6
    2451853.766           12.4            4.1
    2451856.801            3.7            4.6
    2451898.637            2.4            8.0
    2451932.609            4.5            3.9
    2452163.861          -13.3            4.9
    2452175.851           -6.4            4.0
    2452307.598            5.8            4.5
    2452465.989            7.2            5.3
    2452483.985           18.4            5.0
    2452494.987           -2.7            5.0
    2452517.936           17.2            5.2
     2452528.91           -3.0            5.2
     2452530.91            7.0            4.5
    2452541.904           -0.9            4.5
    2452543.883            6.8            5.0
    2452559.914           -0.5            6.4
    2452561.795           19.4            8.4
    2452571.791           -0.1            5.0
     2452589.81            6.4            5.7
    2452603.782            9.4            4.9
    2452605.724            4.2            4.8
    2452616.772            2.8            5.9
    2452665.604            0.0            4.2
    2452668.611           12.4            5.3
    2452837.972          -10.7            5.4
    2452861.963           20.9            4.1
    2452863.985            4.6            5.2
    2452879.918            1.3            4.2
    2452880.947           24.6            5.0
    2452898.911           -0.1            4.7
    2452900.928            5.7            4.8
    2452932.839           16.5            4.3
    2452934.804           -0.2            4.6
    2452963.753           -4.5            5.2
    2452965.809            4.6            5.4
     2453022.63            4.1            5.6
     2453208.01           -3.5            3.8
    2453209.978           -2.5            3.7
    2453214.961           -0.2            4.2
    2453231.961           17.1            4.0
    2453233.909            4.4            3.9
     2453235.96           10.8            4.2
    2453265.899           -7.2            3.8
    2453268.919            7.7            4.0
     2453269.81           14.5            3.5
    2453286.828           -7.9            3.8
    2453324.713           -4.8            5.5
    2453354.654            6.1            3.8
    2453400.642            7.1            7.5
    2453550.983           11.9            4.4
    2453578.964          -10.7            4.6
    2453613.923           21.6            4.2
    2453654.771           -6.2            4.1
    2453701.724            1.6            4.6
    2453740.745          -15.2            4.7
    2453911.993           17.5            3.6
    2453917.013          -10.8            3.9
    2453934.974            5.0            3.9
    2453968.925            5.6            3.2
    2453981.851           -3.3            3.8
    2453985.899            5.9            4.0
    2454055.755            6.2            3.9
    2454297.975           -0.0            4.1
    2454300.974            6.4            4.0
    2454314.939           22.0            3.6
    2454318.981            0.9            4.2
    2454344.859           -1.3            4.3
    2454348.917           14.4            4.0
    2454391.887            0.0            5.4
    2454394.775           11.8            4.2
    2454418.777            9.3            4.5
    2454420.763            0.6            4.2
    2454440.653           -0.3            3.4
    2454443.651           11.6            3.6
    2454481.638           -4.0            3.9
    2454503.651           13.8            4.3
    2454645.984            3.3            4.5
    2454646.968           18.9            4.2
    2454668.009            8.9            3.7
    2454681.904          -13.4            3.8
     2454683.97            0.0            3.8
    2454711.893           21.3            4.1
    2454713.873            2.5            4.2
    2454715.882            8.5            4.6
    2454716.875           10.4            4.1
    2454753.885            4.5            3.6
     2454755.85           18.2            3.8
    2454777.733            0.0            4.1
    2454806.796           12.6            5.5
     2454808.77           22.3            4.3
    2454809.763           -0.7            6.1
    2455026.973            7.7            5.7
    2455063.965           -9.7            5.0
    2455099.996           15.1            4.9
    2455116.856           -4.6            6.8
    2455154.739            2.3            7.6
    2455174.788           -8.9            5.8
    2455364.972           14.4            5.0
    2455419.012            5.2            4.7
    2455446.847            5.5            3.6
    2455446.856            5.1            3.1
    2455463.833           22.1            5.2
    2455466.842          -14.9            4.8
    2455569.653           -3.6            4.1
    2455571.713           -7.4            4.6
    2455572.671           10.0            4.8
    2455621.621           10.6            4.6
    2455757.974           10.6            5.0
    2455803.919            4.3            4.3
    2455806.936            2.6            4.3
    2455828.781            8.5            4.2
    2455831.849            4.2            5.1
    2455861.842          -10.4            4.2
    2455864.796           12.7            4.4
    2455892.745           14.2            4.9
